0	0.000000
1	0.000000
2	0.000000
3	0.000000
4	0.000000
5	0.000000
6	0.000000
7	0.000000
8	0.000000
9	0.000000
10	0.000000
11	0.000000
12	0.000000
13	0.000000
14	0.000000
15	0.000000
16	0.000000
17	0.000000
18	0.000000
19	0.000000
20	0.000000
21	0.000000
22	0.000000
23	0.000000
24	0.000000
25	0.000000
26	0.000000
27	0.000000
28	0.000000
29	0.000000
30	0.000000
31	0.000000
32	0.000000
33	0.000000
34	0.000000
35	0.000000
36	0.000000
37	0.000000
38	0.000000
39	0.000000
40	0.000000
41	0.000000
42	0.000000
43	0.000000
44	0.000000
45	0.000000
46	0.000000
47	0.000000
48	0.000000
49	0.000000
50	0.000000
51	0.000000
52	0.000000
53	0.000000
54	0.000000
55	0.000000
56	0.000000
57	0.000000
58	0.000000
59	0.000000
60	0.000000
61	0.000000
62	0.000000
63	0.000000
64	0.000000
65	0.000000
66	0.000000
67	0.000000
68	0.000000
69	0.000000
70	0.000000
71	0.000000
72	0.000000
73	0.000000
74	0.000000
75	0.000000
76	0.000000
77	0.000000
78	0.000000
79	0.000000
80	0.000000
81	0.000000
82	0.000000
83	0.000000
84	0.000000
85	0.000000
86	0.000000
87	0.000000
88	0.000000
89	0.000000
90	0.000000
91	0.000000
92	0.000000
93	0.000000
94	0.000000
95	0.000000
96	0.000000
97	0.000000
98	0.000000
99	0.000000
100	0.000000
101	0.000000
102	0.000000
103	0.000000
104	0.000000
105	0.000000
106	0.000000
107	0.000000
108	0.000000
109	0.000000
110	0.000000
111	0.000000
112	0.000000
113	0.000000
114	0.000000
115	0.000000
116	0.000000
117	0.000000
118	0.000000
119	0.000000
120	0.000000
121	0.000000
122	0.000000
123	0.000000
124	0.000000
125	0.000000
126	0.000000
127	0.000000
128	0.000000
129	0.000000
130	0.000000
131	0.000000
132	0.000000
133	0.000000
134	0.000000
135	0.000000
136	0.000000
137	0.000000
138	0.000000
139	0.000000
140	0.000000
141	0.000000
142	0.000000
143	0.000000
144	0.000000
145	0.000000
146	0.000000
147	0.000000
148	0.000000
149	0.000000
150	0.000000
151	0.000000
152	0.000000
153	0.000000
154	0.000000
155	0.000000
156	0.000000
157	0.000000
158	0.000000
159	0.000000
160	0.000000
161	0.000000
162	0.000000
163	0.000000
164	0.000000
165	0.000000
166	0.000000
167	0.000000
168	0.000000
169	0.000000
170	0.000000
171	0.000000
172	0.000000
173	0.000000
174	0.000000
175	0.000000
176	0.000000
177	0.000000
178	0.000000
179	0.000000
180	0.000000
181	0.000000
182	0.000000
183	0.000000
184	0.000000
185	0.000000
186	0.000000
187	0.000000
188	0.000000
189	0.000000
190	0.000000
191	0.000000
192	0.000000
193	0.000000
194	0.000000
195	0.000000
196	0.000000
197	0.000000
198	0.000000
199	0.000000
200	0.000000
201	0.000000
202	0.000000
203	0.000000
204	0.000000
205	0.000000
206	0.000000
207	0.000000
208	0.000000
209	0.000000
210	0.000000
211	0.000000
212	0.000000
213	0.000000
214	0.000000
215	0.000000
216	0.000000
217	0.000000
218	0.000000
219	0.000000
220	0.000000
221	0.000000
222	0.000000
223	0.000000
224	0.000000
225	0.000000
226	0.000000
227	0.000000
228	0.000000
229	0.000000
230	0.000000
231	0.000000
232	0.000000
233	0.000000
234	0.000000
235	0.000000
236	0.000000
237	0.000000
238	0.000000
239	0.000000
240	0.000000
241	0.000000
242	0.000000
243	0.000000
244	0.000000
245	0.000000
246	0.000000
247	0.000000
248	0.000000
249	0.000000
250	0.000000
251	0.000000
252	0.000000
253	0.000000
254	0.000000
255	0.000000
256	0.000000
257	0.000000
258	0.000000
259	0.000000
260	0.000000
261	0.000000
262	0.000000
263	0.000000
264	0.000000
265	0.000000
266	0.000000
267	0.000000
268	0.000000
269	0.000000
270	0.000000
271	0.000000
272	0.000000
273	0.000000
274	0.000000
275	0.000000
276	0.000000
277	0.000000
278	0.000000
279	0.000000
280	0.000000
281	0.000000
282	0.000000
283	0.000000
284	0.000000
285	0.000000
286	0.000000
287	0.000000
288	0.000000
289	0.000000
290	0.000000
291	0.000000
292	0.000000
293	0.000000
294	0.000000
295	0.000000
296	0.000000
297	0.000000
298	0.000000
299	0.000000
300	0.000000
301	0.000000
302	0.000000
303	0.000000
304	0.000000
305	0.000000
306	0.000000
307	0.000000
308	0.000000
309	0.000000
310	0.000000
311	0.000000
312	0.000000
313	0.000000
314	0.000000
315	0.000000
316	0.000000
317	0.000000
318	0.000000
319	0.000000
320	0.000000
321	0.000000
322	0.000000
323	0.000000
324	0.000000
325	0.000000
326	0.000000
327	0.000000
328	0.000000
329	0.000000
330	0.000000
331	0.000000
332	0.000000
333	0.000000
334	0.000000
335	0.000000
336	0.000000
337	0.000000
338	0.000000
339	0.000000
340	0.000000
341	0.000000
342	0.000000
343	0.000000
344	0.000000
345	0.000000
346	0.000000
347	0.000000
348	0.000000
349	0.000000
350	0.000000
351	0.000000
352	0.000000
353	0.000000
354	0.000000
355	0.000000
356	0.000000
357	0.000000
358	0.000000
359	0.000000
360	0.000000
361	0.000000
362	0.000000
363	0.000000
364	0.000000
365	0.000000
366	0.000000
367	0.000000
368	0.000000
369	0.000000
370	0.000000
371	0.000000
372	0.000000
373	0.000000
374	0.000000
375	0.000000
376	0.000000
377	0.000000
378	0.000000
379	0.000000
380	0.000000
381	0.000000
382	0.000000
383	0.000000
384	0.000000
385	0.000000
386	0.000000
387	0.000000
388	0.000000
389	0.000000
390	0.000000
391	0.000000
392	0.000000
393	0.000000
394	0.000000
395	0.000000
396	0.000000
397	0.000000
398	0.000000
399	0.000000
400	0.000000
401	0.000000
402	0.000000
403	0.000000
404	0.000000
405	0.000000
406	0.000000
407	0.000000
408	0.000000
409	0.000000
410	0.000000
411	0.000000
412	0.000000
413	0.000000
414	0.000000
415	0.000000
416	0.000000
417	0.000000
418	0.000000
419	0.000000
420	0.000000
421	0.000000
422	0.000000
423	0.000000
424	0.000000
425	0.000000
426	0.000000
427	0.000000
428	0.000000
429	0.000000
430	0.000000
431	0.000000
432	0.000000
433	0.000000
434	0.000000
435	0.000000
436	0.000000
437	0.000000
438	0.000000
439	0.000000
440	0.000000
441	0.000000
442	0.000000
443	0.000000
444	0.000000
445	0.000000
446	0.000000
447	0.000000
448	0.000000
449	0.000000
450	0.000000
451	0.000000
452	0.000000
453	0.000000
454	0.000000
455	0.000000
456	0.000000
457	0.000000
458	0.000000
459	0.000000
460	0.000000
461	0.000000
462	0.000000
463	0.000000
464	0.000000
465	0.000000
466	0.000000
467	0.000000
468	0.000000
469	0.000000
470	0.000000
471	0.000000
472	0.000000
473	0.000000
474	0.000000
475	0.000000
476	0.000000
477	0.000000
478	0.000000
479	0.000000
480	0.000000
481	0.000000
482	0.000000
483	0.000000
484	0.000000
485	0.000000
486	0.000000
487	0.000000
488	0.000000
489	0.000000
490	0.000000
491	0.000000
492	0.000000
493	0.000000
494	0.000000
495	0.000000
496	0.000000
497	0.000000
498	0.000000
499	0.000000
500	0.000000
501	0.000000
502	0.000000
503	0.000000
504	0.000000
505	0.000000
506	0.000000
507	0.000000
508	0.000000
509	0.000000
510	0.000000
511	0.000000
512	0.000000
513	0.000000
514	0.000000
515	0.000000
516	0.000000
517	0.000000
518	0.000000
519	0.000000
520	0.000000
521	0.000000
522	0.000000
523	0.000000
524	0.000000
525	0.000000
526	0.000000
527	0.000000
528	0.000000
529	0.000000
530	0.000000
531	0.000000
532	0.000000
533	0.000000
534	0.000000
535	0.000000
536	0.000000
537	0.000000
538	0.000000
539	0.000000
540	0.000000
541	0.000000
542	0.000000
543	0.000000
544	0.000000
545	0.000000
546	0.000000
547	0.000000
548	0.000000
549	0.000000
550	0.000000
551	0.000000
552	0.000000
553	0.000000
554	0.000000
555	0.000000
556	0.000000
557	0.000000
558	0.000000
559	0.000000
560	0.000000
561	0.000000
562	0.000000
563	0.000000
564	0.000000
565	0.000000
566	0.000000
567	0.000000
568	0.000000
569	0.000000
570	0.000000
571	0.000000
572	0.000000
573	0.000000
574	0.000000
575	0.000000
576	0.000000
577	0.000000
578	0.000000
579	0.000000
580	0.000000
581	0.000000
582	0.000000
583	0.000000
584	0.000000
585	0.000000
586	0.000000
587	0.000000
588	0.000000
589	0.000000
590	0.000000
591	0.000000
592	0.000000
593	0.000000
594	0.000000
595	0.000000
596	0.000000
597	0.000000
598	0.000000
599	0.000000
600	0.000000
601	0.000000
602	0.000000
603	0.000000
604	0.000000
605	0.000000
606	0.000000
607	0.000000
608	0.000000
609	0.000000
610	0.000000
611	0.000000
612	0.000000
613	0.000000
614	0.000000
615	0.000000
616	0.000000
617	0.000000
618	0.000000
619	0.000000
620	0.000000
621	0.000000
622	0.000000
623	0.000000
624	0.000000
625	0.000000
626	0.000000
627	0.000000
628	0.000000
629	0.000000
630	0.000000
631	0.000000
632	0.000000
633	0.000000
634	0.000000
635	0.000000
636	0.000000
637	0.000000
638	0.000000
639	0.000000
640	0.000000
641	0.000000
642	0.000000
643	0.000000
644	0.000000
645	0.000000
646	0.000000
647	0.000000
648	0.000000
649	0.000000
650	0.000000
651	0.000000
652	0.000000
653	0.000000
654	0.000000
655	0.000000
656	0.000000
657	0.000000
658	0.000000
659	0.000000
660	0.000000
661	0.000000
662	0.000000
663	0.000000
664	0.000000
665	0.000000
666	0.000000
667	0.000000
668	0.000000
669	0.000000
670	0.000000
671	0.000000
672	0.000000
673	0.000000
674	0.000000
675	0.000000
676	0.000000
677	0.000000
678	0.000000
679	0.000000
680	0.000000
681	0.000000
682	0.000000
683	0.000000
684	0.000000
685	0.000000
686	0.000000
687	0.000000
688	0.000000
689	0.000000
690	0.000000
691	0.000000
692	0.000000
693	0.000000
694	0.000000
695	0.000000
696	0.000000
697	0.000000
698	0.000000
699	0.000000
700	0.000000
701	0.000000
702	0.000000
703	0.000000
704	0.000000
705	0.000000
706	0.000000
707	0.000000
708	0.000000
709	0.000000
710	0.000000
711	0.000000
712	0.000000
713	0.000000
714	0.000000
715	0.000000
716	0.000000
717	0.000000
718	0.000000
719	0.000000
720	0.000000
721	0.000000
722	0.000000
723	0.000000
724	0.000000
725	0.000000
726	0.000000
727	0.000000
728	0.000000
729	0.000000
730	0.000000
731	0.000000
732	0.000000
733	0.000000
734	0.000000
735	0.000000
736	0.000000
737	0.000000
738	0.000000
739	0.000000
740	0.000000
741	0.000000
742	0.000000
743	0.000000
744	0.000000
745	0.000000
746	0.000000
747	0.000000
748	0.000000
749	0.000000
750	0.000000
751	0.000000
752	0.000000
753	0.000000
754	0.000000
755	0.000000
756	0.000000
757	0.000000
758	0.000000
759	0.000000
760	0.000000
761	0.000000
762	0.000000
763	0.000000
764	0.000000
765	0.000000
766	0.000000
767	0.000000
768	0.000000
769	0.000000
770	0.000000
771	0.000000
772	0.000000
773	0.000000
774	0.000000
775	0.000000
776	0.000000
777	0.000000
778	0.000000
779	0.000000
780	0.000000
781	0.000000
782	0.000000
783	0.000000
784	0.000000
785	0.000000
786	0.000000
787	0.000000
788	0.000000
789	0.000000
790	0.000000
791	0.000000
792	0.000000
793	0.000000
794	0.000000
795	0.000000
796	0.000000
797	0.000000
798	0.000000
799	0.000000
800	0.000000
801	0.000000
802	0.000000
803	0.000000
804	0.000000
805	0.000000
806	0.000000
807	0.000000
808	0.000000
809	0.000000
810	0.000000
811	0.000000
812	0.000000
813	0.000000
814	0.000000
815	0.000000
816	0.000000
817	0.000000
818	0.000000
819	0.000000
820	0.000000
821	0.000000
822	0.000000
823	0.000000
824	0.000000
825	0.000000
826	0.000000
827	0.000000
828	0.000000
829	0.000000
830	0.000000
831	0.000000
832	0.000000
833	0.000000
834	0.000000
835	0.000000
836	0.000000
837	0.000000
838	0.000000
839	0.000000
840	0.000000
841	0.000000
842	0.000000
843	0.000000
844	0.000000
845	0.000000
846	0.000000
847	0.000000
848	0.000000
849	0.000000
850	0.000000
851	0.000000
852	0.000000
853	0.000000
854	0.000000
855	0.000000
856	0.000000
857	0.000000
858	0.000000
859	0.000000
860	0.000000
861	0.000000
862	0.000000
863	0.000000
864	0.000000
865	0.000000
866	0.000000
867	0.000000
868	0.000000
869	0.000000
870	0.000000
871	0.000000
872	0.000000
873	0.000000
874	0.000000
875	0.000000
876	0.000000
877	0.000000
878	0.000000
879	0.000000
880	0.000000
881	0.000000
882	0.000000
883	0.000000
884	0.000000
885	0.000000
886	0.000000
887	0.000000
888	0.000000
889	0.000000
890	0.000000
891	0.000000
892	0.000000
893	0.000000
894	0.000000
895	0.000000
896	0.000000
897	0.000000
898	0.000000
899	0.000000
900	0.000000
901	0.000000
902	0.000000
903	0.000000
904	0.000000
905	0.000000
906	0.000000
907	0.000000
908	0.000000
909	0.000000
910	0.000000
911	0.000000
912	0.000000
913	0.000000
914	0.000000
915	0.000000
916	0.000000
917	0.000000
918	0.000000
919	0.000000
920	0.000000
921	0.000000
922	0.000000
923	0.000000
924	0.000000
925	0.000000
926	0.000000
927	0.000000
928	0.000000
929	0.000000
930	0.000000
931	0.000000
932	0.000000
933	0.000000
934	0.000000
935	0.000000
936	0.000000
937	0.000000
938	0.000000
939	0.000000
940	0.000000
941	0.000000
942	0.000000
943	0.000000
944	0.000000
945	0.000000
946	0.000000
947	0.000000
948	0.000000
949	0.000000
950	0.000000
951	0.000000
952	0.000000
953	0.000000
954	0.000000
955	0.000000
956	0.000000
957	0.000000
958	0.000000
959	0.000000
960	0.000000
961	0.000000
962	0.000000
963	0.000000
964	0.000000
965	0.000000
966	0.000000
967	0.000000
968	0.000000
969	0.000000
970	0.000000
971	0.000000
972	0.000000
973	0.000000
974	0.000000
975	0.000000
976	0.000000
977	0.000000
978	0.000000
979	0.000000
980	0.000000
981	0.000000
982	0.000000
983	0.000000
984	0.000000
985	0.000000
986	0.000000
987	0.000000
988	0.000000
989	0.000000
990	0.000000
991	0.000000
992	0.000000
993	0.000000
994	0.000000
995	0.000000
996	0.000000
997	0.000000
998	0.000000
999	0.000000
1000	0.000000
1001	0.000000
1002	0.000000
1003	0.000000
1004	0.000000
1005	0.000000
1006	0.000000
1007	0.000000
1008	0.000000
1009	0.000000
1010	0.000000
1011	0.000000
1012	0.000000
1013	0.000000
1014	0.000000
1015	0.000000
1016	0.000000
1017	0.000000
1018	0.000000
1019	0.000000
1020	0.000000
1021	0.000000
1022	0.000000
1023	0.000000
1024	0.000000
1025	0.000000
1026	0.000000
1027	0.000000
1028	0.000000
1029	0.000000
1030	0.000000
1031	0.000000
1032	0.000001
1033	0.000001
1034	0.000001
1035	0.000002
1036	0.000003
1037	0.000005
1038	0.000008
1039	0.000012
1040	0.000019
1041	0.000029
1042	0.000044
1043	0.000068
1044	0.000105
1045	0.000162
1046	0.000249
1047	0.000384
1048	0.000593
1049	0.000913
1050	0.001406
1051	0.002165
1052	0.003329
1053	0.005113
1054	0.007837
1055	0.011973
1056	0.018205
1057	0.027485
1058	0.041068
1059	0.060449
1060	0.087137
1061	0.122151
1062	0.165318
1063	0.214681
1064	0.266574
1065	0.316594
1066	0.360997
1067	0.397664
1068	0.426197
1069	0.447398
1070	0.462620
1071	0.473278
1072	0.480609
1073	0.485585
1074	0.488928
1075	0.491156
1076	0.492629
1077	0.493592
1078	0.494213
1079	0.494606
1080	0.494846
1081	0.494984
1082	0.495054
1083	0.495078
1084	0.495072
1085	0.495044
1086	0.495003
1087	0.494953
1088	0.494896
1089	0.494834
1090	0.494769
1091	0.494702
1092	0.494633
1093	0.494563
1094	0.494491
1095	0.494418
1096	0.494345
1097	0.494271
1098	0.494196
1099	0.494120
1100	0.494044
1101	0.493967
1102	0.493890
1103	0.493812
1104	0.493733
1105	0.493654
1106	0.493574
1107	0.493493
1108	0.493412
1109	0.493331
1110	0.493248
1111	0.493166
1112	0.493082
1113	0.492998
1114	0.492914
1115	0.492829
1116	0.492744
1117	0.492657
1118	0.492571
1119	0.492484
1120	0.492396
1121	0.492308
1122	0.492219
1123	0.492130
1124	0.492040
1125	0.491950
1126	0.491859
1127	0.491767
1128	0.491676
1129	0.491583
1130	0.491490
1131	0.491397
1132	0.491303
1133	0.491209
1134	0.491114
1135	0.491019
1136	0.490923
1137	0.490827
1138	0.490730
1139	0.490633
1140	0.490535
1141	0.490437
1142	0.490338
1143	0.490239
1144	0.490139
1145	0.490039
1146	0.489939
1147	0.489838
1148	0.489736
1149	0.489634
1150	0.489532
1151	0.489429
1152	0.489326
1153	0.489223
1154	0.489118
1155	0.489014
1156	0.488909
1157	0.488804
1158	0.488698
1159	0.488592
1160	0.488485
1161	0.488378
1162	0.488270
1163	0.488162
1164	0.488054
1165	0.487945
1166	0.487836
1167	0.487727
1168	0.487617
1169	0.487506
1170	0.487395
1171	0.487284
1172	0.487173
1173	0.487061
1174	0.486948
1175	0.486836
1176	0.486722
1177	0.486609
1178	0.486495
1179	0.486381
1180	0.486266
1181	0.486151
1182	0.486035
1183	0.485920
1184	0.485803
1185	0.485687
1186	0.485570
1187	0.485453
1188	0.485335
1189	0.485217
1190	0.485098
1191	0.484980
1192	0.484860
1193	0.484741
1194	0.484621
1195	0.484501
1196	0.484380
1197	0.484259
1198	0.484138
1199	0.484017
1200	0.483895
1201	0.483772
1202	0.483650
1203	0.483527
1204	0.483403
1205	0.483280
1206	0.483156
1207	0.483031
1208	0.482907
1209	0.482782
1210	0.482656
1211	0.482531
1212	0.482405
1213	0.482278
1214	0.482152
1215	0.482025
1216	0.481897
1217	0.481770
1218	0.481642
1219	0.481514
1220	0.481385
1221	0.481256
1222	0.481127
1223	0.480998
1224	0.480868
1225	0.480738
1226	0.480607
1227	0.480476
1228	0.480345
1229	0.480214
1230	0.480082
1231	0.479951
1232	0.479818
1233	0.479686
1234	0.479553
1235	0.479420
1236	0.479286
1237	0.479153
1238	0.479019
1239	0.478884
1240	0.478750
1241	0.478615
1242	0.478480
1243	0.478344
1244	0.478208
1245	0.478072
1246	0.477936
1247	0.477799
1248	0.477662
1249	0.477525
1250	0.477388
1251	0.477250
1252	0.477112
1253	0.476974
1254	0.476835
1255	0.476697
1256	0.476557
1257	0.476418
1258	0.476279
1259	0.476139
1260	0.475998
1261	0.475858
1262	0.475717
1263	0.475576
1264	0.475435
1265	0.475294
1266	0.475152
1267	0.475010
1268	0.474868
1269	0.474725
1270	0.474582
1271	0.474439
1272	0.474296
1273	0.474153
1274	0.474009
1275	0.473865
1276	0.473721
1277	0.473576
1278	0.473431
1279	0.473286
1280	0.473141
1281	0.472995
1282	0.472850
1283	0.472704
1284	0.472557
1285	0.472411
1286	0.472264
1287	0.472117
1288	0.471970
1289	0.471822
1290	0.471675
1291	0.471527
1292	0.471379
1293	0.471230
1294	0.471082
1295	0.470933
1296	0.470784
1297	0.470634
1298	0.470485
1299	0.470335
1300	0.470185
1301	0.470035
1302	0.469884
1303	0.469733
1304	0.469582
1305	0.469431
1306	0.469280
1307	0.469128
1308	0.468977
1309	0.468824
1310	0.468672
1311	0.468520
1312	0.468367
1313	0.468214
1314	0.468061
1315	0.467908
1316	0.467754
1317	0.467600
1318	0.467446
1319	0.467292
1320	0.467138
1321	0.466983
1322	0.466828
1323	0.466673
1324	0.466518
1325	0.466362
1326	0.466206
1327	0.466051
1328	0.465894
1329	0.465738
1330	0.465582
1331	0.465425
1332	0.465268
1333	0.465111
1334	0.464953
1335	0.464796
1336	0.464638
1337	0.464480
1338	0.464322
1339	0.464164
1340	0.464005
1341	0.463846
1342	0.463687
1343	0.463528
1344	0.463369
1345	0.463209
1346	0.463050
1347	0.462890
1348	0.462730
1349	0.462569
1350	0.462409
1351	0.462248
1352	0.462087
1353	0.461926
1354	0.461765
1355	0.461604
1356	0.461442
1357	0.461280
1358	0.461118
1359	0.460956
1360	0.460793
1361	0.460631
1362	0.460468
1363	0.460305
1364	0.460142
1365	0.459979
1366	0.459815
1367	0.459652
1368	0.459488
1369	0.459324
1370	0.459159
1371	0.458995
1372	0.458830
1373	0.458666
1374	0.458501
1375	0.458336
1376	0.458170
1377	0.458005
1378	0.457839
1379	0.457673
1380	0.457507
1381	0.457341
1382	0.457175
1383	0.457008
1384	0.456842
1385	0.456675
1386	0.456508
1387	0.456341
1388	0.456173
1389	0.456006
1390	0.455838
1391	0.455670
1392	0.455502
1393	0.455334
1394	0.455165
1395	0.454997
1396	0.454828
1397	0.454659
1398	0.454490
1399	0.454321
1400	0.454152
1401	0.453982
1402	0.453812
1403	0.453643
1404	0.453473
1405	0.453302
1406	0.453132
1407	0.452962
1408	0.452791
1409	0.452620
1410	0.452449
1411	0.452278
1412	0.452107
1413	0.451935
1414	0.451763
1415	0.451592
1416	0.451420
1417	0.451248
1418	0.451075
1419	0.450903
1420	0.450730
1421	0.450558
1422	0.450385
1423	0.450212
1424	0.450039
1425	0.449865
1426	0.449692
1427	0.449518
1428	0.449344
1429	0.449170
1430	0.448996
1431	0.448822
1432	0.448648
1433	0.448473
1434	0.448299
1435	0.448124
1436	0.447949
1437	0.447774
1438	0.447598
1439	0.447423
1440	0.447247
1441	0.447072
1442	0.446896
1443	0.446720
1444	0.446544
1445	0.446367
1446	0.446191
1447	0.446014
1448	0.445838
1449	0.445661
1450	0.445484
1451	0.445307
1452	0.445129
1453	0.444952
1454	0.444774
1455	0.444597
1456	0.444419
1457	0.444241
1458	0.444063
1459	0.443884
1460	0.443706
1461	0.443527
1462	0.443349
1463	0.443170
1464	0.442991
1465	0.442812
1466	0.442633
1467	0.442453
1468	0.442274
1469	0.442094
1470	0.441914
1471	0.441734
1472	0.441554
1473	0.441374
1474	0.441194
1475	0.441013
1476	0.440833
1477	0.440652
1478	0.440471
1479	0.440290
1480	0.440109
1481	0.439928
1482	0.439747
1483	0.439565
1484	0.439384
1485	0.439202
1486	0.439020
1487	0.438838
1488	0.438656
1489	0.438474
1490	0.438291
1491	0.438109
1492	0.437926
1493	0.437743
1494	0.437560
1495	0.437377
1496	0.437194
1497	0.437011
1498	0.436827
1499	0.436644
1500	0.436460
1501	0.436277
1502	0.436093
1503	0.435909
1504	0.435724
1505	0.435540
1506	0.435356
1507	0.435171
1508	0.434987
1509	0.434802
1510	0.434617
1511	0.434432
1512	0.434247
1513	0.434062
1514	0.433876
1515	0.433691
1516	0.433505
1517	0.433320
1518	0.433134
1519	0.432948
1520	0.432762
1521	0.432576
1522	0.432389
1523	0.432203
1524	0.432016
1525	0.431830
1526	0.431643
1527	0.431456
1528	0.431269
1529	0.431082
1530	0.430895
1531	0.430707
1532	0.430520
1533	0.430332
1534	0.430145
1535	0.429957
1536	0.429769
1537	0.429581
1538	0.429393
1539	0.429204
1540	0.429016
1541	0.428828
1542	0.428639
1543	0.428450
1544	0.428261
1545	0.428072
1546	0.427883
1547	0.427694
1548	0.427505
1549	0.427316
1550	0.427126
1551	0.426937
1552	0.426747
1553	0.426557
1554	0.426367
1555	0.426177
1556	0.425987
1557	0.425797
1558	0.425606
1559	0.425416
1560	0.425225
1561	0.425035
1562	0.424844
1563	0.424653
1564	0.424462
1565	0.424271
1566	0.424080
1567	0.423888
1568	0.423697
1569	0.423505
1570	0.423314
1571	0.423122
1572	0.422930
1573	0.422738
1574	0.422546
1575	0.422354
1576	0.422162
1577	0.421970
1578	0.421777
1579	0.421585
1580	0.421392
1581	0.421199
1582	0.421006
1583	0.420813
1584	0.420620
1585	0.420427
1586	0.420234
1587	0.420041
1588	0.419847
1589	0.419653
1590	0.419460
1591	0.419266
1592	0.419072
1593	0.418878
1594	0.418684
1595	0.418490
1596	0.418296
1597	0.418101
1598	0.417907
1599	0.417712
1600	0.417518
1601	0.417323
1602	0.417128
1603	0.416933
1604	0.416738
1605	0.416543
1606	0.416348
1607	0.416152
1608	0.415957
1609	0.415762
1610	0.415566
1611	0.415370
1612	0.415174
1613	0.414979
1614	0.414783
1615	0.414586
1616	0.414390
1617	0.414194
1618	0.413998
1619	0.413801
1620	0.413605
1621	0.413408
1622	0.413211
1623	0.413014
1624	0.412817
1625	0.412620
1626	0.412423
1627	0.412226
1628	0.412029
1629	0.411831
1630	0.411634
1631	0.411436
1632	0.411239
1633	0.411041
1634	0.410843
1635	0.410645
1636	0.410447
1637	0.410249
1638	0.410051
1639	0.409853
1640	0.409654
1641	0.409456
1642	0.409257
1643	0.409058
1644	0.408860
1645	0.408661
1646	0.408462
1647	0.408263
1648	0.408064
1649	0.407865
1650	0.407665
1651	0.407466
1652	0.407267
1653	0.407067
1654	0.406868
1655	0.406668
1656	0.406468
1657	0.406268
1658	0.406068
1659	0.405868
1660	0.405668
1661	0.405468
1662	0.405268
1663	0.405067
1664	0.404867
1665	0.404666
1666	0.404466
1667	0.404265
1668	0.404064
1669	0.403863
1670	0.403662
1671	0.403461
1672	0.403260
1673	0.403059
1674	0.402857
1675	0.402656
1676	0.402455
1677	0.402253
1678	0.402051
1679	0.401850
1680	0.401648
1681	0.401446
1682	0.401244
1683	0.401042
1684	0.400840
1685	0.400638
1686	0.400435
1687	0.400233
1688	0.400031
1689	0.399828
1690	0.399625
1691	0.399423
1692	0.399220
1693	0.399017
1694	0.398814
1695	0.398611
1696	0.398408
1697	0.398205
1698	0.398002
1699	0.397798
1700	0.397595
1701	0.397391
1702	0.397188
1703	0.396984
1704	0.396781
1705	0.396577
1706	0.396373
1707	0.396169
1708	0.395965
1709	0.395761
1710	0.395557
1711	0.395352
1712	0.395148
1713	0.394944
1714	0.394739
1715	0.394535
1716	0.394330
1717	0.394125
1718	0.393920
1719	0.393716
1720	0.393511
1721	0.393306
1722	0.393101
1723	0.392895
1724	0.392690
1725	0.392485
1726	0.392279
1727	0.392074
1728	0.391868
1729	0.391663
1730	0.391457
1731	0.391251
1732	0.391045
1733	0.390840
1734	0.390634
1735	0.390428
1736	0.390221
1737	0.390015
1738	0.389809
1739	0.389603
1740	0.389396
1741	0.389190
1742	0.388983
1743	0.388776
1744	0.388570
1745	0.388363
1746	0.388156
1747	0.387949
1748	0.387742
1749	0.387535
1750	0.387328
1751	0.387121
1752	0.386913
1753	0.386706
1754	0.386499
1755	0.386291
1756	0.386084
1757	0.385876
1758	0.385668
1759	0.385461
1760	0.385253
1761	0.385045
1762	0.384837
1763	0.384629
1764	0.384421
1765	0.384212
1766	0.384004
1767	0.383796
1768	0.383587
1769	0.383379
1770	0.383170
1771	0.382962
1772	0.382753
1773	0.382544
1774	0.382336
1775	0.382127
1776	0.381918
1777	0.381709
1778	0.381500
1779	0.381291
1780	0.381081
1781	0.380872
1782	0.380663
1783	0.380453
1784	0.380244
1785	0.380034
1786	0.379825
1787	0.379615
1788	0.379405
1789	0.379195
1790	0.378986
1791	0.378776
1792	0.378566
1793	0.378356
1794	0.378145
1795	0.377935
1796	0.377725
1797	0.377515
1798	0.377304
1799	0.377094
1800	0.376883
1801	0.376673
1802	0.376462
1803	0.376251
1804	0.376040
1805	0.375830
1806	0.375619
1807	0.375408
1808	0.375197
1809	0.374986
1810	0.374774
1811	0.374563
1812	0.374352
1813	0.374141
1814	0.373929
1815	0.373718
1816	0.373506
1817	0.373295
1818	0.373083
1819	0.372871
1820	0.372659
1821	0.372447
1822	0.372236
1823	0.372024
1824	0.371812
1825	0.371599
1826	0.371387
1827	0.371175
1828	0.370963
1829	0.370750
1830	0.370538
1831	0.370326
1832	0.370113
1833	0.369900
1834	0.369688
1835	0.369475
1836	0.369262
1837	0.369049
1838	0.368837
1839	0.368624
1840	0.368411
1841	0.368197
1842	0.367984
1843	0.367771
1844	0.367558
1845	0.367345
1846	0.367131
1847	0.366918
1848	0.366704
1849	0.366491
1850	0.366277
1851	0.366063
1852	0.365850
1853	0.365636
1854	0.365422
1855	0.365208
1856	0.364994
1857	0.364780
1858	0.364566
1859	0.364352
1860	0.364138
1861	0.363924
1862	0.363709
1863	0.363495
1864	0.363281
1865	0.363066
1866	0.362851
1867	0.362637
1868	0.362422
1869	0.362208
1870	0.361993
1871	0.361778
1872	0.361563
1873	0.361348
1874	0.361133
1875	0.360918
1876	0.360703
1877	0.360488
1878	0.360273
1879	0.360057
1880	0.359842
1881	0.359627
1882	0.359411
1883	0.359196
1884	0.358980
1885	0.358765
1886	0.358549
1887	0.358333
1888	0.358117
1889	0.357902
1890	0.357686
1891	0.357470
1892	0.357254
1893	0.357038
1894	0.356822
1895	0.356606
1896	0.356389
1897	0.356173
1898	0.355957
1899	0.355740
1900	0.355524
1901	0.355307
1902	0.355091
1903	0.354874
1904	0.354658
1905	0.354441
1906	0.354224
1907	0.354007
1908	0.353791
1909	0.353574
1910	0.353357
1911	0.353140
1912	0.352923
1913	0.352706
1914	0.352488
1915	0.352271
1916	0.352054
1917	0.351837
1918	0.351619
1919	0.351402
1920	0.351184
1921	0.350967
1922	0.350749
1923	0.350532
1924	0.350314
1925	0.350096
1926	0.349878
1927	0.349661
1928	0.349443
1929	0.349225
1930	0.349007
1931	0.348789
1932	0.348571
1933	0.348352
1934	0.348134
1935	0.347916
1936	0.347698
1937	0.347479
1938	0.347261
1939	0.347042
1940	0.346824
1941	0.346605
1942	0.346387
1943	0.346168
1944	0.345949
1945	0.345731
1946	0.345512
1947	0.345293
1948	0.345074
1949	0.344855
1950	0.344636
1951	0.344417
1952	0.344198
1953	0.343979
1954	0.343760
1955	0.343540
1956	0.343321
1957	0.343102
1958	0.342882
1959	0.342663
1960	0.342443
1961	0.342224
1962	0.342004
1963	0.341785
1964	0.341565
1965	0.341345
1966	0.341126
1967	0.340906
1968	0.340686
1969	0.340466
1970	0.340246
1971	0.340026
1972	0.339806
1973	0.339586
1974	0.339366
1975	0.339145
1976	0.338925
1977	0.338705
1978	0.338484
1979	0.338264
1980	0.338044
1981	0.337823
1982	0.337603
1983	0.337382
1984	0.337161
1985	0.336941
1986	0.336720
1987	0.336499
1988	0.336278
1989	0.336058
1990	0.335837
1991	0.335616
1992	0.335395
1993	0.335174
1994	0.334953
1995	0.334731
1996	0.334510
1997	0.334289
1998	0.334068
1999	0.333846
2000	0.333625
2001	0.333404
2002	0.333182
2003	0.332961
2004	0.332739
2005	0.332518
2006	0.332296
2007	0.332074
2008	0.331853
2009	0.331631
2010	0.331409
2011	0.331187
2012	0.330965
2013	0.330743
2014	0.330521
2015	0.330299
2016	0.330077
2017	0.329855
2018	0.329633
2019	0.329411
2020	0.329188
2021	0.328966
2022	0.328744
2023	0.328521
2024	0.328299
2025	0.328076
2026	0.327854
2027	0.327631
2028	0.327409
2029	0.327186
2030	0.326963
2031	0.326741
2032	0.326518
2033	0.326295
2034	0.326072
2035	0.325849
2036	0.325626
2037	0.325403
2038	0.325180
2039	0.324957
2040	0.324734
2041	0.324511
2042	0.324288
2043	0.324065
2044	0.323841
2045	0.323618
2046	0.323395
2047	0.323171
2048	0.322948
2049	0.322724
2050	0.322501
2051	0.322277
2052	0.322053
2053	0.321830
2054	0.321606
2055	0.321382
2056	0.321159
2057	0.320935
2058	0.320711
2059	0.320487
2060	0.320263
2061	0.320039
2062	0.319815
2063	0.319591
2064	0.319367
2065	0.319143
2066	0.318918
2067	0.318694
2068	0.318470
2069	0.318246
2070	0.318021
2071	0.317797
2072	0.317572
2073	0.317348
2074	0.317123
2075	0.316899
2076	0.316674
2077	0.316450
2078	0.316225
2079	0.316000
2080	0.315775
2081	0.315551
2082	0.315326
2083	0.315101
2084	0.314876
2085	0.314651
2086	0.314426
2087	0.314201
2088	0.313976
2089	0.313751
2090	0.313526
2091	0.313300
2092	0.313075
2093	0.312850
2094	0.312625
2095	0.312399
2096	0.312174
2097	0.311948
2098	0.311723
2099	0.311497
2100	0.311272
2101	0.311046
2102	0.310821
2103	0.310595
2104	0.310369
2105	0.310144
2106	0.309918
2107	0.309692
2108	0.309466
2109	0.309240
2110	0.309014
2111	0.308788
2112	0.308562
2113	0.308336
2114	0.308110
2115	0.307884
2116	0.307658
2117	0.307432
2118	0.307205
2119	0.306979
2120	0.306753
2121	0.306527
2122	0.306300
2123	0.306074
2124	0.305847
2125	0.305621
2126	0.305394
2127	0.305168
2128	0.304941
2129	0.304715
2130	0.304488
2131	0.304261
2132	0.304034
2133	0.303808
2134	0.303581
2135	0.303354
2136	0.303127
2137	0.302900
2138	0.302673
2139	0.302446
2140	0.302219
2141	0.301992
2142	0.301765
2143	0.301538
2144	0.301311
2145	0.301083
2146	0.300856
2147	0.300629
2148	0.300402
2149	0.300174
2150	0.299947
2151	0.299719
2152	0.299492
2153	0.299264
2154	0.299037
2155	0.298809
2156	0.298582
2157	0.298354
2158	0.298126
2159	0.297899
2160	0.297671
2161	0.297443
2162	0.297215
2163	0.296987
2164	0.296760
2165	0.296532
2166	0.296304
2167	0.296076
2168	0.295848
2169	0.295620
2170	0.295391
2171	0.295163
2172	0.294935
2173	0.294707
2174	0.294479
2175	0.294250
2176	0.294022
2177	0.293794
2178	0.293565
2179	0.293337
2180	0.293109
2181	0.292880
2182	0.292652
2183	0.292423
2184	0.292195
2185	0.291966
2186	0.291737
2187	0.291509
2188	0.291280
2189	0.291051
2190	0.290822
2191	0.290594
2192	0.290365
2193	0.290136
2194	0.289907
2195	0.289678
2196	0.289449
2197	0.289220
2198	0.288991
2199	0.288762
2200	0.288533
2201	0.288304
2202	0.288075
2203	0.287845
2204	0.287616
2205	0.287387
2206	0.287157
2207	0.286928
2208	0.286699
2209	0.286469
2210	0.286240
2211	0.286011
2212	0.285781
2213	0.285551
2214	0.285322
2215	0.285092
2216	0.284863
2217	0.284633
2218	0.284403
2219	0.284174
2220	0.283944
2221	0.283714
2222	0.283484
2223	0.283254
2224	0.283025
2225	0.282795
2226	0.282565
2227	0.282335
2228	0.282105
2229	0.281875
2230	0.281645
2231	0.281415
2232	0.281184
2233	0.280954
2234	0.280724
2235	0.280494
2236	0.280264
2237	0.280033
2238	0.279803
2239	0.279573
2240	0.279342
2241	0.279112
2242	0.278881
2243	0.278651
2244	0.278420
2245	0.278190
2246	0.277959
2247	0.277729
2248	0.277498
2249	0.277267
2250	0.277037
2251	0.276806
2252	0.276575
2253	0.276344
2254	0.276114
2255	0.275883
2256	0.275652
2257	0.275421
2258	0.275190
2259	0.274959
2260	0.274728
2261	0.274497
2262	0.274266
2263	0.274035
2264	0.273804
2265	0.273573
2266	0.273342
2267	0.273110
2268	0.272879
2269	0.272648
2270	0.272417
2271	0.272185
2272	0.271954
2273	0.271723
2274	0.271491
2275	0.271260
2276	0.271028
2277	0.270797
2278	0.270565
2279	0.270334
2280	0.270102
2281	0.269871
2282	0.269639
2283	0.269407
2284	0.269176
2285	0.268944
2286	0.268712
2287	0.268480
2288	0.268249
2289	0.268017
2290	0.267785
2291	0.267553
2292	0.267321
2293	0.267089
2294	0.266857
2295	0.266625
2296	0.266393
2297	0.266161
2298	0.265929
2299	0.265697
2300	0.265465
2301	0.265232
2302	0.265000
2303	0.264768
2304	0.264536
2305	0.264303
2306	0.264071
2307	0.263839
2308	0.263606
2309	0.263374
2310	0.263142
2311	0.262909
2312	0.262677
2313	0.262444
2314	0.262212
2315	0.261979
2316	0.261746
2317	0.261514
2318	0.261281
2319	0.261049
2320	0.260816
2321	0.260583
2322	0.260350
2323	0.260118
2324	0.259885
2325	0.259652
2326	0.259419
2327	0.259186
2328	0.258953
2329	0.258720
2330	0.258487
2331	0.258254
2332	0.258021
2333	0.257788
2334	0.257555
2335	0.257322
2336	0.257089
2337	0.256856
2338	0.256623
2339	0.256389
2340	0.256156
2341	0.255923
2342	0.255690
2343	0.255456
2344	0.255223
2345	0.254990
2346	0.254756
2347	0.254523
2348	0.254289
2349	0.254056
2350	0.253822
2351	0.253589
2352	0.253355
2353	0.253122
2354	0.252888
2355	0.252654
2356	0.252421
2357	0.252187
2358	0.251953
2359	0.251720
2360	0.251486
2361	0.251252
2362	0.251018
2363	0.250784
2364	0.250551
2365	0.250317
2366	0.250083
2367	0.249849
2368	0.249615
2369	0.249381
2370	0.249147
2371	0.248913
2372	0.248679
2373	0.248445
2374	0.248210
2375	0.247976
2376	0.247742
2377	0.247508
2378	0.247274
2379	0.247040
2380	0.246805
2381	0.246571
2382	0.246337
2383	0.246102
2384	0.245868
2385	0.245634
2386	0.245399
2387	0.245165
2388	0.244930
2389	0.244696
2390	0.244461
2391	0.244227
2392	0.243992
2393	0.243758
2394	0.243523
2395	0.243288
2396	0.243054
2397	0.242819
2398	0.242584
2399	0.242350
2400	0.242115
2401	0.241880
2402	0.241645
2403	0.241410
2404	0.241176
2405	0.240941
2406	0.240706
2407	0.240471
2408	0.240236
2409	0.240001
2410	0.239766
2411	0.239531
2412	0.239296
2413	0.239061
2414	0.238826
2415	0.238591
2416	0.238355
2417	0.238120
2418	0.237885
2419	0.237650
2420	0.237415
2421	0.237179
2422	0.236944
2423	0.236709
2424	0.236474
2425	0.236238
2426	0.236003
2427	0.235767
2428	0.235532
2429	0.235297
2430	0.235061
2431	0.234826
2432	0.234590
2433	0.234355
2434	0.234119
2435	0.233883
2436	0.233648
2437	0.233412
2438	0.233177
2439	0.232941
2440	0.232705
2441	0.232470
2442	0.232234
2443	0.231998
2444	0.231762
2445	0.231526
2446	0.231291
2447	0.231055
2448	0.230819
2449	0.230583
2450	0.230347
2451	0.230111
2452	0.229875
2453	0.229639
2454	0.229403
2455	0.229167
2456	0.228931
2457	0.228695
2458	0.228459
2459	0.228223
2460	0.227987
2461	0.227751
2462	0.227514
2463	0.227278
2464	0.227042
2465	0.226806
2466	0.226570
2467	0.226333
2468	0.226097
2469	0.225861
2470	0.225624
2471	0.225388
2472	0.225151
2473	0.224915
2474	0.224679
2475	0.224442
2476	0.224206
2477	0.223969
2478	0.223733
2479	0.223496
2480	0.223260
2481	0.223023
2482	0.222786
2483	0.222550
2484	0.222313
2485	0.222076
2486	0.221840
2487	0.221603
2488	0.221366
2489	0.221130
2490	0.220893
2491	0.220656
2492	0.220419
2493	0.220182
2494	0.219945
2495	0.219709
2496	0.219472
2497	0.219235
2498	0.218998
2499	0.218761
2500	0.218524
2501	0.218287
2502	0.218050
2503	0.217813
2504	0.217576
2505	0.217339
2506	0.217102
2507	0.216864
2508	0.216627
2509	0.216390
2510	0.216153
2511	0.215916
2512	0.215678
2513	0.215441
2514	0.215204
2515	0.214967
2516	0.214729
2517	0.214492
2518	0.214255
2519	0.214017
2520	0.213780
2521	0.213542
2522	0.213305
2523	0.213068
2524	0.212830
2525	0.212593
2526	0.212355
2527	0.212118
2528	0.211880
2529	0.211643
2530	0.211405
2531	0.211167
2532	0.210930
2533	0.210692
2534	0.210454
2535	0.210217
2536	0.209979
2537	0.209741
2538	0.209504
2539	0.209266
2540	0.209028
2541	0.208790
2542	0.208552
2543	0.208315
2544	0.208077
2545	0.207839
2546	0.207601
2547	0.207363
2548	0.207125
2549	0.206887
2550	0.206649
2551	0.206411
2552	0.206173
2553	0.205935
2554	0.205697
2555	0.205459
2556	0.205221
2557	0.204983
2558	0.204745
2559	0.204507
2560	0.204268
2561	0.204030
2562	0.203792
2563	0.203554
2564	0.203316
2565	0.203077
2566	0.202839
2567	0.202601
2568	0.202362
2569	0.202124
2570	0.201886
2571	0.201647
2572	0.201409
2573	0.201171
2574	0.200932
2575	0.200694
2576	0.200455
2577	0.200217
2578	0.199978
2579	0.199740
2580	0.199501
2581	0.199263
2582	0.199024
2583	0.198786
2584	0.198547
2585	0.198308
2586	0.198070
2587	0.197831
2588	0.197592
2589	0.197354
2590	0.197115
2591	0.196876
2592	0.196638
2593	0.196399
2594	0.196160
2595	0.195921
2596	0.195682
2597	0.195444
2598	0.195205
2599	0.194966
2600	0.194727
2601	0.194488
2602	0.194249
2603	0.194010
2604	0.193771
2605	0.193532
2606	0.193293
2607	0.193054
2608	0.192815
2609	0.192576
2610	0.192337
2611	0.192098
2612	0.191859
2613	0.191620
2614	0.191381
2615	0.191142
2616	0.190902
2617	0.190663
2618	0.190424
2619	0.190185
2620	0.189946
2621	0.189706
2622	0.189467
2623	0.189228
2624	0.188989
2625	0.188749
2626	0.188510
2627	0.188271
2628	0.188031
2629	0.187792
2630	0.187552
2631	0.187313
2632	0.187074
2633	0.186834
2634	0.186595
2635	0.186355
2636	0.186116
2637	0.185876
2638	0.185637
2639	0.185397
2640	0.185158
2641	0.184918
2642	0.184678
2643	0.184439
2644	0.184199
2645	0.183960
2646	0.183720
2647	0.183480
2648	0.183241
2649	0.183001
2650	0.182761
2651	0.182521
2652	0.182282
2653	0.182042
2654	0.181802
2655	0.181562
2656	0.181322
2657	0.181083
2658	0.180843
2659	0.180603
2660	0.180363
2661	0.180123
2662	0.179883
2663	0.179643
2664	0.179403
2665	0.179163
2666	0.178923
2667	0.178683
2668	0.178443
2669	0.178203
2670	0.177963
2671	0.177723
2672	0.177483
2673	0.177243
2674	0.177003
2675	0.176763
2676	0.176523
2677	0.176283
2678	0.176042
2679	0.175802
2680	0.175562
2681	0.175322
2682	0.175082
2683	0.174841
2684	0.174601
2685	0.174361
2686	0.174121
2687	0.173880
2688	0.173640
2689	0.173400
2690	0.173159
2691	0.172919
2692	0.172679
2693	0.172438
2694	0.172198
2695	0.171957
2696	0.171717
2697	0.171477
2698	0.171236
2699	0.170996
2700	0.170755
2701	0.170515
2702	0.170274
2703	0.170034
2704	0.169793
2705	0.169552
2706	0.169312
2707	0.169071
2708	0.168831
2709	0.168590
2710	0.168349
2711	0.168109
2712	0.167868
2713	0.167627
2714	0.167387
2715	0.167146
2716	0.166905
2717	0.166665
2718	0.166424
2719	0.166183
2720	0.165942
2721	0.165701
2722	0.165461
2723	0.165220
2724	0.164979
2725	0.164738
2726	0.164497
2727	0.164256
2728	0.164015
2729	0.163775
2730	0.163534
2731	0.163293
2732	0.163052
2733	0.162811
2734	0.162570
2735	0.162329
2736	0.162088
2737	0.161847
2738	0.161606
2739	0.161365
2740	0.161124
2741	0.160883
2742	0.160642
2743	0.160400
2744	0.160159
2745	0.159918
2746	0.159677
2747	0.159436
2748	0.159195
2749	0.158954
2750	0.158712
2751	0.158471
2752	0.158230
2753	0.157989
2754	0.157747
2755	0.157506
2756	0.157265
2757	0.157024
2758	0.156782
2759	0.156541
2760	0.156300
2761	0.156058
2762	0.155817
2763	0.155576
2764	0.155334
2765	0.155093
2766	0.154851
2767	0.154610
2768	0.154369
2769	0.154127
2770	0.153886
2771	0.153644
2772	0.153403
2773	0.153161
2774	0.152920
2775	0.152678
2776	0.152437
2777	0.152195
2778	0.151954
2779	0.151712
2780	0.151470
2781	0.151229
2782	0.150987
2783	0.150746
2784	0.150504
2785	0.150262
2786	0.150021
2787	0.149779
2788	0.149537
2789	0.149296
2790	0.149054
2791	0.148812
2792	0.148570
2793	0.148329
2794	0.148087
2795	0.147845
2796	0.147603
2797	0.147361
2798	0.147120
2799	0.146878
2800	0.146636
2801	0.146394
2802	0.146152
2803	0.145910
2804	0.145669
2805	0.145427
2806	0.145185
2807	0.144943
2808	0.144701
2809	0.144459
2810	0.144217
2811	0.143975
2812	0.143733
2813	0.143491
2814	0.143249
2815	0.143007
2816	0.142765
2817	0.142523
2818	0.142281
2819	0.142039
2820	0.141797
2821	0.141555
2822	0.141313
2823	0.141070
2824	0.140828
2825	0.140586
2826	0.140344
2827	0.140102
2828	0.139860
2829	0.139618
2830	0.139375
2831	0.139133
2832	0.138891
2833	0.138649
2834	0.138406
2835	0.138164
2836	0.137922
2837	0.137680
2838	0.137437
2839	0.137195
2840	0.136953
2841	0.136711
2842	0.136468
2843	0.136226
2844	0.135984
2845	0.135741
2846	0.135499
2847	0.135256
2848	0.135014
2849	0.134772
2850	0.134529
2851	0.134287
2852	0.134044
2853	0.133802
2854	0.133559
2855	0.133317
2856	0.133074
2857	0.132832
2858	0.132589
2859	0.132347
2860	0.132104
2861	0.131862
2862	0.131619
2863	0.131377
2864	0.131134
2865	0.130892
2866	0.130649
2867	0.130406
2868	0.130164
2869	0.129921
2870	0.129679
2871	0.129436
2872	0.129193
2873	0.128951
2874	0.128708
2875	0.128465
2876	0.128223
2877	0.127980
2878	0.127737
2879	0.127494
2880	0.127252
2881	0.127009
2882	0.126766
2883	0.126523
2884	0.126281
2885	0.126038
2886	0.125795
2887	0.125552
2888	0.125309
2889	0.125067
2890	0.124824
2891	0.124581
2892	0.124338
2893	0.124095
2894	0.123852
2895	0.123609
2896	0.123366
2897	0.123124
2898	0.122881
2899	0.122638
2900	0.122395
2901	0.122152
2902	0.121909
2903	0.121666
2904	0.121423
2905	0.121180
2906	0.120937
2907	0.120694
2908	0.120451
2909	0.120208
2910	0.119965
2911	0.119722
2912	0.119479
2913	0.119236
2914	0.118993
2915	0.118749
2916	0.118506
2917	0.118263
2918	0.118020
2919	0.117777
2920	0.117534
2921	0.117291
2922	0.117048
2923	0.116804
2924	0.116561
2925	0.116318
2926	0.116075
2927	0.115832
2928	0.115588
2929	0.115345
2930	0.115102
2931	0.114859
2932	0.114616
2933	0.114372
2934	0.114129
2935	0.113886
2936	0.113642
2937	0.113399
2938	0.113156
2939	0.112913
2940	0.112669
2941	0.112426
2942	0.112183
2943	0.111939
2944	0.111696
2945	0.111452
2946	0.111209
2947	0.110966
2948	0.110722
2949	0.110479
2950	0.110236
2951	0.109992
2952	0.109749
2953	0.109505
2954	0.109262
2955	0.109018
2956	0.108775
2957	0.108531
2958	0.108288
2959	0.108044
2960	0.107801
2961	0.107557
2962	0.107314
2963	0.107070
2964	0.106827
2965	0.106583
2966	0.106340
2967	0.106096
2968	0.105853
2969	0.105609
2970	0.105366
2971	0.105122
2972	0.104878
2973	0.104635
2974	0.104391
2975	0.104147
2976	0.103904
2977	0.103660
2978	0.103417
2979	0.103173
2980	0.102929
2981	0.102686
2982	0.102442
2983	0.102198
2984	0.101955
2985	0.101711
2986	0.101467
2987	0.101223
2988	0.100980
2989	0.100736
2990	0.100492
2991	0.100248
2992	0.100005
2993	0.099761
2994	0.099517
2995	0.099273
2996	0.099030
2997	0.098786
2998	0.098542
2999	0.098298
3000	0.098054
3001	0.097810
3002	0.097567
3003	0.097323
3004	0.097079
3005	0.096835
3006	0.096591
3007	0.096347
3008	0.096103
3009	0.095860
3010	0.095616
3011	0.095372
3012	0.095128
3013	0.094884
3014	0.094640
3015	0.094396
3016	0.094152
3017	0.093908
3018	0.093664
3019	0.093420
3020	0.093176
3021	0.092932
3022	0.092688
3023	0.092444
3024	0.092200
3025	0.091956
3026	0.091712
3027	0.091468
3028	0.091224
3029	0.090980
3030	0.090736
3031	0.090492
3032	0.090248
3033	0.090004
3034	0.089760
3035	0.089516
3036	0.089272
3037	0.089028
3038	0.088784
3039	0.088540
3040	0.088295
3041	0.088051
3042	0.087807
3043	0.087563
3044	0.087319
3045	0.087075
3046	0.086831
3047	0.086587
3048	0.086342
3049	0.086098
3050	0.085854
3051	0.085610
3052	0.085366
3053	0.085122
3054	0.084877
3055	0.084633
3056	0.084389
3057	0.084145
3058	0.083900
3059	0.083656
3060	0.083412
3061	0.083168
3062	0.082924
3063	0.082679
3064	0.082435
3065	0.082191
3066	0.081947
3067	0.081702
3068	0.081458
3069	0.081214
3070	0.080969
3071	0.080725
3072	0.080481
3073	0.080237
3074	0.079992
3075	0.079748
3076	0.079504
3077	0.079259
3078	0.079015
3079	0.078771
3080	0.078526
3081	0.078282
3082	0.078038
3083	0.077793
3084	0.077549
3085	0.077305
3086	0.077060
3087	0.076816
3088	0.076572
3089	0.076327
3090	0.076083
3091	0.075839
3092	0.075594
3093	0.075350
3094	0.075105
3095	0.074861
3096	0.074617
3097	0.074372
3098	0.074128
3099	0.073883
3100	0.073639
3101	0.073395
3102	0.073150
3103	0.072906
3104	0.072661
3105	0.072417
3106	0.072173
3107	0.071928
3108	0.071684
3109	0.071439
3110	0.071195
3111	0.070951
3112	0.070706
3113	0.070462
3114	0.070217
3115	0.069973
3116	0.069728
3117	0.069484
3118	0.069240
3119	0.068995
3120	0.068751
3121	0.068507
3122	0.068262
3123	0.068018
3124	0.067773
3125	0.067529
3126	0.067284
3127	0.067040
3128	0.066795
3129	0.066551
3130	0.066307
3131	0.066063
3132	0.065818
3133	0.065574
3134	0.065329
3135	0.065085
3136	0.064840
3137	0.064597
3138	0.064352
3139	0.064108
3140	0.063863
3141	0.063619
3142	0.063374
3143	0.063131
3144	0.062886
3145	0.062642
3146	0.062397
3147	0.062153
3148	0.061909
3149	0.061665
3150	0.061420
3151	0.061176
3152	0.060932
3153	0.060688
3154	0.060443
3155	0.060200
3156	0.059955
3157	0.059711
3158	0.059466
3159	0.059223
3160	0.058978
3161	0.058735
3162	0.058490
3163	0.058247
3164	0.058002
3165	0.057759
3166	0.057514
3167	0.057271
3168	0.057026
3169	0.056783
3170	0.056538
3171	0.056295
3172	0.056050
3173	0.055807
3174	0.055562
3175	0.055320
3176	0.055075
3177	0.054832
3178	0.054587
3179	0.054345
3180	0.054100
3181	0.053857
3182	0.053613
3183	0.053370
3184	0.053125
3185	0.052883
3186	0.052638
3187	0.052396
3188	0.052152
3189	0.051910
3190	0.051665
3191	0.051423
3192	0.051178
3193	0.050937
3194	0.050692
3195	0.050450
3196	0.050206
3197	0.049964
3198	0.049720
3199	0.049479
3200	0.049234
3201	0.048993
3202	0.048748
3203	0.048507
3204	0.048263
3205	0.048022
3206	0.047778
3207	0.047537
3208	0.047293
3209	0.047053
3210	0.046808
3211	0.046568
3212	0.046324
3213	0.046084
3214	0.045839
3215	0.045600
3216	0.045356
3217	0.045116
3218	0.044872
3219	0.044633
3220	0.044389
3221	0.044150
3222	0.043906
3223	0.043668
3224	0.043424
3225	0.043185
3226	0.042941
3227	0.042704
3228	0.042460
3229	0.042222
3230	0.041978
3231	0.041741
3232	0.041497
3233	0.041261
3234	0.041017
3235	0.040780
3236	0.040537
3237	0.040301
3238	0.040058
3239	0.039822
3240	0.039579
3241	0.039343
3242	0.039100
3243	0.038865
3244	0.038622
3245	0.038387
3246	0.038145
3247	0.037911
3248	0.037668
3249	0.037434
3250	0.037192
3251	0.036959
3252	0.036717
3253	0.036484
3254	0.036242
3255	0.036009
3256	0.035768
3257	0.035536
3258	0.035295
3259	0.035063
3260	0.034822
3261	0.034591
3262	0.034351
3263	0.034120
3264	0.033880
3265	0.033650
3266	0.033410
3267	0.033180
3268	0.032941
3269	0.032712
3270	0.032472
3271	0.032244
3272	0.032005
3273	0.031778
3274	0.031539
3275	0.031312
3276	0.031074
3277	0.030848
3278	0.030610
3279	0.030385
3280	0.030147
3281	0.029923
3282	0.029686
3283	0.029462
3284	0.029225
3285	0.029002
3286	0.028766
3287	0.028544
3288	0.028308
3289	0.028087
3290	0.027852
3291	0.027631
3292	0.027397
3293	0.027177
3294	0.026943
3295	0.026724
3296	0.026491
3297	0.026273
3298	0.026041
3299	0.025824
3300	0.025592
3301	0.025376
3302	0.025145
3303	0.024930
3304	0.024700
3305	0.024485
3306	0.024256
3307	0.024043
3308	0.023814
3309	0.023602
3310	0.023375
3311	0.023163
3312	0.022937
3313	0.022727
3314	0.022501
3315	0.022292
3316	0.022068
3317	0.021860
3318	0.021636
3319	0.021430
3320	0.021207
3321	0.021002
3322	0.020781
3323	0.020576
3324	0.020356
3325	0.020153
3326	0.019934
3327	0.019733
3328	0.019515
3329	0.019315
3330	0.019099
3331	0.018900
3332	0.018685
3333	0.018487
3334	0.018274
3335	0.018078
3336	0.017865
3337	0.017671
3338	0.017460
3339	0.017267
3340	0.017058
3341	0.016867
3342	0.016659
3343	0.016469
3344	0.016263
3345	0.016075
3346	0.015871
3347	0.015684
3348	0.015482
3349	0.015297
3350	0.015096
3351	0.014913
3352	0.014714
3353	0.014533
3354	0.014336
3355	0.014157
3356	0.013961
3357	0.013784
3358	0.013590
3359	0.013415
3360	0.013224
3361	0.013050
3362	0.012861
3363	0.012690
3364	0.012502
3365	0.012333
3366	0.012148
3367	0.011981
3368	0.011798
3369	0.011633
3370	0.011452
3371	0.011290
3372	0.011111
3373	0.010951
3374	0.010775
3375	0.010617
3376	0.010443
3377	0.010287
3378	0.010116
3379	0.009962
3380	0.009794
3381	0.009643
3382	0.009477
3383	0.009328
3384	0.009164
3385	0.009018
3386	0.008857
3387	0.008713
3388	0.008555
3389	0.008414
3390	0.008259
3391	0.008120
3392	0.007968
3393	0.007831
3394	0.007682
3395	0.007548
3396	0.007401
3397	0.007270
3398	0.007127
3399	0.006998
3400	0.006857
3401	0.006732
3402	0.006594
3403	0.006471
3404	0.006336
3405	0.006216
3406	0.006084
3407	0.005967
3408	0.005838
3409	0.005723
3410	0.005597
3411	0.005486
3412	0.005363
3413	0.005254
3414	0.005134
3415	0.005028
3416	0.004912
3417	0.004808
3418	0.004695
3419	0.004595
3420	0.004485
3421	0.004387
3422	0.004280
3423	0.004185
3424	0.004081
3425	0.003989
3426	0.003888
3427	0.003799
3428	0.003701
3429	0.003615
3430	0.003521
3431	0.003437
3432	0.003346
3433	0.003265
3434	0.003176
3435	0.003098
3436	0.003013
3437	0.002938
3438	0.002855
3439	0.002783
3440	0.002704
3441	0.002634
3442	0.002557
3443	0.002490
3444	0.002417
3445	0.002352
3446	0.002282
3447	0.002220
3448	0.002152
3449	0.002092
3450	0.002028
3451	0.001971
3452	0.001909
3453	0.001854
3454	0.001795
3455	0.001743
3456	0.001686
3457	0.001636
3458	0.001582
3459	0.001534
3460	0.001483
3461	0.001438
3462	0.001389
3463	0.001346
3464	0.001299
3465	0.001258
3466	0.001214
3467	0.001175
3468	0.001133
3469	0.001096
3470	0.001056
3471	0.001021
3472	0.000984
3473	0.000951
3474	0.000915
3475	0.000884
3476	0.000850
3477	0.000821
3478	0.000789
3479	0.000761
3480	0.000732
3481	0.000705
3482	0.000677
3483	0.000653
3484	0.000627
3485	0.000603
3486	0.000579
3487	0.000557
3488	0.000534
3489	0.000514
3490	0.000492
3491	0.000473
3492	0.000453
3493	0.000435
3494	0.000417
3495	0.000400
3496	0.000382
3497	0.000367
3498	0.000351
3499	0.000337
3500	0.000321
3501	0.000308
3502	0.000294
3503	0.000282
3504	0.000269
3505	0.000257
3506	0.000245
3507	0.000235
3508	0.000223
3509	0.000214
3510	0.000203
3511	0.000194
3512	0.000185
3513	0.000177
3514	0.000168
3515	0.000160
3516	0.000152
3517	0.000145
3518	0.000138
3519	0.000132
3520	0.000125
3521	0.000119
3522	0.000113
3523	0.000107
3524	0.000102
3525	0.000097
3526	0.000092
3527	0.000087
3528	0.000083
3529	0.000078
3530	0.000074
3531	0.000070
3532	0.000067
3533	0.000063
3534	0.000060
3535	0.000057
3536	0.000053
3537	0.000051
3538	0.000048
3539	0.000045
3540	0.000043
3541	0.000040
3542	0.000038
3543	0.000036
3544	0.000034
3545	0.000032
3546	0.000030
3547	0.000028
3548	0.000027
3549	0.000025
3550	0.000024
3551	0.000022
3552	0.000021
3553	0.000020
3554	0.000019
3555	0.000018
3556	0.000016
3557	0.000015
3558	0.000015
3559	0.000014
3560	0.000013
3561	0.000012
3562	0.000011
3563	0.000011
3564	0.000010
3565	0.000009
3566	0.000009
3567	0.000008
3568	0.000008
3569	0.000007
3570	0.000007
3571	0.000006
3572	0.000006
3573	0.000005
3574	0.000005
3575	0.000005
3576	0.000004
3577	0.000004
3578	0.000004
3579	0.000004
3580	0.000003
3581	0.000003
3582	0.000003
3583	0.000003
3584	0.000003
3585	0.000002
3586	0.000002
3587	0.000002
3588	0.000002
3589	0.000002
3590	0.000002
3591	0.000002
3592	0.000001
3593	0.000001
3594	0.000001
3595	0.000001
3596	0.000001
3597	0.000001
3598	0.000001
3599	0.000001
3600	0.000001
3601	0.000001
3602	0.000001
3603	0.000001
3604	0.000001
3605	0.000001
3606	0.000000
3607	0.000000
3608	0.000000
3609	0.000000
3610	0.000000
3611	0.000000
3612	0.000000
3613	0.000000
3614	0.000000
3615	0.000000
3616	0.000000
3617	0.000000
3618	0.000000
3619	0.000000
3620	0.000000
3621	0.000000
3622	0.000000
3623	0.000000
3624	0.000000
3625	0.000000
3626	0.000000
3627	0.000000
3628	0.000000
3629	0.000000
3630	0.000000
3631	0.000000
3632	0.000000
3633	0.000000
3634	0.000000
3635	0.000000
3636	0.000000
3637	0.000000
3638	0.000000
3639	0.000000
3640	0.000000
3641	0.000000
3642	0.000000
3643	0.000000
3644	0.000000
3645	0.000000
3646	0.000000
3647	0.000000
3648	0.000000
3649	0.000000
3650	0.000000
3651	0.000000
3652	0.000000
3653	0.000000
3654	0.000000
3655	0.000000
3656	0.000000
3657	0.000000
3658	0.000000
3659	0.000000
3660	0.000000
3661	0.000000
3662	0.000000
3663	0.000000
3664	0.000000
3665	0.000000
3666	0.000000
3667	0.000000
3668	0.000000
3669	0.000000
3670	0.000000
3671	0.000000
3672	0.000000
3673	0.000000
3674	0.000000
3675	0.000000
3676	0.000000
3677	0.000000
3678	0.000000
3679	0.000000
3680	0.000000
3681	0.000000
3682	0.000000
3683	0.000000
3684	0.000000
3685	0.000000
3686	0.000000
3687	0.000000
3688	0.000000
3689	0.000000
3690	0.000000
3691	0.000000
3692	0.000000
3693	0.000000
3694	0.000000
3695	0.000000
3696	0.000000
3697	0.000000
3698	0.000000
3699	0.000000
3700	0.000000
3701	0.000000
3702	0.000000
3703	0.000000
3704	0.000000
3705	0.000000
3706	0.000000
3707	0.000000
3708	0.000000
3709	0.000000
3710	0.000000
3711	0.000000
3712	0.000000
3713	0.000000
3714	0.000000
3715	0.000000
3716	0.000000
3717	0.000000
3718	0.000000
3719	0.000000
3720	0.000000
3721	0.000000
3722	0.000000
3723	0.000000
3724	0.000000
3725	0.000000
3726	0.000000
3727	0.000000
3728	0.000000
3729	0.000000
3730	0.000000
3731	0.000000
3732	0.000000
3733	0.000000
3734	0.000000
3735	0.000000
3736	0.000000
3737	0.000000
3738	0.000000
3739	0.000000
3740	0.000000
3741	0.000000
3742	0.000000
3743	0.000000
3744	0.000000
3745	0.000000
3746	0.000000
3747	0.000000
3748	0.000000
3749	0.000000
3750	0.000000
3751	0.000000
3752	0.000000
3753	0.000000
3754	0.000000
3755	0.000000
3756	0.000000
3757	0.000000
3758	0.000000
3759	0.000000
3760	0.000000
3761	0.000000
3762	0.000000
3763	0.000000
3764	0.000000
3765	0.000000
3766	0.000000
3767	0.000000
3768	0.000000
3769	0.000000
3770	0.000000
3771	0.000000
3772	0.000000
3773	0.000000
3774	0.000000
3775	0.000000
3776	0.000000
3777	0.000000
3778	0.000000
3779	0.000000
3780	0.000000
3781	0.000000
3782	0.000000
3783	0.000000
3784	0.000000
3785	0.000000
3786	0.000000
3787	0.000000
3788	0.000000
3789	0.000000
3790	0.000000
3791	0.000000
3792	0.000000
3793	0.000000
3794	0.000000
3795	0.000000
3796	0.000000
3797	0.000000
3798	0.000000
3799	0.000000
3800	0.000000
3801	0.000000
3802	0.000000
3803	0.000000
3804	0.000000
3805	0.000000
3806	0.000000
3807	0.000000
3808	0.000000
3809	0.000000
3810	0.000000
3811	0.000000
3812	0.000000
3813	0.000000
3814	0.000000
3815	0.000000
3816	0.000000
3817	0.000000
3818	0.000000
3819	0.000000
3820	0.000000
3821	0.000000
3822	0.000000
3823	0.000000
3824	0.000000
3825	0.000000
3826	0.000000
3827	0.000000
3828	0.000000
3829	0.000000
3830	0.000000
3831	0.000000
3832	0.000000
3833	0.000000
3834	0.000000
3835	0.000000
3836	0.000000
3837	0.000000
3838	0.000000
3839	0.000000
3840	0.000000
3841	0.000000
3842	0.000000
3843	0.000000
3844	0.000000
3845	0.000000
3846	0.000000
3847	0.000000
3848	0.000000
3849	0.000000
3850	0.000000
3851	0.000000
3852	0.000000
3853	0.000000
3854	0.000000
3855	0.000000
3856	0.000000
3857	0.000000
3858	0.000000
3859	0.000000
3860	0.000000
3861	0.000000
3862	0.000000
3863	0.000000
3864	0.000000
3865	0.000000
3866	0.000000
3867	0.000000
3868	0.000000
3869	0.000000
3870	0.000000
3871	0.000000
3872	0.000000
3873	0.000000
3874	0.000000
3875	0.000000
3876	0.000000
3877	0.000000
3878	0.000000
3879	0.000000
3880	0.000000
3881	0.000000
3882	0.000000
3883	0.000000
3884	0.000000
3885	0.000000
3886	0.000000
3887	0.000000
3888	0.000000
3889	0.000000
3890	0.000000
3891	0.000000
3892	0.000000
3893	0.000000
3894	0.000000
3895	0.000000
3896	0.000000
3897	0.000000
3898	0.000000
3899	0.000000
3900	0.000000
3901	0.000000
3902	0.000000
3903	0.000000
3904	0.000000
3905	0.000000
3906	0.000000
3907	0.000000
3908	0.000000
3909	0.000000
3910	0.000000
3911	0.000000
3912	0.000000
3913	0.000000
3914	0.000000
3915	0.000000
3916	0.000000
3917	0.000000
3918	0.000000
3919	0.000000
3920	0.000000
3921	0.000000
3922	0.000000
3923	0.000000
3924	0.000000
3925	0.000000
3926	0.000000
3927	0.000000
3928	0.000000
3929	0.000000
3930	0.000000
3931	0.000000
3932	0.000000
3933	0.000000
3934	0.000000
3935	0.000000
3936	0.000000
3937	0.000000
3938	0.000000
3939	0.000000
3940	0.000000
3941	0.000000
3942	0.000000
3943	0.000000
3944	0.000000
3945	0.000000
3946	0.000000
3947	0.000000
3948	0.000000
3949	0.000000
3950	0.000000
3951	0.000000
3952	0.000000
3953	0.000000
3954	0.000000
3955	0.000000
3956	0.000000
3957	0.000000
3958	0.000000
3959	0.000000
3960	0.000000
3961	0.000000
3962	0.000000
3963	0.000000
3964	0.000000
3965	0.000000
3966	0.000000
3967	0.000000
3968	0.000000
3969	0.000000
3970	0.000000
3971	0.000000
3972	0.000000
3973	0.000000
3974	0.000000
3975	0.000000
3976	0.000000
3977	0.000000
3978	0.000000
3979	0.000000
3980	0.000000
3981	0.000000
3982	0.000000
3983	0.000000
3984	0.000000
3985	0.000000
3986	0.000000
3987	0.000000
3988	0.000000
3989	0.000000
3990	0.000000
3991	0.000000
3992	0.000000
3993	0.000000
3994	0.000000
3995	0.000000
3996	0.000000
3997	0.000000
3998	0.000000
3999	0.000000
4000	0.000000
4001	0.000000
