0	0.000000
1	0.000000
2	0.000000
3	0.000000
4	0.000000
5	0.000000
6	0.000000
7	0.000000
8	0.000000
9	0.000000
10	0.000000
11	0.000000
12	0.000000
13	0.000000
14	0.000000
15	0.000000
16	0.000000
17	0.000000
18	0.000000
19	0.000000
20	0.000000
21	0.000000
22	0.000000
23	0.000000
24	0.000000
25	0.000000
26	0.000000
27	0.000000
28	0.000000
29	0.000000
30	0.000000
31	0.000000
32	0.000000
33	0.000000
34	0.000000
35	0.000000
36	0.000000
37	0.000000
38	0.000000
39	0.000000
40	0.000000
41	0.000000
42	0.000000
43	0.000000
44	0.000000
45	0.000000
46	0.000000
47	0.000000
48	0.000000
49	0.000000
50	0.000000
51	0.000000
52	0.000000
53	0.000000
54	0.000000
55	0.000000
56	0.000000
57	0.000000
58	0.000000
59	0.000000
60	0.000000
61	0.000000
62	0.000000
63	0.000000
64	0.000000
65	0.000000
66	0.000000
67	0.000000
68	0.000000
69	0.000000
70	0.000000
71	0.000000
72	0.000000
73	0.000000
74	0.000000
75	0.000000
76	0.000000
77	0.000000
78	0.000000
79	0.000000
80	0.000000
81	0.000000
82	0.000000
83	0.000000
84	0.000000
85	0.000000
86	0.000000
87	0.000000
88	0.000000
89	0.000000
90	0.000000
91	0.000000
92	0.000000
93	0.000000
94	0.000000
95	0.000000
96	0.000000
97	0.000000
98	0.000000
99	0.000000
100	0.000000
101	0.000000
102	0.000000
103	0.000000
104	0.000000
105	0.000000
106	0.000000
107	0.000000
108	0.000000
109	0.000000
110	0.000000
111	0.000000
112	0.000000
113	0.000000
114	0.000000
115	0.000000
116	0.000000
117	0.000000
118	0.000000
119	0.000000
120	0.000000
121	0.000000
122	0.000000
123	0.000000
124	0.000000
125	0.000000
126	0.000000
127	0.000000
128	0.000000
129	0.000000
130	0.000000
131	0.000000
132	0.000000
133	0.000000
134	0.000000
135	0.000000
136	0.000000
137	0.000000
138	0.000000
139	0.000000
140	0.000000
141	0.000000
142	0.000000
143	0.000000
144	0.000000
145	0.000000
146	0.000000
147	0.000000
148	0.000000
149	0.000000
150	0.000000
151	0.000000
152	0.000000
153	0.000000
154	0.000000
155	0.000000
156	0.000000
157	0.000000
158	0.000000
159	0.000000
160	0.000000
161	0.000000
162	0.000000
163	0.000000
164	0.000000
165	0.000000
166	0.000000
167	0.000000
168	0.000000
169	0.000000
170	0.000000
171	0.000000
172	0.000000
173	0.000000
174	0.000000
175	0.000000
176	0.000000
177	0.000000
178	0.000000
179	0.000000
180	0.000000
181	0.000000
182	0.000000
183	0.000000
184	0.000000
185	0.000000
186	0.000000
187	0.000000
188	0.000000
189	0.000000
190	0.000000
191	0.000000
192	0.000000
193	0.000000
194	0.000000
195	0.000000
196	0.000000
197	0.000000
198	0.000000
199	0.000000
200	0.000000
201	0.000000
202	0.000000
203	0.000000
204	0.000000
205	0.000000
206	0.000000
207	0.000000
208	0.000000
209	0.000000
210	0.000000
211	0.000000
212	0.000000
213	0.000000
214	0.000000
215	0.000000
216	0.000000
217	0.000000
218	0.000000
219	0.000000
220	0.000000
221	0.000000
222	0.000000
223	0.000000
224	0.000000
225	0.000000
226	0.000000
227	0.000000
228	0.000000
229	0.000000
230	0.000000
231	0.000000
232	0.000000
233	0.000000
234	0.000000
235	0.000000
236	0.000000
237	0.000000
238	0.000000
239	0.000000
240	0.000000
241	0.000000
242	0.000000
243	0.000000
244	0.000000
245	0.000000
246	0.000000
247	0.000000
248	0.000000
249	0.000000
250	0.000000
251	0.000000
252	0.000000
253	0.000000
254	0.000000
255	0.000000
256	0.000000
257	0.000000
258	0.000000
259	0.000000
260	0.000000
261	0.000000
262	0.000000
263	0.000000
264	0.000000
265	0.000000
266	0.000000
267	0.000000
268	0.000000
269	0.000000
270	0.000000
271	0.000000
272	0.000000
273	0.000000
274	0.000000
275	0.000000
276	0.000000
277	0.000000
278	0.000000
279	0.000000
280	0.000000
281	0.000000
282	0.000000
283	0.000000
284	0.000000
285	0.000000
286	0.000000
287	0.000000
288	0.000000
289	0.000000
290	0.000001
291	0.000001
292	0.000001
293	0.000001
294	0.000001
295	0.000001
296	0.000001
297	0.000001
298	0.000002
299	0.000002
300	0.000002
301	0.000003
302	0.000003
303	0.000003
304	0.000004
305	0.000004
306	0.000005
307	0.000005
308	0.000006
309	0.000007
310	0.000008
311	0.000009
312	0.000010
313	0.000011
314	0.000013
315	0.000015
316	0.000016
317	0.000018
318	0.000021
319	0.000023
320	0.000026
321	0.000029
322	0.000033
323	0.000037
324	0.000041
325	0.000046
326	0.000051
327	0.000057
328	0.000063
329	0.000070
330	0.000078
331	0.000087
332	0.000096
333	0.000107
334	0.000118
335	0.000131
336	0.000145
337	0.000160
338	0.000177
339	0.000195
340	0.000215
341	0.000237
342	0.000260
343	0.000286
344	0.000315
345	0.000345
346	0.000379
347	0.000415
348	0.000455
349	0.000498
350	0.000544
351	0.000595
352	0.000649
353	0.000708
354	0.000772
355	0.000841
356	0.000915
357	0.000995
358	0.001081
359	0.001175
360	0.001274
361	0.001382
362	0.001497
363	0.001622
364	0.001754
365	0.001897
366	0.002049
367	0.002213
368	0.002387
369	0.002574
370	0.002773
371	0.002986
372	0.003212
373	0.003454
374	0.003710
375	0.003984
376	0.004274
377	0.004583
378	0.004909
379	0.005257
380	0.005624
381	0.006014
382	0.006425
383	0.006861
384	0.007320
385	0.007805
386	0.008316
387	0.008855
388	0.009421
389	0.010017
390	0.010643
391	0.011300
392	0.011989
393	0.012711
394	0.013467
395	0.014257
396	0.015082
397	0.015944
398	0.016841
399	0.017777
400	0.018750
401	0.019761
402	0.020810
403	0.021899
404	0.023026
405	0.024193
406	0.025398
407	0.026642
408	0.027925
409	0.029247
410	0.030606
411	0.032003
412	0.033436
413	0.034906
414	0.036410
415	0.037949
416	0.039521
417	0.041125
418	0.042760
419	0.044424
420	0.046117
421	0.047837
422	0.049582
423	0.051351
424	0.053143
425	0.054956
426	0.056789
427	0.058640
428	0.060508
429	0.062391
430	0.064288
431	0.066198
432	0.068120
433	0.070051
434	0.071992
435	0.073940
436	0.075894
437	0.077855
438	0.079820
439	0.081789
440	0.083761
441	0.085735
442	0.087711
443	0.089687
444	0.091664
445	0.093640
446	0.095616
447	0.097590
448	0.099562
449	0.101532
450	0.103500
451	0.105465
452	0.107427
453	0.109385
454	0.111340
455	0.113291
456	0.115238
457	0.117181
458	0.119120
459	0.121054
460	0.122984
461	0.124909
462	0.126829
463	0.128745
464	0.130656
465	0.132561
466	0.134462
467	0.136357
468	0.138247
469	0.140132
470	0.142012
471	0.143886
472	0.145754
473	0.147618
474	0.149475
475	0.151327
476	0.153174
477	0.155015
478	0.156850
479	0.158679
480	0.160503
481	0.162320
482	0.164132
483	0.165939
484	0.167739
485	0.169533
486	0.171321
487	0.173104
488	0.174880
489	0.176650
490	0.178415
491	0.180173
492	0.181925
493	0.183671
494	0.185410
495	0.187144
496	0.188871
497	0.190592
498	0.192307
499	0.194016
500	0.195719
501	0.197415
502	0.199105
503	0.200788
504	0.202465
505	0.204136
506	0.205801
507	0.207459
508	0.209111
509	0.210757
510	0.212396
511	0.214029
512	0.215655
513	0.217275
514	0.218889
515	0.220496
516	0.222096
517	0.223691
518	0.225279
519	0.226860
520	0.228435
521	0.230004
522	0.231566
523	0.233122
524	0.234672
525	0.236215
526	0.237751
527	0.239281
528	0.240805
529	0.242323
530	0.243833
531	0.245338
532	0.246836
533	0.248328
534	0.249813
535	0.251292
536	0.252765
537	0.254231
538	0.255691
539	0.257145
540	0.258592
541	0.260033
542	0.261468
543	0.262896
544	0.264318
545	0.265733
546	0.267143
547	0.268546
548	0.269943
549	0.271334
550	0.272718
551	0.274096
552	0.275468
553	0.276834
554	0.278193
555	0.279547
556	0.280894
557	0.282235
558	0.283570
559	0.284899
560	0.286222
561	0.287538
562	0.288849
563	0.290153
564	0.291452
565	0.292744
566	0.294031
567	0.295311
568	0.296586
569	0.297854
570	0.299117
571	0.300373
572	0.301624
573	0.302869
574	0.304108
575	0.305341
576	0.306568
577	0.307789
578	0.309005
579	0.310215
580	0.311419
581	0.312617
582	0.313810
583	0.314996
584	0.316178
585	0.317353
586	0.318523
587	0.319687
588	0.320845
589	0.321998
590	0.323146
591	0.324287
592	0.325423
593	0.326554
594	0.327679
595	0.328799
596	0.329913
597	0.331022
598	0.332125
599	0.333223
600	0.334315
601	0.335402
602	0.336484
603	0.337560
604	0.338631
605	0.339697
606	0.340758
607	0.341813
608	0.342863
609	0.343907
610	0.344947
611	0.345981
612	0.347010
613	0.348034
614	0.349053
615	0.350067
616	0.351076
617	0.352079
618	0.353078
619	0.354072
620	0.355060
621	0.356044
622	0.357022
623	0.357996
624	0.358964
625	0.359928
626	0.360887
627	0.361841
628	0.362790
629	0.363734
630	0.364674
631	0.365609
632	0.366539
633	0.367464
634	0.368384
635	0.369300
636	0.370211
637	0.371117
638	0.372019
639	0.372916
640	0.373808
641	0.374696
642	0.375579
643	0.376457
644	0.377331
645	0.378201
646	0.379066
647	0.379926
648	0.380782
649	0.381634
650	0.382481
651	0.383323
652	0.384161
653	0.384995
654	0.385825
655	0.386650
656	0.387471
657	0.388287
658	0.389099
659	0.389907
660	0.390711
661	0.391510
662	0.392305
663	0.393096
664	0.393883
665	0.394665
666	0.395444
667	0.396218
668	0.396988
669	0.397754
670	0.398516
671	0.399273
672	0.400027
673	0.400777
674	0.401523
675	0.402264
676	0.403002
677	0.403736
678	0.404465
679	0.405191
680	0.405913
681	0.406631
682	0.407345
683	0.408055
684	0.408761
685	0.409464
686	0.410163
687	0.410857
688	0.411548
689	0.412236
690	0.412919
691	0.413599
692	0.414275
693	0.414947
694	0.415616
695	0.416281
696	0.416942
697	0.417599
698	0.418253
699	0.418903
700	0.419550
701	0.420193
702	0.420833
703	0.421468
704	0.422101
705	0.422730
706	0.423355
707	0.423977
708	0.424595
709	0.425210
710	0.425821
711	0.426429
712	0.427033
713	0.427634
714	0.428232
715	0.428826
716	0.429417
717	0.430004
718	0.430588
719	0.431169
720	0.431746
721	0.432321
722	0.432891
723	0.433459
724	0.434023
725	0.434584
726	0.435142
727	0.435696
728	0.436247
729	0.436795
730	0.437340
731	0.437882
732	0.438420
733	0.438956
734	0.439488
735	0.440017
736	0.440543
737	0.441066
738	0.441586
739	0.442102
740	0.442616
741	0.443126
742	0.443634
743	0.444138
744	0.444640
745	0.445138
746	0.445634
747	0.446126
748	0.446616
749	0.447102
750	0.447586
751	0.448066
752	0.448544
753	0.449019
754	0.449491
755	0.449960
756	0.450426
757	0.450889
758	0.451350
759	0.451807
760	0.452262
761	0.452714
762	0.453163
763	0.453609
764	0.454053
765	0.454493
766	0.454931
767	0.455367
768	0.455799
769	0.456229
770	0.456656
771	0.457080
772	0.457502
773	0.457921
774	0.458337
775	0.458750
776	0.459161
777	0.459570
778	0.459975
779	0.460378
780	0.460778
781	0.461176
782	0.461571
783	0.461964
784	0.462354
785	0.462741
786	0.463126
787	0.463508
788	0.463888
789	0.464265
790	0.464640
791	0.465012
792	0.465382
793	0.465749
794	0.466114
795	0.466476
796	0.466836
797	0.467193
798	0.467548
799	0.467900
800	0.468250
801	0.468598
802	0.468943
803	0.469286
804	0.469626
805	0.469964
806	0.470300
807	0.470633
808	0.470964
809	0.471293
810	0.471619
811	0.471943
812	0.472264
813	0.472584
814	0.472901
815	0.473215
816	0.473528
817	0.473838
818	0.474146
819	0.474451
820	0.474755
821	0.475056
822	0.475355
823	0.475651
824	0.475946
825	0.476238
826	0.476528
827	0.476816
828	0.477101
829	0.477385
830	0.477666
831	0.477945
832	0.478222
833	0.478497
834	0.478770
835	0.479040
836	0.479309
837	0.479575
838	0.479839
839	0.480101
840	0.480361
841	0.480619
842	0.480875
843	0.481129
844	0.481380
845	0.481630
846	0.481878
847	0.482123
848	0.482367
849	0.482608
850	0.482848
851	0.483085
852	0.483320
853	0.483554
854	0.483785
855	0.484015
856	0.484242
857	0.484468
858	0.484691
859	0.484913
860	0.485133
861	0.485350
862	0.485566
863	0.485780
864	0.485992
865	0.486202
866	0.486410
867	0.486616
868	0.486821
869	0.487023
870	0.487224
871	0.487422
872	0.487619
873	0.487814
874	0.488007
875	0.488198
876	0.488388
877	0.488575
878	0.488761
879	0.488945
880	0.489127
881	0.489307
882	0.489486
883	0.489662
884	0.489837
885	0.490010
886	0.490181
887	0.490351
888	0.490519
889	0.490685
890	0.490849
891	0.491011
892	0.491172
893	0.491331
894	0.491488
895	0.491644
896	0.491798
897	0.491950
898	0.492100
899	0.492249
900	0.492396
901	0.492541
902	0.492684
903	0.492826
904	0.492967
905	0.493105
906	0.493242
907	0.493377
908	0.493511
909	0.493643
910	0.493773
911	0.493902
912	0.494029
913	0.494154
914	0.494278
915	0.494400
916	0.494520
917	0.494639
918	0.494757
919	0.494872
920	0.494986
921	0.495099
922	0.495210
923	0.495319
924	0.495427
925	0.495533
926	0.495638
927	0.495741
928	0.495843
929	0.495943
930	0.496041
931	0.496138
932	0.496234
933	0.496328
934	0.496420
935	0.496511
936	0.496600
937	0.496688
938	0.496774
939	0.496859
940	0.496943
941	0.497025
942	0.497105
943	0.497184
944	0.497261
945	0.497337
946	0.497412
947	0.497485
948	0.497556
949	0.497627
950	0.497695
951	0.497763
952	0.497828
953	0.497893
954	0.497956
955	0.498017
956	0.498077
957	0.498136
958	0.498193
959	0.498249
960	0.498304
961	0.498357
962	0.498409
963	0.498459
964	0.498508
965	0.498555
966	0.498602
967	0.498646
968	0.498690
969	0.498732
970	0.498773
971	0.498812
972	0.498850
973	0.498887
974	0.498922
975	0.498956
976	0.498989
977	0.499020
978	0.499050
979	0.499079
980	0.499106
981	0.499132
982	0.499157
983	0.499180
984	0.499202
985	0.499223
986	0.499243
987	0.499261
988	0.499278
989	0.499294
990	0.499308
991	0.499321
992	0.499333
993	0.499344
994	0.499353
995	0.499361
996	0.499368
997	0.499374
998	0.499378
999	0.499381
1000	0.499383
1001	0.499383
1002	0.499383
1003	0.499381
1004	0.499378
1005	0.499373
1006	0.499368
1007	0.499361
1008	0.499353
1009	0.499344
1010	0.499334
1011	0.499322
1012	0.499309
1013	0.499295
1014	0.499280
1015	0.499264
1016	0.499246
1017	0.499228
1018	0.499208
1019	0.499187
1020	0.499165
1021	0.499141
1022	0.499117
1023	0.499091
1024	0.499064
1025	0.499036
1026	0.499007
1027	0.498976
1028	0.498945
1029	0.498912
1030	0.498879
1031	0.498844
1032	0.498808
1033	0.498771
1034	0.498732
1035	0.498693
1036	0.498653
1037	0.498611
1038	0.498568
1039	0.498524
1040	0.498479
1041	0.498433
1042	0.498386
1043	0.498338
1044	0.498289
1045	0.498238
1046	0.498187
1047	0.498134
1048	0.498081
1049	0.498026
1050	0.497970
1051	0.497913
1052	0.497855
1053	0.497796
1054	0.497736
1055	0.497675
1056	0.497613
1057	0.497550
1058	0.497485
1059	0.497420
1060	0.497354
1061	0.497286
1062	0.497218
1063	0.497148
1064	0.497078
1065	0.497006
1066	0.496933
1067	0.496860
1068	0.496785
1069	0.496710
1070	0.496633
1071	0.496555
1072	0.496477
1073	0.496397
1074	0.496316
1075	0.496234
1076	0.496152
1077	0.496068
1078	0.495983
1079	0.495898
1080	0.495811
1081	0.495723
1082	0.495635
1083	0.495545
1084	0.495454
1085	0.495363
1086	0.495270
1087	0.495177
1088	0.495082
1089	0.494987
1090	0.494890
1091	0.494793
1092	0.494695
1093	0.494595
1094	0.494495
1095	0.494394
1096	0.494292
1097	0.494189
1098	0.494085
1099	0.493980
1100	0.493874
1101	0.493767
1102	0.493659
1103	0.493551
1104	0.493441
1105	0.493330
1106	0.493219
1107	0.493107
1108	0.492993
1109	0.492879
1110	0.492764
1111	0.492648
1112	0.492531
1113	0.492413
1114	0.492294
1115	0.492175
1116	0.492054
1117	0.491933
1118	0.491810
1119	0.491687
1120	0.491563
1121	0.491438
1122	0.491312
1123	0.491185
1124	0.491058
1125	0.490929
1126	0.490800
1127	0.490670
1128	0.490538
1129	0.490406
1130	0.490273
1131	0.490140
1132	0.490005
1133	0.489870
1134	0.489733
1135	0.489596
1136	0.489458
1137	0.489319
1138	0.489180
1139	0.489039
1140	0.488898
1141	0.488755
1142	0.488612
1143	0.488468
1144	0.488324
1145	0.488178
1146	0.488032
1147	0.487884
1148	0.487736
1149	0.487587
1150	0.487438
1151	0.487287
1152	0.487136
1153	0.486984
1154	0.486831
1155	0.486677
1156	0.486522
1157	0.486367
1158	0.486210
1159	0.486053
1160	0.485896
1161	0.485737
1162	0.485578
1163	0.485417
1164	0.485256
1165	0.485095
1166	0.484932
1167	0.484769
1168	0.484604
1169	0.484439
1170	0.484274
1171	0.484107
1172	0.483940
1173	0.483772
1174	0.483603
1175	0.483433
1176	0.483263
1177	0.483092
1178	0.482920
1179	0.482747
1180	0.482574
1181	0.482400
1182	0.482225
1183	0.482049
1184	0.481872
1185	0.481695
1186	0.481517
1187	0.481338
1188	0.481159
1189	0.480979
1190	0.480798
1191	0.480616
1192	0.480434
1193	0.480250
1194	0.480066
1195	0.479882
1196	0.479696
1197	0.479510
1198	0.479323
1199	0.479136
1200	0.478948
1201	0.478759
1202	0.478569
1203	0.478378
1204	0.478187
1205	0.477995
1206	0.477803
1207	0.477609
1208	0.477415
1209	0.477220
1210	0.477025
1211	0.476829
1212	0.476632
1213	0.476434
1214	0.476236
1215	0.476037
1216	0.475837
1217	0.475637
1218	0.475436
1219	0.475234
1220	0.475032
1221	0.474829
1222	0.474625
1223	0.474420
1224	0.474215
1225	0.474009
1226	0.473803
1227	0.473595
1228	0.473387
1229	0.473179
1230	0.472970
1231	0.472760
1232	0.472549
1233	0.472338
1234	0.472126
1235	0.471913
1236	0.471700
1237	0.471486
1238	0.471271
1239	0.471056
1240	0.470840
1241	0.470623
1242	0.470406
1243	0.470188
1244	0.469970
1245	0.469750
1246	0.469531
1247	0.469310
1248	0.469089
1249	0.468867
1250	0.468645
1251	0.468422
1252	0.468198
1253	0.467973
1254	0.467748
1255	0.467523
1256	0.467297
1257	0.467070
1258	0.466842
1259	0.466614
1260	0.466385
1261	0.466156
1262	0.465926
1263	0.465695
1264	0.465464
1265	0.465232
1266	0.464999
1267	0.464766
1268	0.464532
1269	0.464298
1270	0.464063
1271	0.463827
1272	0.463591
1273	0.463354
1274	0.463117
1275	0.462879
1276	0.462640
1277	0.462401
1278	0.462161
1279	0.461920
1280	0.461679
1281	0.461438
1282	0.461195
1283	0.460952
1284	0.460709
1285	0.460465
1286	0.460220
1287	0.459975
1288	0.459729
1289	0.459483
1290	0.459236
1291	0.458988
1292	0.458740
1293	0.458491
1294	0.458242
1295	0.457992
1296	0.457742
1297	0.457490
1298	0.457239
1299	0.456987
1300	0.456734
1301	0.456480
1302	0.456227
1303	0.455972
1304	0.455717
1305	0.455461
1306	0.455205
1307	0.454948
1308	0.454691
1309	0.454433
1310	0.454175
1311	0.453916
1312	0.453656
1313	0.453396
1314	0.453135
1315	0.452874
1316	0.452612
1317	0.452350
1318	0.452087
1319	0.451823
1320	0.451560
1321	0.451295
1322	0.451030
1323	0.450764
1324	0.450498
1325	0.450231
1326	0.449964
1327	0.449696
1328	0.449428
1329	0.449159
1330	0.448890
1331	0.448620
1332	0.448349
1333	0.448078
1334	0.447807
1335	0.447535
1336	0.447262
1337	0.446989
1338	0.446715
1339	0.446441
1340	0.446166
1341	0.445891
1342	0.445615
1343	0.445339
1344	0.445062
1345	0.444785
1346	0.444507
1347	0.444229
1348	0.443950
1349	0.443671
1350	0.443391
1351	0.443111
1352	0.442830
1353	0.442548
1354	0.442266
1355	0.441984
1356	0.441701
1357	0.441418
1358	0.441134
1359	0.440849
1360	0.440564
1361	0.440279
1362	0.439993
1363	0.439706
1364	0.439420
1365	0.439132
1366	0.438844
1367	0.438556
1368	0.438267
1369	0.437977
1370	0.437688
1371	0.437397
1372	0.437106
1373	0.436815
1374	0.436523
1375	0.436231
1376	0.435938
1377	0.435645
1378	0.435351
1379	0.435057
1380	0.434762
1381	0.434467
1382	0.434171
1383	0.433875
1384	0.433578
1385	0.433281
1386	0.432984
1387	0.432685
1388	0.432387
1389	0.432088
1390	0.431788
1391	0.431489
1392	0.431188
1393	0.430887
1394	0.430586
1395	0.430284
1396	0.429982
1397	0.429679
1398	0.429376
1399	0.429072
1400	0.428768
1401	0.428464
1402	0.428159
1403	0.427853
1404	0.427547
1405	0.427241
1406	0.426934
1407	0.426627
1408	0.426319
1409	0.426011
1410	0.425702
1411	0.425393
1412	0.425083
1413	0.424773
1414	0.424463
1415	0.424152
1416	0.423841
1417	0.423529
1418	0.423217
1419	0.422904
1420	0.422591
1421	0.422277
1422	0.421964
1423	0.421649
1424	0.421334
1425	0.421019
1426	0.420703
1427	0.420387
1428	0.420071
1429	0.419754
1430	0.419436
1431	0.419118
1432	0.418800
1433	0.418481
1434	0.418162
1435	0.417843
1436	0.417523
1437	0.417202
1438	0.416881
1439	0.416560
1440	0.416238
1441	0.415916
1442	0.415594
1443	0.415271
1444	0.414947
1445	0.414624
1446	0.414299
1447	0.413975
1448	0.413650
1449	0.413324
1450	0.412998
1451	0.412672
1452	0.412345
1453	0.412018
1454	0.411691
1455	0.411363
1456	0.411035
1457	0.410706
1458	0.410377
1459	0.410047
1460	0.409717
1461	0.409387
1462	0.409056
1463	0.408725
1464	0.408394
1465	0.408062
1466	0.407729
1467	0.407397
1468	0.407063
1469	0.406730
1470	0.406396
1471	0.406062
1472	0.405727
1473	0.405392
1474	0.405056
1475	0.404720
1476	0.404384
1477	0.404047
1478	0.403710
1479	0.403373
1480	0.403035
1481	0.402697
1482	0.402358
1483	0.402019
1484	0.401680
1485	0.401340
1486	0.401000
1487	0.400659
1488	0.400319
1489	0.399977
1490	0.399636
1491	0.399294
1492	0.398951
1493	0.398608
1494	0.398265
1495	0.397922
1496	0.397578
1497	0.397233
1498	0.396889
1499	0.396544
1500	0.396198
1501	0.395853
1502	0.395506
1503	0.395160
1504	0.394813
1505	0.394466
1506	0.394118
1507	0.393770
1508	0.393422
1509	0.393073
1510	0.392724
1511	0.392375
1512	0.392025
1513	0.391675
1514	0.391324
1515	0.390973
1516	0.390622
1517	0.390270
1518	0.389918
1519	0.389566
1520	0.389213
1521	0.388860
1522	0.388507
1523	0.388153
1524	0.387799
1525	0.387445
1526	0.387090
1527	0.386735
1528	0.386379
1529	0.386024
1530	0.385667
1531	0.385311
1532	0.384954
1533	0.384597
1534	0.384239
1535	0.383881
1536	0.383523
1537	0.383164
1538	0.382805
1539	0.382446
1540	0.382086
1541	0.381726
1542	0.381366
1543	0.381006
1544	0.380645
1545	0.380283
1546	0.379922
1547	0.379560
1548	0.379197
1549	0.378835
1550	0.378472
1551	0.378108
1552	0.377744
1553	0.377380
1554	0.377016
1555	0.376651
1556	0.376286
1557	0.375921
1558	0.375555
1559	0.375190
1560	0.374823
1561	0.374457
1562	0.374090
1563	0.373722
1564	0.373355
1565	0.372987
1566	0.372619
1567	0.372250
1568	0.371881
1569	0.371512
1570	0.371142
1571	0.370772
1572	0.370402
1573	0.370032
1574	0.369661
1575	0.369290
1576	0.368918
1577	0.368546
1578	0.368174
1579	0.367802
1580	0.367429
1581	0.367056
1582	0.366683
1583	0.366309
1584	0.365935
1585	0.365561
1586	0.365186
1587	0.364812
1588	0.364436
1589	0.364061
1590	0.363685
1591	0.363309
1592	0.362932
1593	0.362556
1594	0.362179
1595	0.361801
1596	0.361424
1597	0.361046
1598	0.360667
1599	0.360289
1600	0.359910
1601	0.359531
1602	0.359151
1603	0.358772
1604	0.358392
1605	0.358011
1606	0.357631
1607	0.357250
1608	0.356868
1609	0.356487
1610	0.356105
1611	0.355723
1612	0.355340
1613	0.354958
1614	0.354575
1615	0.354191
1616	0.353808
1617	0.353424
1618	0.353040
1619	0.352655
1620	0.352271
1621	0.351886
1622	0.351500
1623	0.351115
1624	0.350729
1625	0.350343
1626	0.349956
1627	0.349569
1628	0.349182
1629	0.348795
1630	0.348407
1631	0.348019
1632	0.347631
1633	0.347243
1634	0.346854
1635	0.346465
1636	0.346076
1637	0.345686
1638	0.345296
1639	0.344906
1640	0.344516
1641	0.344125
1642	0.343734
1643	0.343343
1644	0.342951
1645	0.342560
1646	0.342168
1647	0.341775
1648	0.341383
1649	0.340990
1650	0.340597
1651	0.340203
1652	0.339810
1653	0.339416
1654	0.339021
1655	0.338627
1656	0.338232
1657	0.337837
1658	0.337442
1659	0.337046
1660	0.336651
1661	0.336254
1662	0.335858
1663	0.335462
1664	0.335065
1665	0.334668
1666	0.334270
1667	0.333872
1668	0.333475
1669	0.333076
1670	0.332678
1671	0.332279
1672	0.331880
1673	0.331481
1674	0.331082
1675	0.330682
1676	0.330282
1677	0.329882
1678	0.329481
1679	0.329080
1680	0.328679
1681	0.328278
1682	0.327877
1683	0.327475
1684	0.327073
1685	0.326670
1686	0.326268
1687	0.325865
1688	0.325462
1689	0.325059
1690	0.324655
1691	0.324252
1692	0.323848
1693	0.323443
1694	0.323039
1695	0.322634
1696	0.322229
1697	0.321824
1698	0.321418
1699	0.321012
1700	0.320606
1701	0.320200
1702	0.319794
1703	0.319387
1704	0.318980
1705	0.318573
1706	0.318165
1707	0.317758
1708	0.317350
1709	0.316942
1710	0.316533
1711	0.316125
1712	0.315716
1713	0.315307
1714	0.314897
1715	0.314488
1716	0.314078
1717	0.313668
1718	0.313257
1719	0.312847
1720	0.312436
1721	0.312025
1722	0.311614
1723	0.311203
1724	0.310791
1725	0.310379
1726	0.309967
1727	0.309554
1728	0.309142
1729	0.308729
1730	0.308316
1731	0.307903
1732	0.307489
1733	0.307075
1734	0.306661
1735	0.306247
1736	0.305833
1737	0.305418
1738	0.305003
1739	0.304588
1740	0.304173
1741	0.303757
1742	0.303341
1743	0.302925
1744	0.302509
1745	0.302093
1746	0.301676
1747	0.301259
1748	0.300842
1749	0.300425
1750	0.300007
1751	0.299589
1752	0.299171
1753	0.298753
1754	0.298335
1755	0.297916
1756	0.297497
1757	0.297078
1758	0.296659
1759	0.296239
1760	0.295820
1761	0.295400
1762	0.294980
1763	0.294559
1764	0.294139
1765	0.293718
1766	0.293297
1767	0.292876
1768	0.292454
1769	0.292033
1770	0.291611
1771	0.291189
1772	0.290767
1773	0.290344
1774	0.289922
1775	0.289499
1776	0.289076
1777	0.288652
1778	0.288229
1779	0.287805
1780	0.287381
1781	0.286957
1782	0.286533
1783	0.286108
1784	0.285684
1785	0.285259
1786	0.284834
1787	0.284408
1788	0.283983
1789	0.283557
1790	0.283131
1791	0.282705
1792	0.282279
1793	0.281852
1794	0.281425
1795	0.280999
1796	0.280571
1797	0.280144
1798	0.279717
1799	0.279289
1800	0.278861
1801	0.278433
1802	0.278005
1803	0.277576
1804	0.277147
1805	0.276719
1806	0.276289
1807	0.275860
1808	0.275431
1809	0.275001
1810	0.274571
1811	0.274141
1812	0.273711
1813	0.273281
1814	0.272850
1815	0.272419
1816	0.271988
1817	0.271557
1818	0.271126
1819	0.270694
1820	0.270262
1821	0.269831
1822	0.269398
1823	0.268966
1824	0.268534
1825	0.268101
1826	0.267668
1827	0.267235
1828	0.266802
1829	0.266368
1830	0.265935
1831	0.265501
1832	0.265067
1833	0.264633
1834	0.264199
1835	0.263764
1836	0.263330
1837	0.262895
1838	0.262460
1839	0.262024
1840	0.261589
1841	0.261153
1842	0.260718
1843	0.260282
1844	0.259846
1845	0.259409
1846	0.258973
1847	0.258536
1848	0.258100
1849	0.257663
1850	0.257225
1851	0.256788
1852	0.256351
1853	0.255913
1854	0.255475
1855	0.255037
1856	0.254599
1857	0.254160
1858	0.253722
1859	0.253283
1860	0.252844
1861	0.252405
1862	0.251966
1863	0.251527
1864	0.251087
1865	0.250647
1866	0.250207
1867	0.249767
1868	0.249327
1869	0.248887
1870	0.248446
1871	0.248005
1872	0.247564
1873	0.247123
1874	0.246682
1875	0.246241
1876	0.245799
1877	0.245357
1878	0.244916
1879	0.244473
1880	0.244031
1881	0.243589
1882	0.243146
1883	0.242704
1884	0.242261
1885	0.241818
1886	0.241375
1887	0.240931
1888	0.240488
1889	0.240044
1890	0.239600
1891	0.239156
1892	0.238712
1893	0.238268
1894	0.237823
1895	0.237379
1896	0.236934
1897	0.236489
1898	0.236044
1899	0.235599
1900	0.235153
1901	0.234708
1902	0.234262
1903	0.233816
1904	0.233370
1905	0.232924
1906	0.232478
1907	0.232031
1908	0.231585
1909	0.231138
1910	0.230691
1911	0.230244
1912	0.229797
1913	0.229349
1914	0.228902
1915	0.228454
1916	0.228006
1917	0.227558
1918	0.227110
1919	0.226662
1920	0.226213
1921	0.225765
1922	0.225316
1923	0.224867
1924	0.224418
1925	0.223969
1926	0.223520
1927	0.223070
1928	0.222621
1929	0.222171
1930	0.221721
1931	0.221271
1932	0.220821
1933	0.220371
1934	0.219920
1935	0.219470
1936	0.219019
1937	0.218568
1938	0.218117
1939	0.217666
1940	0.217215
1941	0.216763
1942	0.216312
1943	0.215860
1944	0.215408
1945	0.214956
1946	0.214504
1947	0.214052
1948	0.213599
1949	0.213147
1950	0.212694
1951	0.212241
1952	0.211788
1953	0.211335
1954	0.210882
1955	0.210429
1956	0.209975
1957	0.209522
1958	0.209068
1959	0.208614
1960	0.208160
1961	0.207706
1962	0.207252
1963	0.206797
1964	0.206343
1965	0.205888
1966	0.205433
1967	0.204978
1968	0.204523
1969	0.204068
1970	0.203613
1971	0.203157
1972	0.202702
1973	0.202246
1974	0.201790
1975	0.201334
1976	0.200878
1977	0.200422
1978	0.199965
1979	0.199509
1980	0.199052
1981	0.198596
1982	0.198139
1983	0.197682
1984	0.197225
1985	0.196767
1986	0.196310
1987	0.195853
1988	0.195395
1989	0.194937
1990	0.194479
1991	0.194021
1992	0.193563
1993	0.193105
1994	0.192647
1995	0.192188
1996	0.191730
1997	0.191271
1998	0.190812
1999	0.190353
2000	0.189894
2001	0.189435
2002	0.188976
2003	0.188516
2004	0.188057
2005	0.187597
2006	0.187138
2007	0.186678
2008	0.186218
2009	0.185758
2010	0.185297
2011	0.184837
2012	0.184377
2013	0.183916
2014	0.183455
2015	0.182995
2016	0.182534
2017	0.182073
2018	0.181612
2019	0.181150
2020	0.180689
2021	0.180227
2022	0.179766
2023	0.179304
2024	0.178842
2025	0.178380
2026	0.177918
2027	0.177456
2028	0.176994
2029	0.176532
2030	0.176069
2031	0.175607
2032	0.175144
2033	0.174681
2034	0.174218
2035	0.173755
2036	0.173292
2037	0.172829
2038	0.172366
2039	0.171902
2040	0.171439
2041	0.170975
2042	0.170511
2043	0.170047
2044	0.169583
2045	0.169119
2046	0.168655
2047	0.168191
2048	0.167727
2049	0.167262
2050	0.166798
2051	0.166333
2052	0.165868
2053	0.165403
2054	0.164938
2055	0.164473
2056	0.164008
2057	0.163543
2058	0.163077
2059	0.162612
2060	0.162146
2061	0.161681
2062	0.161215
2063	0.160749
2064	0.160283
2065	0.159817
2066	0.159351
2067	0.158884
2068	0.158418
2069	0.157952
2070	0.157485
2071	0.157018
2072	0.156552
2073	0.156085
2074	0.155618
2075	0.155151
2076	0.154684
2077	0.154216
2078	0.153749
2079	0.153282
2080	0.152814
2081	0.152347
2082	0.151879
2083	0.151411
2084	0.150943
2085	0.150475
2086	0.150007
2087	0.149539
2088	0.149071
2089	0.148603
2090	0.148134
2091	0.147666
2092	0.147197
2093	0.146728
2094	0.146260
2095	0.145791
2096	0.145322
2097	0.144853
2098	0.144384
2099	0.143915
2100	0.143445
2101	0.142976
2102	0.142506
2103	0.142037
2104	0.141567
2105	0.141098
2106	0.140628
2107	0.140158
2108	0.139688
2109	0.139218
2110	0.138748
2111	0.138277
2112	0.137807
2113	0.137337
2114	0.136866
2115	0.136396
2116	0.135925
2117	0.135454
2118	0.134984
2119	0.134513
2120	0.134042
2121	0.133571
2122	0.133100
2123	0.132628
2124	0.132157
2125	0.131686
2126	0.131214
2127	0.130743
2128	0.130271
2129	0.129800
2130	0.129328
2131	0.128856
2132	0.128384
2133	0.127912
2134	0.127440
2135	0.126968
2136	0.126496
2137	0.126023
2138	0.125551
2139	0.125079
2140	0.124606
2141	0.124134
2142	0.123661
2143	0.123188
2144	0.122715
2145	0.122243
2146	0.121770
2147	0.121297
2148	0.120823
2149	0.120350
2150	0.119877
2151	0.119404
2152	0.118930
2153	0.118457
2154	0.117983
2155	0.117510
2156	0.117036
2157	0.116563
2158	0.116089
2159	0.115615
2160	0.115141
2161	0.114667
2162	0.114193
2163	0.113719
2164	0.113245
2165	0.112770
2166	0.112296
2167	0.111822
2168	0.111347
2169	0.110873
2170	0.110398
2171	0.109923
2172	0.109449
2173	0.108974
2174	0.108499
2175	0.108024
2176	0.107549
2177	0.107074
2178	0.106599
2179	0.106124
2180	0.105649
2181	0.105173
2182	0.104698
2183	0.104222
2184	0.103747
2185	0.103271
2186	0.102796
2187	0.102320
2188	0.101844
2189	0.101369
2190	0.100893
2191	0.100417
2192	0.099941
2193	0.099465
2194	0.098989
2195	0.098513
2196	0.098037
2197	0.097560
2198	0.097084
2199	0.096608
2200	0.096131
2201	0.095655
2202	0.095178
2203	0.094702
2204	0.094225
2205	0.093748
2206	0.093272
2207	0.092795
2208	0.092318
2209	0.091841
2210	0.091364
2211	0.090887
2212	0.090410
2213	0.089933
2214	0.089456
2215	0.088978
2216	0.088501
2217	0.088024
2218	0.087546
2219	0.087069
2220	0.086591
2221	0.086114
2222	0.085636
2223	0.085159
2224	0.084681
2225	0.084203
2226	0.083725
2227	0.083248
2228	0.082770
2229	0.082292
2230	0.081814
2231	0.081336
2232	0.080858
2233	0.080379
2234	0.079901
2235	0.079423
2236	0.078945
2237	0.078467
2238	0.077988
2239	0.077510
2240	0.077031
2241	0.076553
2242	0.076074
2243	0.075596
2244	0.075117
2245	0.074638
2246	0.074160
2247	0.073681
2248	0.073202
2249	0.072723
2250	0.072244
2251	0.071766
2252	0.071287
2253	0.070808
2254	0.070329
2255	0.069850
2256	0.069370
2257	0.068891
2258	0.068412
2259	0.067933
2260	0.067454
2261	0.066974
2262	0.066495
2263	0.066016
2264	0.065536
2265	0.065057
2266	0.064577
2267	0.064098
2268	0.063618
2269	0.063139
2270	0.062659
2271	0.062180
2272	0.061700
2273	0.061220
2274	0.060741
2275	0.060261
2276	0.059781
2277	0.059301
2278	0.058822
2279	0.058342
2280	0.057862
2281	0.057382
2282	0.056902
2283	0.056423
2284	0.055943
2285	0.055463
2286	0.054983
2287	0.054503
2288	0.054023
2289	0.053544
2290	0.053064
2291	0.052584
2292	0.052104
2293	0.051625
2294	0.051145
2295	0.050665
2296	0.050185
2297	0.049706
2298	0.049226
2299	0.048747
2300	0.048267
2301	0.047788
2302	0.047309
2303	0.046830
2304	0.046350
2305	0.045872
2306	0.045393
2307	0.044914
2308	0.044435
2309	0.043957
2310	0.043478
2311	0.043001
2312	0.042522
2313	0.042045
2314	0.041567
2315	0.041091
2316	0.040613
2317	0.040137
2318	0.039660
2319	0.039184
2320	0.038708
2321	0.038233
2322	0.037757
2323	0.037283
2324	0.036808
2325	0.036335
2326	0.035861
2327	0.035389
2328	0.034916
2329	0.034446
2330	0.033973
2331	0.033504
2332	0.033032
2333	0.032565
2334	0.032095
2335	0.031630
2336	0.031161
2337	0.030697
2338	0.030230
2339	0.029769
2340	0.029303
2341	0.028844
2342	0.028380
2343	0.027924
2344	0.027463
2345	0.027009
2346	0.026550
2347	0.026100
2348	0.025643
2349	0.025196
2350	0.024743
2351	0.024299
2352	0.023849
2353	0.023409
2354	0.022962
2355	0.022527
2356	0.022084
2357	0.021653
2358	0.021214
2359	0.020788
2360	0.020354
2361	0.019933
2362	0.019504
2363	0.019088
2364	0.018664
2365	0.018255
2366	0.017836
2367	0.017433
2368	0.017021
2369	0.016624
2370	0.016218
2371	0.015829
2372	0.015430
2373	0.015048
2374	0.014656
2375	0.014282
2376	0.013898
2377	0.013532
2378	0.013156
2379	0.012799
2380	0.012431
2381	0.012083
2382	0.011724
2383	0.011386
2384	0.011036
2385	0.010708
2386	0.010368
2387	0.010049
2388	0.009720
2389	0.009412
2390	0.009093
2391	0.008795
2392	0.008487
2393	0.008200
2394	0.007903
2395	0.007628
2396	0.007342
2397	0.007078
2398	0.006804
2399	0.006552
2400	0.006290
2401	0.006049
2402	0.005799
2403	0.005570
2404	0.005332
2405	0.005115
2406	0.004890
2407	0.004684
2408	0.004471
2409	0.004277
2410	0.004076
2411	0.003894
2412	0.003705
2413	0.003534
2414	0.003357
2415	0.003198
2416	0.003032
2417	0.002884
2418	0.002730
2419	0.002593
2420	0.002450
2421	0.002323
2422	0.002191
2423	0.002074
2424	0.001953
2425	0.001845
2426	0.001734
2427	0.001636
2428	0.001535
2429	0.001445
2430	0.001353
2431	0.001272
2432	0.001188
2433	0.001116
2434	0.001040
2435	0.000975
2436	0.000907
2437	0.000848
2438	0.000787
2439	0.000735
2440	0.000681
2441	0.000635
2442	0.000587
2443	0.000546
2444	0.000503
2445	0.000467
2446	0.000430
2447	0.000398
2448	0.000366
2449	0.000338
2450	0.000310
2451	0.000286
2452	0.000262
2453	0.000241
2454	0.000220
2455	0.000202
2456	0.000184
2457	0.000169
2458	0.000153
2459	0.000140
2460	0.000127
2461	0.000116
2462	0.000105
2463	0.000096
2464	0.000086
2465	0.000078
2466	0.000070
2467	0.000064
2468	0.000057
2469	0.000052
2470	0.000047
2471	0.000042
2472	0.000038
2473	0.000034
2474	0.000030
2475	0.000027
2476	0.000024
2477	0.000022
2478	0.000019
2479	0.000017
2480	0.000015
2481	0.000014
2482	0.000012
2483	0.000011
2484	0.000009
2485	0.000008
2486	0.000007
2487	0.000007
2488	0.000006
2489	0.000005
2490	0.000004
2491	0.000004
2492	0.000003
2493	0.000003
2494	0.000003
2495	0.000002
2496	0.000002
2497	0.000002
2498	0.000002
2499	0.000001
2500	0.000001
2501	0.000001
2502	0.000001
2503	0.000001
2504	0.000001
2505	0.000001
2506	0.000000
2507	0.000000
2508	0.000000
2509	0.000000
2510	0.000000
2511	0.000000
2512	0.000000
2513	0.000000
2514	0.000000
2515	0.000000
2516	0.000000
2517	0.000000
2518	0.000000
2519	0.000000
2520	0.000000
2521	0.000000
2522	0.000000
2523	0.000000
2524	0.000000
2525	0.000000
2526	0.000000
2527	0.000000
2528	0.000000
2529	0.000000
2530	0.000000
2531	0.000000
2532	0.000000
2533	0.000000
2534	0.000000
2535	0.000000
2536	0.000000
2537	0.000000
2538	0.000000
2539	0.000000
2540	0.000000
2541	0.000000
2542	0.000000
2543	0.000000
2544	0.000000
2545	0.000000
2546	0.000000
2547	0.000000
2548	0.000000
2549	0.000000
2550	0.000000
2551	0.000000
2552	0.000000
2553	0.000000
2554	0.000000
2555	0.000000
2556	0.000000
2557	0.000000
2558	0.000000
2559	0.000000
2560	0.000000
2561	0.000000
2562	0.000000
2563	0.000000
2564	0.000000
2565	0.000000
2566	0.000000
2567	0.000000
2568	0.000000
2569	0.000000
2570	0.000000
2571	0.000000
2572	0.000000
2573	0.000000
2574	0.000000
2575	0.000000
2576	0.000000
2577	0.000000
2578	0.000000
2579	0.000000
2580	0.000000
2581	0.000000
2582	0.000000
2583	0.000000
2584	0.000000
2585	0.000000
2586	0.000000
2587	0.000000
2588	0.000000
2589	0.000000
2590	0.000000
2591	0.000000
2592	0.000000
2593	0.000000
2594	0.000000
2595	0.000000
2596	0.000000
2597	0.000000
2598	0.000000
2599	0.000000
2600	0.000000
2601	0.000000
2602	0.000000
2603	0.000000
2604	0.000000
2605	0.000000
2606	0.000000
2607	0.000000
2608	0.000000
2609	0.000000
2610	0.000000
2611	0.000000
2612	0.000000
2613	0.000000
2614	0.000000
2615	0.000000
2616	0.000000
2617	0.000000
2618	0.000000
2619	0.000000
2620	0.000000
2621	0.000000
2622	0.000000
2623	0.000000
2624	0.000000
2625	0.000000
2626	0.000000
2627	0.000000
2628	0.000000
2629	0.000000
2630	0.000000
2631	0.000000
2632	0.000000
2633	0.000000
2634	0.000000
2635	0.000000
2636	0.000000
2637	0.000000
2638	0.000000
2639	0.000000
2640	0.000000
2641	0.000000
2642	0.000000
2643	0.000000
2644	0.000000
2645	0.000000
2646	0.000000
2647	0.000000
2648	0.000000
2649	0.000000
2650	0.000000
2651	0.000000
2652	0.000000
2653	0.000000
2654	0.000000
2655	0.000000
2656	0.000000
2657	0.000000
2658	0.000000
2659	0.000000
2660	0.000000
2661	0.000000
2662	0.000000
2663	0.000000
2664	0.000000
2665	0.000000
2666	0.000000
2667	0.000000
2668	0.000000
2669	0.000000
2670	0.000000
2671	0.000000
2672	0.000000
2673	0.000000
2674	0.000000
2675	0.000000
2676	0.000000
2677	0.000000
2678	0.000000
2679	0.000000
2680	0.000000
2681	0.000000
2682	0.000000
2683	0.000000
2684	0.000000
2685	0.000000
2686	0.000000
2687	0.000000
2688	0.000000
2689	0.000000
2690	0.000000
2691	0.000000
2692	0.000000
2693	0.000000
2694	0.000000
2695	0.000000
2696	0.000000
2697	0.000000
2698	0.000000
2699	0.000000
2700	0.000000
2701	0.000000
2702	0.000000
2703	0.000000
2704	0.000000
2705	0.000000
2706	0.000000
2707	0.000000
2708	0.000000
2709	0.000000
2710	0.000000
2711	0.000000
2712	0.000000
2713	0.000000
2714	0.000000
2715	0.000000
2716	0.000000
2717	0.000000
2718	0.000000
2719	0.000000
2720	0.000000
2721	0.000000
2722	0.000000
2723	0.000000
2724	0.000000
2725	0.000000
2726	0.000000
2727	0.000000
2728	0.000000
2729	0.000000
2730	0.000000
2731	0.000000
2732	0.000000
2733	0.000000
2734	0.000000
2735	0.000000
2736	0.000000
2737	0.000000
2738	0.000000
2739	0.000000
2740	0.000000
2741	0.000000
2742	0.000000
2743	0.000000
2744	0.000000
2745	0.000000
2746	0.000000
2747	0.000000
2748	0.000000
2749	0.000000
2750	0.000000
2751	0.000000
2752	0.000000
2753	0.000000
2754	0.000000
2755	0.000000
2756	0.000000
2757	0.000000
2758	0.000000
2759	0.000000
2760	0.000000
2761	0.000000
2762	0.000000
2763	0.000000
2764	0.000000
2765	0.000000
2766	0.000000
2767	0.000000
2768	0.000000
2769	0.000000
2770	0.000000
2771	0.000000
2772	0.000000
2773	0.000000
2774	0.000000
2775	0.000000
2776	0.000000
2777	0.000000
2778	0.000000
2779	0.000000
2780	0.000000
2781	0.000000
2782	0.000000
2783	0.000000
2784	0.000000
2785	0.000000
2786	0.000000
2787	0.000000
2788	0.000000
2789	0.000000
2790	0.000000
2791	0.000000
2792	0.000000
2793	0.000000
2794	0.000000
2795	0.000000
2796	0.000000
2797	0.000000
2798	0.000000
2799	0.000000
2800	0.000000
2801	0.000000
2802	0.000000
2803	0.000000
2804	0.000000
2805	0.000000
2806	0.000000
2807	0.000000
2808	0.000000
2809	0.000000
2810	0.000000
2811	0.000000
2812	0.000000
2813	0.000000
2814	0.000000
2815	0.000000
2816	0.000000
2817	0.000000
2818	0.000000
2819	0.000000
2820	0.000000
2821	0.000000
2822	0.000000
2823	0.000000
2824	0.000000
2825	0.000000
2826	0.000000
2827	0.000000
2828	0.000000
2829	0.000000
2830	0.000000
2831	0.000000
2832	0.000000
2833	0.000000
2834	0.000000
2835	0.000000
2836	0.000000
2837	0.000000
2838	0.000000
2839	0.000000
2840	0.000000
2841	0.000000
2842	0.000000
2843	0.000000
2844	0.000000
2845	0.000000
2846	0.000000
2847	0.000000
2848	0.000000
2849	0.000000
2850	0.000000
2851	0.000000
2852	0.000000
2853	0.000000
2854	0.000000
2855	0.000000
2856	0.000000
2857	0.000000
2858	0.000000
2859	0.000000
2860	0.000000
2861	0.000000
2862	0.000000
2863	0.000000
2864	0.000000
2865	0.000000
2866	0.000000
2867	0.000000
2868	0.000000
2869	0.000000
2870	0.000000
2871	0.000000
2872	0.000000
2873	0.000000
2874	0.000000
2875	0.000000
2876	0.000000
2877	0.000000
2878	0.000000
2879	0.000000
2880	0.000000
2881	0.000000
2882	0.000000
2883	0.000000
2884	0.000000
2885	0.000000
2886	0.000000
2887	0.000000
2888	0.000000
2889	0.000000
2890	0.000000
2891	0.000000
2892	0.000000
2893	0.000000
2894	0.000000
2895	0.000000
2896	0.000000
2897	0.000000
2898	0.000000
2899	0.000000
2900	0.000000
2901	0.000000
2902	0.000000
2903	0.000000
2904	0.000000
2905	0.000000
2906	0.000000
2907	0.000000
2908	0.000000
2909	0.000000
2910	0.000000
2911	0.000000
2912	0.000000
2913	0.000000
2914	0.000000
2915	0.000000
2916	0.000000
2917	0.000000
2918	0.000000
2919	0.000000
2920	0.000000
2921	0.000000
2922	0.000000
2923	0.000000
2924	0.000000
2925	0.000000
2926	0.000000
2927	0.000000
2928	0.000000
2929	0.000000
2930	0.000000
2931	0.000000
2932	0.000000
2933	0.000000
2934	0.000000
2935	0.000000
2936	0.000000
2937	0.000000
2938	0.000000
2939	0.000000
2940	0.000000
2941	0.000000
2942	0.000000
2943	0.000000
2944	0.000000
2945	0.000000
2946	0.000000
2947	0.000000
2948	0.000000
2949	0.000000
2950	0.000000
2951	0.000000
2952	0.000000
2953	0.000000
2954	0.000000
2955	0.000000
2956	0.000000
2957	0.000000
2958	0.000000
2959	0.000000
2960	0.000000
2961	0.000000
2962	0.000000
2963	0.000000
2964	0.000000
2965	0.000000
2966	0.000000
2967	0.000000
2968	0.000000
2969	0.000000
2970	0.000000
2971	0.000000
2972	0.000000
2973	0.000000
2974	0.000000
2975	0.000000
2976	0.000000
2977	0.000000
2978	0.000000
2979	0.000000
2980	0.000000
2981	0.000000
2982	0.000000
2983	0.000000
2984	0.000000
2985	0.000000
2986	0.000000
2987	0.000000
2988	0.000000
2989	0.000000
2990	0.000000
2991	0.000000
2992	0.000000
2993	0.000000
2994	0.000000
2995	0.000000
2996	0.000000
2997	0.000000
2998	0.000000
2999	0.000000
3000	0.000000
3001	0.000000
3002	0.000000
3003	0.000000
3004	0.000000
3005	0.000000
3006	0.000000
3007	0.000000
3008	0.000000
3009	0.000000
3010	0.000000
3011	0.000000
3012	0.000000
3013	0.000000
3014	0.000000
3015	0.000000
3016	0.000000
3017	0.000000
3018	0.000000
3019	0.000000
3020	0.000000
3021	0.000000
3022	0.000000
3023	0.000000
3024	0.000000
3025	0.000000
3026	0.000000
3027	0.000000
3028	0.000000
3029	0.000000
3030	0.000000
3031	0.000000
3032	0.000000
3033	0.000000
3034	0.000000
3035	0.000000
3036	0.000000
3037	0.000000
3038	0.000000
3039	0.000000
3040	0.000000
3041	0.000000
3042	0.000000
3043	0.000000
3044	0.000000
3045	0.000000
3046	0.000000
3047	0.000000
3048	0.000000
3049	0.000000
3050	0.000000
3051	0.000000
3052	0.000000
3053	0.000000
3054	0.000000
3055	0.000000
3056	0.000000
3057	0.000000
3058	0.000000
3059	0.000000
3060	0.000000
3061	0.000000
3062	0.000000
3063	0.000000
3064	0.000000
3065	0.000000
3066	0.000000
3067	0.000000
3068	0.000000
3069	0.000000
3070	0.000000
3071	0.000000
3072	0.000000
3073	0.000000
3074	0.000000
3075	0.000000
3076	0.000000
3077	0.000000
3078	0.000000
3079	0.000000
3080	0.000000
3081	0.000000
3082	0.000000
3083	0.000000
3084	0.000000
3085	0.000000
3086	0.000000
3087	0.000000
3088	0.000000
3089	0.000000
3090	0.000000
3091	0.000000
3092	0.000000
3093	0.000000
3094	0.000000
3095	0.000000
3096	0.000000
3097	0.000000
3098	0.000000
3099	0.000000
3100	0.000000
3101	0.000000
3102	0.000000
3103	0.000000
3104	0.000000
3105	0.000000
3106	0.000000
3107	0.000000
3108	0.000000
3109	0.000000
3110	0.000000
3111	0.000000
3112	0.000000
3113	0.000000
3114	0.000000
3115	0.000000
3116	0.000000
3117	0.000000
3118	0.000000
3119	0.000000
3120	0.000000
3121	0.000000
3122	0.000000
3123	0.000000
3124	0.000000
3125	0.000000
3126	0.000000
3127	0.000000
3128	0.000000
3129	0.000000
3130	0.000000
3131	0.000000
3132	0.000000
3133	0.000000
3134	0.000000
3135	0.000000
3136	0.000000
3137	0.000000
3138	0.000000
3139	0.000000
3140	0.000000
3141	0.000000
3142	0.000000
3143	0.000000
3144	0.000000
3145	0.000000
3146	0.000000
3147	0.000000
3148	0.000000
3149	0.000000
3150	0.000000
3151	0.000000
3152	0.000000
3153	0.000000
3154	0.000000
3155	0.000000
3156	0.000000
3157	0.000000
3158	0.000000
3159	0.000000
3160	0.000000
3161	0.000000
3162	0.000000
3163	0.000000
3164	0.000000
3165	0.000000
3166	0.000000
3167	0.000000
3168	0.000000
3169	0.000000
3170	0.000000
3171	0.000000
3172	0.000000
3173	0.000000
3174	0.000000
3175	0.000000
3176	0.000000
3177	0.000000
3178	0.000000
3179	0.000000
3180	0.000000
3181	0.000000
3182	0.000000
3183	0.000000
3184	0.000000
3185	0.000000
3186	0.000000
3187	0.000000
3188	0.000000
3189	0.000000
3190	0.000000
3191	0.000000
3192	0.000000
3193	0.000000
3194	0.000000
3195	0.000000
3196	0.000000
3197	0.000000
3198	0.000000
3199	0.000000
3200	0.000000
3201	0.000000
3202	0.000000
3203	0.000000
3204	0.000000
3205	0.000000
3206	0.000000
3207	0.000000
3208	0.000000
3209	0.000000
3210	0.000000
3211	0.000000
3212	0.000000
3213	0.000000
3214	0.000000
3215	0.000000
3216	0.000000
3217	0.000000
3218	0.000000
3219	0.000000
3220	0.000000
3221	0.000000
3222	0.000000
3223	0.000000
3224	0.000000
3225	0.000000
3226	0.000000
3227	0.000000
3228	0.000000
3229	0.000000
3230	0.000000
3231	0.000000
3232	0.000000
3233	0.000000
3234	0.000000
3235	0.000000
3236	0.000000
3237	0.000000
3238	0.000000
3239	0.000000
3240	0.000000
3241	0.000000
3242	0.000000
3243	0.000000
3244	0.000000
3245	0.000000
3246	0.000000
3247	0.000000
3248	0.000000
3249	0.000000
3250	0.000000
3251	0.000000
3252	0.000000
3253	0.000000
3254	0.000000
3255	0.000000
3256	0.000000
3257	0.000000
3258	0.000000
3259	0.000000
3260	0.000000
3261	0.000000
3262	0.000000
3263	0.000000
3264	0.000000
3265	0.000000
3266	0.000000
3267	0.000000
3268	0.000000
3269	0.000000
3270	0.000000
3271	0.000000
3272	0.000000
3273	0.000000
3274	0.000000
3275	0.000000
3276	0.000000
3277	0.000000
3278	0.000000
3279	0.000000
3280	0.000000
3281	0.000000
3282	0.000000
3283	0.000000
3284	0.000000
3285	0.000000
3286	0.000000
3287	0.000000
3288	0.000000
3289	0.000000
3290	0.000000
3291	0.000000
3292	0.000000
3293	0.000000
3294	0.000000
3295	0.000000
3296	0.000000
3297	0.000000
3298	0.000000
3299	0.000000
3300	0.000000
3301	0.000000
3302	0.000000
3303	0.000000
3304	0.000000
3305	0.000000
3306	0.000000
3307	0.000000
3308	0.000000
3309	0.000000
3310	0.000000
3311	0.000000
3312	0.000000
3313	0.000000
3314	0.000000
3315	0.000000
3316	0.000000
3317	0.000000
3318	0.000000
3319	0.000000
3320	0.000000
3321	0.000000
3322	0.000000
3323	0.000000
3324	0.000000
3325	0.000000
3326	0.000000
3327	0.000000
3328	0.000000
3329	0.000000
3330	0.000000
3331	0.000000
3332	0.000000
3333	0.000000
3334	0.000000
3335	0.000000
3336	0.000000
3337	0.000000
3338	0.000000
3339	0.000000
3340	0.000000
3341	0.000000
3342	0.000000
3343	0.000000
3344	0.000000
3345	0.000000
3346	0.000000
3347	0.000000
3348	0.000000
3349	0.000000
3350	0.000000
3351	0.000000
3352	0.000000
3353	0.000000
3354	0.000000
3355	0.000000
3356	0.000000
3357	0.000000
3358	0.000000
3359	0.000000
3360	0.000000
3361	0.000000
3362	0.000000
3363	0.000000
3364	0.000000
3365	0.000000
3366	0.000000
3367	0.000000
3368	0.000000
3369	0.000000
3370	0.000000
3371	0.000000
3372	0.000000
3373	0.000000
3374	0.000000
3375	0.000000
3376	0.000000
3377	0.000000
3378	0.000000
3379	0.000000
3380	0.000000
3381	0.000000
3382	0.000000
3383	0.000000
3384	0.000000
3385	0.000000
3386	0.000000
3387	0.000000
3388	0.000000
3389	0.000000
3390	0.000000
3391	0.000000
3392	0.000000
3393	0.000000
3394	0.000000
3395	0.000000
3396	0.000000
3397	0.000000
3398	0.000000
3399	0.000000
3400	0.000000
3401	0.000000
3402	0.000000
3403	0.000000
3404	0.000000
3405	0.000000
3406	0.000000
3407	0.000000
3408	0.000000
3409	0.000000
3410	0.000000
3411	0.000000
3412	0.000000
3413	0.000000
3414	0.000000
3415	0.000000
3416	0.000000
3417	0.000000
3418	0.000000
3419	0.000000
3420	0.000000
3421	0.000000
3422	0.000000
3423	0.000000
3424	0.000000
3425	0.000000
3426	0.000000
3427	0.000000
3428	0.000000
3429	0.000000
3430	0.000000
3431	0.000000
3432	0.000000
3433	0.000000
3434	0.000000
3435	0.000000
3436	0.000000
3437	0.000000
3438	0.000000
3439	0.000000
3440	0.000000
3441	0.000000
3442	0.000000
3443	0.000000
3444	0.000000
3445	0.000000
3446	0.000000
3447	0.000000
3448	0.000000
3449	0.000000
3450	0.000000
3451	0.000000
3452	0.000000
3453	0.000000
3454	0.000000
3455	0.000000
3456	0.000000
3457	0.000000
3458	0.000000
3459	0.000000
3460	0.000000
3461	0.000000
3462	0.000000
3463	0.000000
3464	0.000000
3465	0.000000
3466	0.000000
3467	0.000000
3468	0.000000
3469	0.000000
3470	0.000000
3471	0.000000
3472	0.000000
3473	0.000000
3474	0.000000
3475	0.000000
3476	0.000000
3477	0.000000
3478	0.000000
3479	0.000000
3480	0.000000
3481	0.000000
3482	0.000000
3483	0.000000
3484	0.000000
3485	0.000000
3486	0.000000
3487	0.000000
3488	0.000000
3489	0.000000
3490	0.000000
3491	0.000000
3492	0.000000
3493	0.000000
3494	0.000000
3495	0.000000
3496	0.000000
3497	0.000000
3498	0.000000
3499	0.000000
3500	0.000000
3501	0.000000
3502	0.000000
3503	0.000000
3504	0.000000
3505	0.000000
3506	0.000000
3507	0.000000
3508	0.000000
3509	0.000000
3510	0.000000
3511	0.000000
3512	0.000000
3513	0.000000
3514	0.000000
3515	0.000000
3516	0.000000
3517	0.000000
3518	0.000000
3519	0.000000
3520	0.000000
3521	0.000000
3522	0.000000
3523	0.000000
3524	0.000000
3525	0.000000
3526	0.000000
3527	0.000000
3528	0.000000
3529	0.000000
3530	0.000000
3531	0.000000
3532	0.000000
3533	0.000000
3534	0.000000
3535	0.000000
3536	0.000000
3537	0.000000
3538	0.000000
3539	0.000000
3540	0.000000
3541	0.000000
3542	0.000000
3543	0.000000
3544	0.000000
3545	0.000000
3546	0.000000
3547	0.000000
3548	0.000000
3549	0.000000
3550	0.000000
3551	0.000000
3552	0.000000
3553	0.000000
3554	0.000000
3555	0.000000
3556	0.000000
3557	0.000000
3558	0.000000
3559	0.000000
3560	0.000000
3561	0.000000
3562	0.000000
3563	0.000000
3564	0.000000
3565	0.000000
3566	0.000000
3567	0.000000
3568	0.000000
3569	0.000000
3570	0.000000
3571	0.000000
3572	0.000000
3573	0.000000
3574	0.000000
3575	0.000000
3576	0.000000
3577	0.000000
3578	0.000000
3579	0.000000
3580	0.000000
3581	0.000000
3582	0.000000
3583	0.000000
3584	0.000000
3585	0.000000
3586	0.000000
3587	0.000000
3588	0.000000
3589	0.000000
3590	0.000000
3591	0.000000
3592	0.000000
3593	0.000000
3594	0.000000
3595	0.000000
3596	0.000000
3597	0.000000
3598	0.000000
3599	0.000000
3600	0.000000
3601	0.000000
3602	0.000000
3603	0.000000
3604	0.000000
3605	0.000000
3606	0.000000
3607	0.000000
3608	0.000000
3609	0.000000
3610	0.000000
3611	0.000000
3612	0.000000
3613	0.000000
3614	0.000000
3615	0.000000
3616	0.000000
3617	0.000000
3618	0.000000
3619	0.000000
3620	0.000000
3621	0.000000
3622	0.000000
3623	0.000000
3624	0.000000
3625	0.000000
3626	0.000000
3627	0.000000
3628	0.000000
3629	0.000000
3630	0.000000
3631	0.000000
3632	0.000000
3633	0.000000
3634	0.000000
3635	0.000000
3636	0.000000
3637	0.000000
3638	0.000000
3639	0.000000
3640	0.000000
3641	0.000000
3642	0.000000
3643	0.000000
3644	0.000000
3645	0.000000
3646	0.000000
3647	0.000000
3648	0.000000
3649	0.000000
3650	0.000000
3651	0.000000
3652	0.000000
3653	0.000000
3654	0.000000
3655	0.000000
3656	0.000000
3657	0.000000
3658	0.000000
3659	0.000000
3660	0.000000
3661	0.000000
3662	0.000000
3663	0.000000
3664	0.000000
3665	0.000000
3666	0.000000
3667	0.000000
3668	0.000000
3669	0.000000
3670	0.000000
3671	0.000000
3672	0.000000
3673	0.000000
3674	0.000000
3675	0.000000
3676	0.000000
3677	0.000000
3678	0.000000
3679	0.000000
3680	0.000000
3681	0.000000
3682	0.000000
3683	0.000000
3684	0.000000
3685	0.000000
3686	0.000000
3687	0.000000
3688	0.000000
3689	0.000000
3690	0.000000
3691	0.000000
3692	0.000000
3693	0.000000
3694	0.000000
3695	0.000000
3696	0.000000
3697	0.000000
3698	0.000000
3699	0.000000
3700	0.000000
3701	0.000000
3702	0.000000
3703	0.000000
3704	0.000000
3705	0.000000
3706	0.000000
3707	0.000000
3708	0.000000
3709	0.000000
3710	0.000000
3711	0.000000
3712	0.000000
3713	0.000000
3714	0.000000
3715	0.000000
3716	0.000000
3717	0.000000
3718	0.000000
3719	0.000000
3720	0.000000
3721	0.000000
3722	0.000000
3723	0.000000
3724	0.000000
3725	0.000000
3726	0.000000
3727	0.000000
3728	0.000000
3729	0.000000
3730	0.000000
3731	0.000000
3732	0.000000
3733	0.000000
3734	0.000000
3735	0.000000
3736	0.000000
3737	0.000000
3738	0.000000
3739	0.000000
3740	0.000000
3741	0.000000
3742	0.000000
3743	0.000000
3744	0.000000
3745	0.000000
3746	0.000000
3747	0.000000
3748	0.000000
3749	0.000000
3750	0.000000
3751	0.000000
3752	0.000000
3753	0.000000
3754	0.000000
3755	0.000000
3756	0.000000
3757	0.000000
3758	0.000000
3759	0.000000
3760	0.000000
3761	0.000000
3762	0.000000
3763	0.000000
3764	0.000000
3765	0.000000
3766	0.000000
3767	0.000000
3768	0.000000
3769	0.000000
3770	0.000000
3771	0.000000
3772	0.000000
3773	0.000000
3774	0.000000
3775	0.000000
3776	0.000000
3777	0.000000
3778	0.000000
3779	0.000000
3780	0.000000
3781	0.000000
3782	0.000000
3783	0.000000
3784	0.000000
3785	0.000000
3786	0.000000
3787	0.000000
3788	0.000000
3789	0.000000
3790	0.000000
3791	0.000000
3792	0.000000
3793	0.000000
3794	0.000000
3795	0.000000
3796	0.000000
3797	0.000000
3798	0.000000
3799	0.000000
3800	0.000000
3801	0.000000
3802	0.000000
3803	0.000000
3804	0.000000
3805	0.000000
3806	0.000000
3807	0.000000
3808	0.000000
3809	0.000000
3810	0.000000
3811	0.000000
3812	0.000000
3813	0.000000
3814	0.000000
3815	0.000000
3816	0.000000
3817	0.000000
3818	0.000000
3819	0.000000
3820	0.000000
3821	0.000000
3822	0.000000
3823	0.000000
3824	0.000000
3825	0.000000
3826	0.000000
3827	0.000000
3828	0.000000
3829	0.000000
3830	0.000000
3831	0.000000
3832	0.000000
3833	0.000000
3834	0.000000
3835	0.000000
3836	0.000000
3837	0.000000
3838	0.000000
3839	0.000000
3840	0.000000
3841	0.000000
3842	0.000000
3843	0.000000
3844	0.000000
3845	0.000000
3846	0.000000
3847	0.000000
3848	0.000000
3849	0.000000
3850	0.000000
3851	0.000000
3852	0.000000
3853	0.000000
3854	0.000000
3855	0.000000
3856	0.000000
3857	0.000000
3858	0.000000
3859	0.000000
3860	0.000000
3861	0.000000
3862	0.000000
3863	0.000000
3864	0.000000
3865	0.000000
3866	0.000000
3867	0.000000
3868	0.000000
3869	0.000000
3870	0.000000
3871	0.000000
3872	0.000000
3873	0.000000
3874	0.000000
3875	0.000000
3876	0.000000
3877	0.000000
3878	0.000000
3879	0.000000
3880	0.000000
3881	0.000000
3882	0.000000
3883	0.000000
3884	0.000000
3885	0.000000
3886	0.000000
3887	0.000000
3888	0.000000
3889	0.000000
3890	0.000000
3891	0.000000
3892	0.000000
3893	0.000000
3894	0.000000
3895	0.000000
3896	0.000000
3897	0.000000
3898	0.000000
3899	0.000000
3900	0.000000
3901	0.000000
3902	0.000000
3903	0.000000
3904	0.000000
3905	0.000000
3906	0.000000
3907	0.000000
3908	0.000000
3909	0.000000
3910	0.000000
3911	0.000000
3912	0.000000
3913	0.000000
3914	0.000000
3915	0.000000
3916	0.000000
3917	0.000000
3918	0.000000
3919	0.000000
3920	0.000000
3921	0.000000
3922	0.000000
3923	0.000000
3924	0.000000
3925	0.000000
3926	0.000000
3927	0.000000
3928	0.000000
3929	0.000000
3930	0.000000
3931	0.000000
3932	0.000000
3933	0.000000
3934	0.000000
3935	0.000000
3936	0.000000
3937	0.000000
3938	0.000000
3939	0.000000
3940	0.000000
3941	0.000000
3942	0.000000
3943	0.000000
3944	0.000000
3945	0.000000
3946	0.000000
3947	0.000000
3948	0.000000
3949	0.000000
3950	0.000000
3951	0.000000
3952	0.000000
3953	0.000000
3954	0.000000
3955	0.000000
3956	0.000000
3957	0.000000
3958	0.000000
3959	0.000000
3960	0.000000
3961	0.000000
3962	0.000000
3963	0.000000
3964	0.000000
3965	0.000000
3966	0.000000
3967	0.000000
3968	0.000000
3969	0.000000
3970	0.000000
3971	0.000000
3972	0.000000
3973	0.000000
3974	0.000000
3975	0.000000
3976	0.000000
3977	0.000000
3978	0.000000
3979	0.000000
3980	0.000000
3981	0.000000
3982	0.000000
3983	0.000000
3984	0.000000
3985	0.000000
3986	0.000000
3987	0.000000
3988	0.000000
3989	0.000000
3990	0.000000
3991	0.000000
3992	0.000000
3993	0.000000
3994	0.000000
3995	0.000000
3996	0.000000
3997	0.000000
3998	0.000000
3999	0.000000
4000	0.000000
4001	0.000000
