0	0.000000
1	0.000000
2	0.000000
3	0.000000
4	0.000000
5	0.000000
6	0.000000
7	0.000000
8	0.000000
9	0.000000
10	0.000000
11	0.000000
12	0.000000
13	0.000000
14	0.000000
15	0.000000
16	0.000000
17	0.000000
18	0.000000
19	0.000000
20	0.000000
21	0.000000
22	0.000000
23	0.000000
24	0.000000
25	0.000000
26	0.000000
27	0.000000
28	0.000000
29	0.000000
30	0.000000
31	0.000000
32	0.000000
33	0.000000
34	0.000000
35	0.000000
36	0.000000
37	0.000000
38	0.000000
39	0.000000
40	0.000000
41	0.000000
42	0.000000
43	0.000000
44	0.000000
45	0.000000
46	0.000000
47	0.000000
48	0.000000
49	0.000000
50	0.000000
51	0.000000
52	0.000000
53	0.000000
54	0.000000
55	0.000000
56	0.000000
57	0.000000
58	0.000000
59	0.000000
60	0.000000
61	0.000000
62	0.000000
63	0.000000
64	0.000000
65	0.000000
66	0.000000
67	0.000000
68	0.000000
69	0.000000
70	0.000000
71	0.000000
72	0.000000
73	0.000000
74	0.000000
75	0.000000
76	0.000000
77	0.000000
78	0.000000
79	0.000000
80	0.000000
81	0.000000
82	0.000000
83	0.000000
84	0.000000
85	0.000000
86	0.000000
87	0.000000
88	0.000000
89	0.000000
90	0.000000
91	0.000000
92	0.000000
93	0.000000
94	0.000000
95	0.000000
96	0.000000
97	0.000000
98	0.000000
99	0.000000
100	0.000000
101	0.000000
102	0.000000
103	0.000000
104	0.000000
105	0.000000
106	0.000000
107	0.000000
108	0.000000
109	0.000000
110	0.000000
111	0.000000
112	0.000000
113	0.000000
114	0.000000
115	0.000000
116	0.000000
117	0.000000
118	0.000000
119	0.000000
120	0.000000
121	0.000000
122	0.000000
123	0.000000
124	0.000000
125	0.000000
126	0.000000
127	0.000000
128	0.000000
129	0.000000
130	0.000000
131	0.000000
132	0.000000
133	0.000000
134	0.000000
135	0.000000
136	0.000000
137	0.000000
138	0.000000
139	0.000000
140	0.000000
141	0.000000
142	0.000000
143	0.000000
144	0.000000
145	0.000000
146	0.000000
147	0.000000
148	0.000000
149	0.000000
150	0.000000
151	0.000000
152	0.000000
153	0.000000
154	0.000000
155	0.000000
156	0.000000
157	0.000000
158	0.000000
159	0.000000
160	0.000000
161	0.000000
162	0.000000
163	0.000000
164	0.000000
165	0.000000
166	0.000000
167	0.000000
168	0.000000
169	0.000000
170	0.000000
171	0.000000
172	0.000000
173	0.000000
174	0.000000
175	0.000000
176	0.000000
177	0.000000
178	0.000000
179	0.000000
180	0.000000
181	0.000000
182	0.000000
183	0.000000
184	0.000000
185	0.000000
186	0.000000
187	0.000000
188	0.000000
189	0.000000
190	0.000000
191	0.000000
192	0.000000
193	0.000000
194	0.000000
195	0.000000
196	0.000000
197	0.000000
198	0.000000
199	0.000000
200	0.000000
201	0.000000
202	0.000000
203	0.000000
204	0.000000
205	0.000000
206	0.000000
207	0.000000
208	0.000000
209	0.000000
210	0.000000
211	0.000000
212	0.000000
213	0.000000
214	0.000000
215	0.000000
216	0.000000
217	0.000000
218	0.000000
219	0.000000
220	0.000000
221	0.000000
222	0.000000
223	0.000000
224	0.000000
225	0.000000
226	0.000000
227	0.000000
228	0.000000
229	0.000000
230	0.000000
231	0.000000
232	0.000000
233	0.000000
234	0.000000
235	0.000000
236	0.000000
237	0.000000
238	0.000000
239	0.000000
240	0.000000
241	0.000000
242	0.000000
243	0.000000
244	0.000000
245	0.000000
246	0.000000
247	0.000000
248	0.000000
249	0.000000
250	0.000000
251	0.000000
252	0.000000
253	0.000000
254	0.000000
255	0.000000
256	0.000000
257	0.000000
258	0.000000
259	0.000000
260	0.000000
261	0.000000
262	0.000000
263	0.000000
264	0.000000
265	0.000000
266	0.000000
267	0.000000
268	0.000000
269	0.000000
270	0.000000
271	0.000000
272	0.000000
273	0.000000
274	0.000000
275	0.000000
276	0.000000
277	0.000000
278	0.000000
279	0.000000
280	0.000000
281	0.000000
282	0.000000
283	0.000000
284	0.000000
285	0.000000
286	0.000000
287	0.000000
288	0.000000
289	0.000000
290	0.000000
291	0.000000
292	0.000000
293	0.000000
294	0.000000
295	0.000000
296	0.000000
297	0.000000
298	0.000000
299	0.000000
300	0.000000
301	0.000000
302	0.000000
303	0.000000
304	0.000000
305	0.000000
306	0.000000
307	0.000000
308	0.000000
309	0.000000
310	0.000000
311	0.000000
312	0.000000
313	0.000000
314	0.000000
315	0.000000
316	0.000000
317	0.000000
318	0.000000
319	0.000000
320	0.000000
321	0.000000
322	0.000000
323	0.000000
324	0.000000
325	0.000000
326	0.000000
327	0.000000
328	0.000000
329	0.000000
330	0.000000
331	0.000000
332	0.000000
333	0.000000
334	0.000000
335	0.000000
336	0.000000
337	0.000000
338	0.000000
339	0.000000
340	0.000000
341	0.000000
342	0.000000
343	0.000000
344	0.000000
345	0.000000
346	0.000000
347	0.000000
348	0.000000
349	0.000000
350	0.000000
351	0.000000
352	0.000000
353	0.000000
354	0.000000
355	0.000000
356	0.000000
357	0.000000
358	0.000000
359	0.000000
360	0.000000
361	0.000000
362	0.000000
363	0.000000
364	0.000000
365	0.000000
366	0.000000
367	0.000000
368	0.000000
369	0.000000
370	0.000000
371	0.000000
372	0.000000
373	0.000000
374	0.000000
375	0.000000
376	0.000000
377	0.000000
378	0.000000
379	0.000000
380	0.000000
381	0.000000
382	0.000000
383	0.000000
384	0.000000
385	0.000000
386	0.000000
387	0.000000
388	0.000000
389	0.000000
390	0.000000
391	0.000000
392	0.000000
393	0.000000
394	0.000000
395	0.000000
396	0.000000
397	0.000000
398	0.000000
399	0.000000
400	0.000000
401	0.000000
402	0.000000
403	0.000000
404	0.000000
405	0.000000
406	0.000000
407	0.000000
408	0.000000
409	0.000000
410	0.000000
411	0.000000
412	0.000000
413	0.000000
414	0.000000
415	0.000000
416	0.000000
417	0.000000
418	0.000000
419	0.000000
420	0.000000
421	0.000000
422	0.000000
423	0.000000
424	0.000000
425	0.000000
426	0.000000
427	0.000000
428	0.000000
429	0.000000
430	0.000000
431	0.000000
432	0.000000
433	0.000000
434	0.000000
435	0.000000
436	0.000000
437	0.000000
438	0.000000
439	0.000000
440	0.000000
441	0.000000
442	0.000000
443	0.000000
444	0.000000
445	0.000000
446	0.000000
447	0.000000
448	0.000000
449	0.000000
450	0.000000
451	0.000000
452	0.000000
453	0.000000
454	0.000000
455	0.000000
456	0.000000
457	0.000000
458	0.000000
459	0.000000
460	0.000000
461	0.000000
462	0.000000
463	0.000000
464	0.000000
465	0.000000
466	0.000000
467	0.000000
468	0.000000
469	0.000000
470	0.000000
471	0.000000
472	0.000000
473	0.000000
474	0.000000
475	0.000000
476	0.000000
477	0.000000
478	0.000000
479	0.000000
480	0.000000
481	0.000000
482	0.000000
483	0.000000
484	0.000000
485	0.000000
486	0.000000
487	0.000000
488	0.000000
489	0.000000
490	0.000000
491	0.000000
492	0.000000
493	0.000000
494	0.000000
495	0.000000
496	0.000000
497	0.000000
498	0.000000
499	0.000000
500	0.000000
501	0.000000
502	0.000000
503	0.000000
504	0.000000
505	0.000000
506	0.000000
507	0.000000
508	0.000000
509	0.000000
510	0.000000
511	0.000000
512	0.000000
513	0.000000
514	0.000000
515	0.000000
516	0.000000
517	0.000000
518	0.000000
519	0.000000
520	0.000000
521	0.000000
522	0.000000
523	0.000000
524	0.000000
525	0.000000
526	0.000000
527	0.000000
528	0.000000
529	0.000000
530	0.000000
531	0.000000
532	0.000000
533	0.000000
534	0.000000
535	0.000000
536	0.000000
537	0.000000
538	0.000000
539	0.000000
540	0.000000
541	0.000000
542	0.000000
543	0.000000
544	0.000000
545	0.000000
546	0.000000
547	0.000000
548	0.000000
549	0.000000
550	0.000000
551	0.000000
552	0.000000
553	0.000000
554	0.000000
555	0.000000
556	0.000000
557	0.000000
558	0.000000
559	0.000000
560	0.000000
561	0.000000
562	0.000000
563	0.000000
564	0.000000
565	0.000000
566	0.000000
567	0.000000
568	0.000000
569	0.000000
570	0.000000
571	0.000000
572	0.000000
573	0.000000
574	0.000000
575	0.000000
576	0.000000
577	0.000000
578	0.000000
579	0.000000
580	0.000000
581	0.000000
582	0.000000
583	0.000000
584	0.000000
585	0.000000
586	0.000000
587	0.000000
588	0.000000
589	0.000000
590	0.000000
591	0.000000
592	0.000000
593	0.000000
594	0.000000
595	0.000000
596	0.000000
597	0.000000
598	0.000000
599	0.000000
600	0.000000
601	0.000000
602	0.000000
603	0.000000
604	0.000000
605	0.000000
606	0.000000
607	0.000000
608	0.000000
609	0.000000
610	0.000000
611	0.000000
612	0.000000
613	0.000000
614	0.000000
615	0.000000
616	0.000000
617	0.000000
618	0.000000
619	0.000000
620	0.000000
621	0.000000
622	0.000000
623	0.000000
624	0.000000
625	0.000000
626	0.000000
627	0.000000
628	0.000000
629	0.000000
630	0.000000
631	0.000000
632	0.000000
633	0.000000
634	0.000000
635	0.000000
636	0.000000
637	0.000000
638	0.000000
639	0.000000
640	0.000000
641	0.000000
642	0.000000
643	0.000000
644	0.000000
645	0.000000
646	0.000000
647	0.000000
648	0.000000
649	0.000000
650	0.000000
651	0.000000
652	0.000000
653	0.000000
654	0.000000
655	0.000000
656	0.000000
657	0.000000
658	0.000000
659	0.000000
660	0.000000
661	0.000000
662	0.000000
663	0.000000
664	0.000000
665	0.000000
666	0.000000
667	0.000000
668	0.000000
669	0.000000
670	0.000000
671	0.000000
672	0.000000
673	0.000000
674	0.000000
675	0.000000
676	0.000000
677	0.000000
678	0.000000
679	0.000000
680	0.000000
681	0.000000
682	0.000000
683	0.000000
684	0.000000
685	0.000000
686	0.000000
687	0.000000
688	0.000000
689	0.000000
690	0.000000
691	0.000000
692	0.000000
693	0.000000
694	0.000000
695	0.000000
696	0.000000
697	0.000000
698	0.000000
699	0.000000
700	0.000000
701	0.000000
702	0.000000
703	0.000000
704	0.000000
705	0.000000
706	0.000000
707	0.000000
708	0.000000
709	0.000000
710	0.000000
711	0.000000
712	0.000000
713	0.000000
714	0.000000
715	0.000000
716	0.000000
717	0.000000
718	0.000000
719	0.000000
720	0.000000
721	0.000000
722	0.000000
723	0.000000
724	0.000000
725	0.000000
726	0.000000
727	0.000000
728	0.000000
729	0.000000
730	0.000000
731	0.000000
732	0.000000
733	0.000000
734	0.000000
735	0.000000
736	0.000000
737	0.000000
738	0.000000
739	0.000000
740	0.000000
741	0.000000
742	0.000000
743	0.000000
744	0.000000
745	0.000000
746	0.000000
747	0.000000
748	0.000000
749	0.000000
750	0.000000
751	0.000000
752	0.000000
753	0.000000
754	0.000000
755	0.000000
756	0.000000
757	0.000000
758	0.000000
759	0.000000
760	0.000000
761	0.000000
762	0.000000
763	0.000000
764	0.000000
765	0.000000
766	0.000000
767	0.000000
768	0.000000
769	0.000000
770	0.000000
771	0.000000
772	0.000000
773	0.000000
774	0.000000
775	0.000000
776	0.000000
777	0.000000
778	0.000000
779	0.000000
780	0.000000
781	0.000000
782	0.000000
783	0.000000
784	0.000000
785	0.000000
786	0.000000
787	0.000000
788	0.000000
789	0.000000
790	0.000000
791	0.000000
792	0.000000
793	0.000000
794	0.000000
795	0.000000
796	0.000000
797	0.000000
798	0.000000
799	0.000000
800	0.000000
801	0.000000
802	0.000000
803	0.000000
804	0.000000
805	0.000000
806	0.000000
807	0.000000
808	0.000000
809	0.000000
810	0.000000
811	0.000000
812	0.000000
813	0.000000
814	0.000000
815	0.000000
816	0.000000
817	0.000000
818	0.000000
819	0.000000
820	0.000000
821	0.000000
822	0.000000
823	0.000000
824	0.000000
825	0.000000
826	0.000000
827	0.000000
828	0.000000
829	0.000000
830	0.000000
831	0.000000
832	0.000000
833	0.000000
834	0.000000
835	0.000000
836	0.000000
837	0.000000
838	0.000000
839	0.000000
840	0.000000
841	0.000000
842	0.000000
843	0.000000
844	0.000000
845	0.000000
846	0.000000
847	0.000000
848	0.000000
849	0.000000
850	0.000000
851	0.000000
852	0.000000
853	0.000000
854	0.000000
855	0.000000
856	0.000000
857	0.000000
858	0.000000
859	0.000000
860	0.000000
861	0.000000
862	0.000000
863	0.000000
864	0.000000
865	0.000000
866	0.000000
867	0.000000
868	0.000000
869	0.000000
870	0.000000
871	0.000000
872	0.000000
873	0.000000
874	0.000000
875	0.000000
876	0.000000
877	0.000000
878	0.000000
879	0.000000
880	0.000000
881	0.000000
882	0.000000
883	0.000000
884	0.000000
885	0.000000
886	0.000000
887	0.000000
888	0.000000
889	0.000000
890	0.000000
891	0.000000
892	0.000000
893	0.000000
894	0.000000
895	0.000000
896	0.000000
897	0.000000
898	0.000000
899	0.000000
900	0.000000
901	0.000000
902	0.000000
903	0.000000
904	0.000000
905	0.000000
906	0.000000
907	0.000000
908	0.000000
909	0.000000
910	0.000000
911	0.000000
912	0.000000
913	0.000000
914	0.000000
915	0.000000
916	0.000000
917	0.000000
918	0.000000
919	0.000000
920	0.000000
921	0.000000
922	0.000000
923	0.000000
924	0.000000
925	0.000000
926	0.000000
927	0.000000
928	0.000000
929	0.000000
930	0.000000
931	0.000000
932	0.000000
933	0.000000
934	0.000000
935	0.000000
936	0.000000
937	0.000000
938	0.000000
939	0.000000
940	0.000000
941	0.000000
942	0.000000
943	0.000000
944	0.000000
945	0.000000
946	0.000000
947	0.000000
948	0.000000
949	0.000000
950	0.000000
951	0.000000
952	0.000000
953	0.000000
954	0.000000
955	0.000000
956	0.000000
957	0.000000
958	0.000000
959	0.000000
960	0.000000
961	0.000000
962	0.000000
963	0.000000
964	0.000000
965	0.000000
966	0.000000
967	0.000000
968	0.000000
969	0.000000
970	0.000000
971	0.000000
972	0.000000
973	0.000000
974	0.000000
975	0.000000
976	0.000000
977	0.000000
978	0.000000
979	0.000000
980	0.000000
981	0.000000
982	0.000000
983	0.000000
984	0.000000
985	0.000000
986	0.000000
987	0.000000
988	0.000000
989	0.000000
990	0.000000
991	0.000000
992	0.000000
993	0.000000
994	0.000000
995	0.000000
996	0.000000
997	0.000000
998	0.000000
999	0.000000
1000	0.000000
1001	0.000000
1002	0.000000
1003	0.000000
1004	0.000000
1005	0.000000
1006	0.000000
1007	0.000000
1008	0.000000
1009	0.000000
1010	0.000000
1011	0.000000
1012	0.000000
1013	0.000000
1014	0.000000
1015	0.000000
1016	0.000000
1017	0.000000
1018	0.000000
1019	0.000000
1020	0.000000
1021	0.000000
1022	0.000000
1023	0.000000
1024	0.000000
1025	0.000000
1026	0.000000
1027	0.000000
1028	0.000000
1029	0.000000
1030	0.000000
1031	0.000000
1032	0.000000
1033	0.000000
1034	0.000000
1035	0.000000
1036	0.000000
1037	0.000000
1038	0.000000
1039	0.000000
1040	0.000000
1041	0.000000
1042	0.000000
1043	0.000000
1044	0.000000
1045	0.000000
1046	0.000000
1047	0.000000
1048	0.000000
1049	0.000000
1050	0.000000
1051	0.000000
1052	0.000000
1053	0.000000
1054	0.000000
1055	0.000000
1056	0.000000
1057	0.000000
1058	0.000000
1059	0.000000
1060	0.000000
1061	0.000000
1062	0.000000
1063	0.000000
1064	0.000000
1065	0.000000
1066	0.000000
1067	0.000000
1068	0.000000
1069	0.000000
1070	0.000000
1071	0.000000
1072	0.000000
1073	0.000000
1074	0.000000
1075	0.000000
1076	0.000000
1077	0.000000
1078	0.000000
1079	0.000000
1080	0.000000
1081	0.000000
1082	0.000000
1083	0.000000
1084	0.000000
1085	0.000000
1086	0.000000
1087	0.000000
1088	0.000000
1089	0.000000
1090	0.000000
1091	0.000000
1092	0.000000
1093	0.000000
1094	0.000000
1095	0.000000
1096	0.000000
1097	0.000000
1098	0.000000
1099	0.000000
1100	0.000000
1101	0.000000
1102	0.000000
1103	0.000000
1104	0.000000
1105	0.000000
1106	0.000000
1107	0.000000
1108	0.000000
1109	0.000000
1110	0.000000
1111	0.000000
1112	0.000000
1113	0.000000
1114	0.000000
1115	0.000000
1116	0.000000
1117	0.000000
1118	0.000000
1119	0.000000
1120	0.000000
1121	0.000000
1122	0.000000
1123	0.000000
1124	0.000000
1125	0.000000
1126	0.000000
1127	0.000000
1128	0.000000
1129	0.000000
1130	0.000000
1131	0.000000
1132	0.000000
1133	0.000000
1134	0.000000
1135	0.000000
1136	0.000000
1137	0.000000
1138	0.000000
1139	0.000000
1140	0.000000
1141	0.000000
1142	0.000000
1143	0.000000
1144	0.000000
1145	0.000000
1146	0.000000
1147	0.000000
1148	0.000000
1149	0.000000
1150	0.000000
1151	0.000000
1152	0.000000
1153	0.000000
1154	0.000000
1155	0.000000
1156	0.000000
1157	0.000000
1158	0.000000
1159	0.000000
1160	0.000000
1161	0.000000
1162	0.000000
1163	0.000000
1164	0.000000
1165	0.000000
1166	0.000000
1167	0.000000
1168	0.000000
1169	0.000000
1170	0.000000
1171	0.000000
1172	0.000000
1173	0.000000
1174	0.000000
1175	0.000000
1176	0.000000
1177	0.000000
1178	0.000000
1179	0.000000
1180	0.000000
1181	0.000000
1182	0.000000
1183	0.000000
1184	0.000000
1185	0.000000
1186	0.000000
1187	0.000000
1188	0.000000
1189	0.000000
1190	0.000000
1191	0.000000
1192	0.000000
1193	0.000000
1194	0.000000
1195	0.000000
1196	0.000000
1197	0.000000
1198	0.000000
1199	0.000000
1200	0.000000
1201	0.000000
1202	0.000000
1203	0.000000
1204	0.000000
1205	0.000000
1206	0.000000
1207	0.000000
1208	0.000000
1209	0.000000
1210	0.000000
1211	0.000000
1212	0.000000
1213	0.000000
1214	0.000000
1215	0.000000
1216	0.000000
1217	0.000000
1218	0.000000
1219	0.000000
1220	0.000000
1221	0.000000
1222	0.000000
1223	0.000000
1224	0.000000
1225	0.000000
1226	0.000000
1227	0.000000
1228	0.000000
1229	0.000000
1230	0.000000
1231	0.000000
1232	0.000000
1233	0.000000
1234	0.000000
1235	0.000000
1236	0.000000
1237	0.000000
1238	0.000000
1239	0.000000
1240	0.000000
1241	0.000000
1242	0.000000
1243	0.000000
1244	0.000000
1245	0.000000
1246	0.000000
1247	0.000000
1248	0.000000
1249	0.000000
1250	0.000000
1251	0.000000
1252	0.000000
1253	0.000000
1254	0.000000
1255	0.000000
1256	0.000000
1257	0.000000
1258	0.000000
1259	0.000000
1260	0.000000
1261	0.000000
1262	0.000000
1263	0.000000
1264	0.000000
1265	0.000000
1266	0.000000
1267	0.000000
1268	0.000000
1269	0.000000
1270	0.000000
1271	0.000000
1272	0.000000
1273	0.000000
1274	0.000000
1275	0.000000
1276	0.000000
1277	0.000000
1278	0.000000
1279	0.000000
1280	0.000000
1281	0.000000
1282	0.000000
1283	0.000000
1284	0.000000
1285	0.000000
1286	0.000000
1287	0.000000
1288	0.000000
1289	0.000000
1290	0.000000
1291	0.000000
1292	0.000000
1293	0.000000
1294	0.000000
1295	0.000000
1296	0.000000
1297	0.000000
1298	0.000000
1299	0.000000
1300	0.000000
1301	0.000000
1302	0.000000
1303	0.000000
1304	0.000000
1305	0.000000
1306	0.000000
1307	0.000000
1308	0.000000
1309	0.000000
1310	0.000000
1311	0.000000
1312	0.000000
1313	0.000000
1314	0.000000
1315	0.000000
1316	0.000000
1317	0.000000
1318	0.000000
1319	0.000000
1320	0.000000
1321	0.000000
1322	0.000000
1323	0.000000
1324	0.000000
1325	0.000000
1326	0.000000
1327	0.000000
1328	0.000000
1329	0.000000
1330	0.000000
1331	0.000000
1332	0.000000
1333	0.000000
1334	0.000000
1335	0.000000
1336	0.000000
1337	0.000000
1338	0.000000
1339	0.000000
1340	0.000000
1341	0.000000
1342	0.000000
1343	0.000000
1344	0.000000
1345	0.000000
1346	0.000000
1347	0.000000
1348	0.000000
1349	0.000000
1350	0.000000
1351	0.000000
1352	0.000000
1353	0.000000
1354	0.000000
1355	0.000000
1356	0.000000
1357	0.000000
1358	0.000000
1359	0.000000
1360	0.000000
1361	0.000000
1362	0.000000
1363	0.000000
1364	0.000000
1365	0.000000
1366	0.000000
1367	0.000000
1368	0.000000
1369	0.000000
1370	0.000000
1371	0.000000
1372	0.000000
1373	0.000000
1374	0.000000
1375	0.000000
1376	0.000000
1377	0.000000
1378	0.000000
1379	0.000000
1380	0.000000
1381	0.000000
1382	0.000000
1383	0.000000
1384	0.000000
1385	0.000000
1386	0.000000
1387	0.000000
1388	0.000000
1389	0.000000
1390	0.000000
1391	0.000000
1392	0.000000
1393	0.000000
1394	0.000000
1395	0.000000
1396	0.000000
1397	0.000000
1398	0.000000
1399	0.000000
1400	0.000000
1401	0.000000
1402	0.000000
1403	0.000000
1404	0.000000
1405	0.000000
1406	0.000000
1407	0.000000
1408	0.000000
1409	0.000000
1410	0.000000
1411	0.000000
1412	0.000000
1413	0.000000
1414	0.000000
1415	0.000000
1416	0.000000
1417	0.000000
1418	0.000000
1419	0.000000
1420	0.000000
1421	0.000000
1422	0.000000
1423	0.000000
1424	0.000000
1425	0.000000
1426	0.000000
1427	0.000000
1428	0.000000
1429	0.000000
1430	0.000000
1431	0.000000
1432	0.000000
1433	0.000000
1434	0.000000
1435	0.000000
1436	0.000000
1437	0.000000
1438	0.000000
1439	0.000000
1440	0.000000
1441	0.000000
1442	0.000000
1443	0.000000
1444	0.000000
1445	0.000000
1446	0.000000
1447	0.000000
1448	0.000000
1449	0.000000
1450	0.000000
1451	0.000000
1452	0.000000
1453	0.000000
1454	0.000000
1455	0.000000
1456	0.000000
1457	0.000000
1458	0.000000
1459	0.000000
1460	0.000000
1461	0.000000
1462	0.000000
1463	0.000000
1464	0.000000
1465	0.000000
1466	0.000000
1467	0.000000
1468	0.000000
1469	0.000000
1470	0.000000
1471	0.000000
1472	0.000000
1473	0.000000
1474	0.000000
1475	0.000000
1476	0.000000
1477	0.000000
1478	0.000000
1479	0.000000
1480	0.000000
1481	0.000000
1482	0.000000
1483	0.000000
1484	0.000000
1485	0.000000
1486	0.000000
1487	0.000000
1488	0.000000
1489	0.000000
1490	0.000000
1491	0.000000
1492	0.000000
1493	0.000000
1494	0.000000
1495	0.000000
1496	0.000000
1497	0.000000
1498	0.000000
1499	0.000000
1500	0.000000
1501	0.000000
1502	0.000000
1503	0.000000
1504	0.000000
1505	0.000000
1506	0.000000
1507	0.000000
1508	0.000000
1509	0.000000
1510	0.000000
1511	0.000000
1512	0.000000
1513	0.000000
1514	0.000000
1515	0.000000
1516	0.000000
1517	0.000000
1518	0.000000
1519	0.000000
1520	0.000000
1521	0.000000
1522	0.000000
1523	0.000000
1524	0.000000
1525	0.000000
1526	0.000000
1527	0.000000
1528	0.000000
1529	0.000000
1530	0.000000
1531	0.000000
1532	0.000000
1533	0.000000
1534	0.000000
1535	0.000000
1536	0.000000
1537	0.000000
1538	0.000000
1539	0.000000
1540	0.000000
1541	0.000000
1542	0.000000
1543	0.000000
1544	0.000000
1545	0.000000
1546	0.000000
1547	0.000000
1548	0.000000
1549	0.000000
1550	0.000000
1551	0.000000
1552	0.000000
1553	0.000000
1554	0.000000
1555	0.000000
1556	0.000000
1557	0.000000
1558	0.000000
1559	0.000000
1560	0.000000
1561	0.000000
1562	0.000000
1563	0.000000
1564	0.000000
1565	0.000000
1566	0.000000
1567	0.000000
1568	0.000000
1569	0.000000
1570	0.000000
1571	0.000000
1572	0.000000
1573	0.000000
1574	0.000000
1575	0.000000
1576	0.000000
1577	0.000000
1578	0.000000
1579	0.000000
1580	0.000000
1581	0.000000
1582	0.000000
1583	0.000000
1584	0.000000
1585	0.000000
1586	0.000000
1587	0.000000
1588	0.000000
1589	0.000000
1590	0.000000
1591	0.000000
1592	0.000000
1593	0.000000
1594	0.000000
1595	0.000000
1596	0.000000
1597	0.000000
1598	0.000000
1599	0.000000
1600	0.000000
1601	0.000000
1602	0.000000
1603	0.000000
1604	0.000000
1605	0.000000
1606	0.000000
1607	0.000000
1608	0.000000
1609	0.000000
1610	0.000000
1611	0.000000
1612	0.000000
1613	0.000000
1614	0.000000
1615	0.000000
1616	0.000000
1617	0.000000
1618	0.000000
1619	0.000000
1620	0.000000
1621	0.000000
1622	0.000000
1623	0.000000
1624	0.000000
1625	0.000000
1626	0.000000
1627	0.000000
1628	0.000000
1629	0.000000
1630	0.000000
1631	0.000000
1632	0.000000
1633	0.000000
1634	0.000000
1635	0.000000
1636	0.000000
1637	0.000000
1638	0.000000
1639	0.000000
1640	0.000000
1641	0.000000
1642	0.000000
1643	0.000000
1644	0.000000
1645	0.000000
1646	0.000000
1647	0.000000
1648	0.000000
1649	0.000000
1650	0.000000
1651	0.000000
1652	0.000000
1653	0.000000
1654	0.000000
1655	0.000000
1656	0.000000
1657	0.000000
1658	0.000000
1659	0.000000
1660	0.000000
1661	0.000000
1662	0.000000
1663	0.000000
1664	0.000000
1665	0.000000
1666	0.000000
1667	0.000000
1668	0.000000
1669	0.000000
1670	0.000000
1671	0.000000
1672	0.000000
1673	0.000000
1674	0.000000
1675	0.000000
1676	0.000000
1677	0.000000
1678	0.000000
1679	0.000000
1680	0.000000
1681	0.000000
1682	0.000000
1683	0.000000
1684	0.000000
1685	0.000000
1686	0.000000
1687	0.000000
1688	0.000000
1689	0.000000
1690	0.000000
1691	0.000000
1692	0.000000
1693	0.000000
1694	0.000000
1695	0.000000
1696	0.000000
1697	0.000000
1698	0.000000
1699	0.000000
1700	0.000000
1701	0.000000
1702	0.000000
1703	0.000000
1704	0.000000
1705	0.000000
1706	0.000000
1707	0.000000
1708	0.000000
1709	0.000000
1710	0.000000
1711	0.000000
1712	0.000000
1713	0.000000
1714	0.000000
1715	0.000000
1716	0.000000
1717	0.000000
1718	0.000000
1719	0.000000
1720	0.000000
1721	0.000000
1722	0.000000
1723	0.000000
1724	0.000000
1725	0.000000
1726	0.000000
1727	0.000000
1728	0.000000
1729	0.000000
1730	0.000000
1731	0.000000
1732	0.000000
1733	0.000000
1734	0.000000
1735	0.000000
1736	0.000000
1737	0.000000
1738	0.000000
1739	0.000000
1740	0.000000
1741	0.000000
1742	0.000000
1743	0.000000
1744	0.000000
1745	0.000000
1746	0.000000
1747	0.000000
1748	0.000000
1749	0.000000
1750	0.000000
1751	0.000000
1752	0.000000
1753	0.000000
1754	0.000000
1755	0.000000
1756	0.000000
1757	0.000000
1758	0.000000
1759	0.000000
1760	0.000000
1761	0.000000
1762	0.000000
1763	0.000000
1764	0.000000
1765	0.000000
1766	0.000000
1767	0.000000
1768	0.000000
1769	0.000000
1770	0.000000
1771	0.000000
1772	0.000000
1773	0.000000
1774	0.000000
1775	0.000000
1776	0.000000
1777	0.000000
1778	0.000000
1779	0.000000
1780	0.000000
1781	0.000000
1782	0.000000
1783	0.000000
1784	0.000000
1785	0.000000
1786	0.000000
1787	0.000000
1788	0.000000
1789	0.000000
1790	0.000000
1791	0.000000
1792	0.000000
1793	0.000000
1794	0.000000
1795	0.000000
1796	0.000000
1797	0.000000
1798	0.000000
1799	0.000000
1800	0.000000
1801	0.000000
1802	0.000000
1803	0.000000
1804	0.000000
1805	0.000000
1806	0.000000
1807	0.000000
1808	0.000000
1809	0.000000
1810	0.000000
1811	0.000000
1812	0.000000
1813	0.000000
1814	0.000000
1815	0.000000
1816	0.000000
1817	0.000000
1818	0.000000
1819	0.000000
1820	0.000000
1821	0.000000
1822	0.000000
1823	0.000000
1824	0.000000
1825	0.000000
1826	0.000000
1827	0.000000
1828	0.000000
1829	0.000000
1830	0.000000
1831	0.000000
1832	0.000000
1833	0.000000
1834	0.000000
1835	0.000000
1836	0.000000
1837	0.000000
1838	0.000000
1839	0.000000
1840	0.000000
1841	0.000000
1842	0.000000
1843	0.000000
1844	0.000000
1845	0.000000
1846	0.000000
1847	0.000000
1848	0.000000
1849	0.000000
1850	0.000000
1851	0.000000
1852	0.000000
1853	0.000000
1854	0.000000
1855	0.000000
1856	0.000000
1857	0.000000
1858	0.000000
1859	0.000000
1860	0.000000
1861	0.000000
1862	0.000000
1863	0.000000
1864	0.000000
1865	0.000000
1866	0.000000
1867	0.000000
1868	0.000000
1869	0.000000
1870	0.000000
1871	0.000000
1872	0.000000
1873	0.000000
1874	0.000000
1875	0.000000
1876	0.000000
1877	0.000000
1878	0.000000
1879	0.000000
1880	0.000000
1881	0.000000
1882	0.000000
1883	0.000000
1884	0.000000
1885	0.000000
1886	0.000000
1887	0.000000
1888	0.000000
1889	0.000000
1890	0.000000
1891	0.000000
1892	0.000000
1893	0.000000
1894	0.000000
1895	0.000000
1896	0.000000
1897	0.000000
1898	0.000000
1899	0.000000
1900	0.000000
1901	0.000000
1902	0.000000
1903	0.000000
1904	0.000000
1905	0.000000
1906	0.000000
1907	0.000000
1908	0.000000
1909	0.000000
1910	0.000000
1911	0.000000
1912	0.000000
1913	0.000000
1914	0.000000
1915	0.000000
1916	0.000000
1917	0.000000
1918	0.000000
1919	0.000000
1920	0.000000
1921	0.000000
1922	0.000000
1923	0.000000
1924	0.000000
1925	0.000000
1926	0.000000
1927	0.000000
1928	0.000000
1929	0.000000
1930	0.000000
1931	0.000000
1932	0.000000
1933	0.000000
1934	0.000000
1935	0.000000
1936	0.000000
1937	0.000000
1938	0.000000
1939	0.000000
1940	0.000000
1941	0.000000
1942	0.000000
1943	0.000000
1944	0.000000
1945	0.000000
1946	0.000000
1947	0.000000
1948	0.000000
1949	0.000000
1950	0.000000
1951	0.000000
1952	0.000000
1953	0.000000
1954	0.000000
1955	0.000000
1956	0.000000
1957	0.000000
1958	0.000000
1959	0.000000
1960	0.000000
1961	0.000000
1962	0.000000
1963	0.000000
1964	0.000000
1965	0.000000
1966	0.000000
1967	0.000000
1968	0.000000
1969	0.000000
1970	0.000000
1971	0.000000
1972	0.000000
1973	0.000000
1974	0.000000
1975	0.000000
1976	0.000000
1977	0.000000
1978	0.000000
1979	0.000000
1980	0.000000
1981	0.000000
1982	0.000000
1983	0.000000
1984	0.000000
1985	0.000000
1986	0.000000
1987	0.000000
1988	0.000000
1989	0.000000
1990	0.000000
1991	0.000000
1992	0.000000
1993	0.000000
1994	0.000000
1995	0.000000
1996	0.000000
1997	0.000000
1998	0.000000
1999	0.000000
2000	0.000000
2001	0.000000
2002	0.000000
2003	0.000000
2004	0.000000
2005	0.000000
2006	0.000000
2007	0.000000
2008	0.000000
2009	0.000000
2010	0.000000
2011	0.000000
2012	0.000000
2013	0.000000
2014	0.000000
2015	0.000000
2016	0.000000
2017	0.000000
2018	0.000000
2019	0.000000
2020	0.000000
2021	0.000000
2022	0.000000
2023	0.000000
2024	0.000000
2025	0.000000
2026	0.000000
2027	0.000000
2028	0.000000
2029	0.000000
2030	0.000000
2031	0.000000
2032	0.000000
2033	0.000000
2034	0.000000
2035	0.000000
2036	0.000000
2037	0.000000
2038	0.000000
2039	0.000000
2040	0.000000
2041	0.000000
2042	0.000000
2043	0.000000
2044	0.000000
2045	0.000000
2046	0.000000
2047	0.000000
2048	0.000000
2049	0.000000
2050	0.000000
2051	0.000000
2052	0.000000
2053	0.000000
2054	0.000000
2055	0.000000
2056	0.000000
2057	0.000000
2058	0.000000
2059	0.000000
2060	0.000000
2061	0.000000
2062	0.000000
2063	0.000000
2064	0.000000
2065	0.000000
2066	0.000000
2067	0.000000
2068	0.000000
2069	0.000000
2070	0.000000
2071	0.000000
2072	0.000000
2073	0.000000
2074	0.000000
2075	0.000000
2076	0.000000
2077	0.000000
2078	0.000000
2079	0.000000
2080	0.000000
2081	0.000000
2082	0.000000
2083	0.000000
2084	0.000000
2085	0.000000
2086	0.000000
2087	0.000000
2088	0.000000
2089	0.000000
2090	0.000000
2091	0.000000
2092	0.000000
2093	0.000000
2094	0.000000
2095	0.000000
2096	0.000000
2097	0.000000
2098	0.000000
2099	0.000000
2100	0.000000
2101	0.000000
2102	0.000000
2103	0.000000
2104	0.000000
2105	0.000000
2106	0.000000
2107	0.000000
2108	0.000000
2109	0.000000
2110	0.000000
2111	0.000000
2112	0.000000
2113	0.000000
2114	0.000000
2115	0.000000
2116	0.000000
2117	0.000000
2118	0.000000
2119	0.000000
2120	0.000000
2121	0.000000
2122	0.000000
2123	0.000000
2124	0.000000
2125	0.000000
2126	0.000000
2127	0.000000
2128	0.000000
2129	0.000000
2130	0.000000
2131	0.000000
2132	0.000000
2133	0.000000
2134	0.000000
2135	0.000000
2136	0.000000
2137	0.000000
2138	0.000000
2139	0.000000
2140	0.000000
2141	0.000000
2142	0.000000
2143	0.000000
2144	0.000000
2145	0.000000
2146	0.000000
2147	0.000000
2148	0.000000
2149	0.000000
2150	0.000000
2151	0.000000
2152	0.000000
2153	0.000000
2154	0.000000
2155	0.000000
2156	0.000000
2157	0.000000
2158	0.000000
2159	0.000000
2160	0.000000
2161	0.000000
2162	0.000000
2163	0.000000
2164	0.000000
2165	0.000000
2166	0.000000
2167	0.000000
2168	0.000000
2169	0.000000
2170	0.000000
2171	0.000000
2172	0.000000
2173	0.000000
2174	0.000000
2175	0.000000
2176	0.000000
2177	0.000000
2178	0.000000
2179	0.000000
2180	0.000000
2181	0.000000
2182	0.000000
2183	0.000000
2184	0.000000
2185	0.000000
2186	0.000000
2187	0.000000
2188	0.000000
2189	0.000000
2190	0.000000
2191	0.000000
2192	0.000000
2193	0.000000
2194	0.000000
2195	0.000000
2196	0.000000
2197	0.000000
2198	0.000000
2199	0.000000
2200	0.000000
2201	0.000000
2202	0.000000
2203	0.000000
2204	0.000000
2205	0.000000
2206	0.000000
2207	0.000000
2208	0.000000
2209	0.000000
2210	0.000000
2211	0.000000
2212	0.000000
2213	0.000000
2214	0.000000
2215	0.000000
2216	0.000000
2217	0.000000
2218	0.000000
2219	0.000000
2220	0.000000
2221	0.000000
2222	0.000000
2223	0.000000
2224	0.000000
2225	0.000000
2226	0.000000
2227	0.000000
2228	0.000000
2229	0.000000
2230	0.000000
2231	0.000000
2232	0.000000
2233	0.000000
2234	0.000000
2235	0.000000
2236	0.000000
2237	0.000000
2238	0.000000
2239	0.000000
2240	0.000000
2241	0.000000
2242	0.000000
2243	0.000000
2244	0.000000
2245	0.000000
2246	0.000000
2247	0.000000
2248	0.000000
2249	0.000000
2250	0.000000
2251	0.000000
2252	0.000000
2253	0.000000
2254	0.000000
2255	0.000000
2256	0.000000
2257	0.000000
2258	0.000000
2259	0.000000
2260	0.000000
2261	0.000000
2262	0.000000
2263	0.000001
2264	0.000001
2265	0.000001
2266	0.000002
2267	0.000002
2268	0.000003
2269	0.000004
2270	0.000006
2271	0.000008
2272	0.000012
2273	0.000017
2274	0.000024
2275	0.000033
2276	0.000046
2277	0.000065
2278	0.000091
2279	0.000128
2280	0.000180
2281	0.000252
2282	0.000353
2283	0.000495
2284	0.000695
2285	0.000973
2286	0.001364
2287	0.001909
2288	0.002671
2289	0.003734
2290	0.005213
2291	0.007266
2292	0.010103
2293	0.014002
2294	0.019323
2295	0.026509
2296	0.036086
2297	0.048620
2298	0.064649
2299	0.084552
2300	0.108390
2301	0.135747
2302	0.165666
2303	0.196726
2304	0.227298
2305	0.255872
2306	0.281326
2307	0.303060
2308	0.320958
2309	0.335264
2310	0.346429
2311	0.354978
2312	0.361425
2313	0.366229
2314	0.369773
2315	0.372364
2316	0.374242
2317	0.375591
2318	0.376550
2319	0.377221
2320	0.377681
2321	0.377988
2322	0.378182
2323	0.378293
2324	0.378345
2325	0.378353
2326	0.378329
2327	0.378282
2328	0.378219
2329	0.378142
2330	0.378057
2331	0.377966
2332	0.377869
2333	0.377769
2334	0.377667
2335	0.377563
2336	0.377457
2337	0.377351
2338	0.377243
2339	0.377135
2340	0.377027
2341	0.376919
2342	0.376810
2343	0.376701
2344	0.376592
2345	0.376483
2346	0.376374
2347	0.376265
2348	0.376156
2349	0.376046
2350	0.375937
2351	0.375828
2352	0.375719
2353	0.375609
2354	0.375500
2355	0.375391
2356	0.375281
2357	0.375172
2358	0.375062
2359	0.374953
2360	0.374844
2361	0.374734
2362	0.374625
2363	0.374515
2364	0.374406
2365	0.374297
2366	0.374187
2367	0.374078
2368	0.373968
2369	0.373859
2370	0.373749
2371	0.373640
2372	0.373530
2373	0.373421
2374	0.373311
2375	0.373202
2376	0.373092
2377	0.372983
2378	0.372873
2379	0.372764
2380	0.372654
2381	0.372544
2382	0.372435
2383	0.372325
2384	0.372216
2385	0.372106
2386	0.371996
2387	0.371887
2388	0.371777
2389	0.371667
2390	0.371558
2391	0.371448
2392	0.371338
2393	0.371229
2394	0.371119
2395	0.371009
2396	0.370900
2397	0.370790
2398	0.370680
2399	0.370570
2400	0.370461
2401	0.370351
2402	0.370241
2403	0.370131
2404	0.370022
2405	0.369912
2406	0.369802
2407	0.369692
2408	0.369582
2409	0.369473
2410	0.369363
2411	0.369253
2412	0.369143
2413	0.369033
2414	0.368923
2415	0.368814
2416	0.368704
2417	0.368594
2418	0.368484
2419	0.368374
2420	0.368264
2421	0.368154
2422	0.368044
2423	0.367934
2424	0.367824
2425	0.367714
2426	0.367604
2427	0.367494
2428	0.367384
2429	0.367274
2430	0.367164
2431	0.367054
2432	0.366944
2433	0.366834
2434	0.366724
2435	0.366614
2436	0.366504
2437	0.366394
2438	0.366284
2439	0.366174
2440	0.366064
2441	0.365954
2442	0.365844
2443	0.365734
2444	0.365624
2445	0.365514
2446	0.365403
2447	0.365293
2448	0.365183
2449	0.365073
2450	0.364963
2451	0.364853
2452	0.364742
2453	0.364632
2454	0.364522
2455	0.364412
2456	0.364302
2457	0.364192
2458	0.364081
2459	0.363971
2460	0.363861
2461	0.363751
2462	0.363640
2463	0.363530
2464	0.363420
2465	0.363310
2466	0.363199
2467	0.363089
2468	0.362979
2469	0.362868
2470	0.362758
2471	0.362648
2472	0.362537
2473	0.362427
2474	0.362317
2475	0.362206
2476	0.362096
2477	0.361986
2478	0.361875
2479	0.361765
2480	0.361654
2481	0.361544
2482	0.361434
2483	0.361323
2484	0.361213
2485	0.361102
2486	0.360992
2487	0.360881
2488	0.360771
2489	0.360661
2490	0.360550
2491	0.360440
2492	0.360329
2493	0.360219
2494	0.360108
2495	0.359998
2496	0.359887
2497	0.359777
2498	0.359666
2499	0.359555
2500	0.359445
2501	0.359334
2502	0.359224
2503	0.359113
2504	0.359003
2505	0.358892
2506	0.358781
2507	0.358671
2508	0.358560
2509	0.358450
2510	0.358339
2511	0.358228
2512	0.358118
2513	0.358007
2514	0.357896
2515	0.357786
2516	0.357675
2517	0.357564
2518	0.357454
2519	0.357343
2520	0.357232
2521	0.357122
2522	0.357011
2523	0.356900
2524	0.356790
2525	0.356679
2526	0.356568
2527	0.356457
2528	0.356347
2529	0.356236
2530	0.356125
2531	0.356014
2532	0.355903
2533	0.355793
2534	0.355682
2535	0.355571
2536	0.355460
2537	0.355349
2538	0.355239
2539	0.355128
2540	0.355017
2541	0.354906
2542	0.354795
2543	0.354684
2544	0.354573
2545	0.354463
2546	0.354352
2547	0.354241
2548	0.354130
2549	0.354019
2550	0.353908
2551	0.353797
2552	0.353686
2553	0.353575
2554	0.353464
2555	0.353353
2556	0.353242
2557	0.353131
2558	0.353020
2559	0.352910
2560	0.352799
2561	0.352688
2562	0.352577
2563	0.352466
2564	0.352355
2565	0.352243
2566	0.352132
2567	0.352021
2568	0.351910
2569	0.351799
2570	0.351688
2571	0.351577
2572	0.351466
2573	0.351355
2574	0.351244
2575	0.351133
2576	0.351022
2577	0.350911
2578	0.350800
2579	0.350688
2580	0.350577
2581	0.350466
2582	0.350355
2583	0.350244
2584	0.350133
2585	0.350022
2586	0.349910
2587	0.349799
2588	0.349688
2589	0.349577
2590	0.349466
2591	0.349354
2592	0.349243
2593	0.349132
2594	0.349021
2595	0.348910
2596	0.348798
2597	0.348687
2598	0.348576
2599	0.348465
2600	0.348353
2601	0.348242
2602	0.348131
2603	0.348019
2604	0.347908
2605	0.347797
2606	0.347686
2607	0.347574
2608	0.347463
2609	0.347352
2610	0.347240
2611	0.347129
2612	0.347018
2613	0.346906
2614	0.346795
2615	0.346684
2616	0.346572
2617	0.346461
2618	0.346349
2619	0.346238
2620	0.346127
2621	0.346015
2622	0.345904
2623	0.345792
2624	0.345681
2625	0.345569
2626	0.345458
2627	0.345347
2628	0.345235
2629	0.345124
2630	0.345012
2631	0.344901
2632	0.344789
2633	0.344678
2634	0.344566
2635	0.344455
2636	0.344343
2637	0.344232
2638	0.344120
2639	0.344009
2640	0.343897
2641	0.343786
2642	0.343674
2643	0.343563
2644	0.343451
2645	0.343339
2646	0.343228
2647	0.343116
2648	0.343005
2649	0.342893
2650	0.342782
2651	0.342670
2652	0.342558
2653	0.342447
2654	0.342335
2655	0.342223
2656	0.342112
2657	0.342000
2658	0.341889
2659	0.341777
2660	0.341665
2661	0.341554
2662	0.341442
2663	0.341330
2664	0.341219
2665	0.341107
2666	0.340995
2667	0.340883
2668	0.340772
2669	0.340660
2670	0.340548
2671	0.340437
2672	0.340325
2673	0.340213
2674	0.340101
2675	0.339990
2676	0.339878
2677	0.339766
2678	0.339654
2679	0.339542
2680	0.339431
2681	0.339319
2682	0.339207
2683	0.339095
2684	0.338983
2685	0.338872
2686	0.338760
2687	0.338648
2688	0.338536
2689	0.338424
2690	0.338312
2691	0.338201
2692	0.338089
2693	0.337977
2694	0.337865
2695	0.337753
2696	0.337641
2697	0.337529
2698	0.337417
2699	0.337306
2700	0.337194
2701	0.337082
2702	0.336970
2703	0.336858
2704	0.336746
2705	0.336634
2706	0.336522
2707	0.336410
2708	0.336298
2709	0.336186
2710	0.336074
2711	0.335962
2712	0.335850
2713	0.335738
2714	0.335626
2715	0.335514
2716	0.335402
2717	0.335290
2718	0.335178
2719	0.335066
2720	0.334954
2721	0.334842
2722	0.334730
2723	0.334618
2724	0.334506
2725	0.334394
2726	0.334282
2727	0.334170
2728	0.334058
2729	0.333946
2730	0.333833
2731	0.333721
2732	0.333609
2733	0.333497
2734	0.333385
2735	0.333273
2736	0.333161
2737	0.333049
2738	0.332937
2739	0.332824
2740	0.332712
2741	0.332600
2742	0.332488
2743	0.332376
2744	0.332264
2745	0.332151
2746	0.332039
2747	0.331927
2748	0.331815
2749	0.331703
2750	0.331590
2751	0.331478
2752	0.331366
2753	0.331254
2754	0.331142
2755	0.331029
2756	0.330917
2757	0.330805
2758	0.330693
2759	0.330580
2760	0.330468
2761	0.330356
2762	0.330243
2763	0.330131
2764	0.330019
2765	0.329907
2766	0.329794
2767	0.329682
2768	0.329570
2769	0.329457
2770	0.329345
2771	0.329233
2772	0.329120
2773	0.329008
2774	0.328896
2775	0.328783
2776	0.328671
2777	0.328559
2778	0.328446
2779	0.328334
2780	0.328221
2781	0.328109
2782	0.327997
2783	0.327884
2784	0.327772
2785	0.327659
2786	0.327547
2787	0.327435
2788	0.327322
2789	0.327210
2790	0.327097
2791	0.326985
2792	0.326872
2793	0.326760
2794	0.326648
2795	0.326535
2796	0.326423
2797	0.326310
2798	0.326198
2799	0.326085
2800	0.325973
2801	0.325860
2802	0.325748
2803	0.325635
2804	0.325523
2805	0.325410
2806	0.325298
2807	0.325185
2808	0.325073
2809	0.324960
2810	0.324847
2811	0.324735
2812	0.324622
2813	0.324510
2814	0.324397
2815	0.324285
2816	0.324172
2817	0.324059
2818	0.323947
2819	0.323834
2820	0.323722
2821	0.323609
2822	0.323496
2823	0.323384
2824	0.323271
2825	0.323159
2826	0.323046
2827	0.322933
2828	0.322821
2829	0.322708
2830	0.322595
2831	0.322483
2832	0.322370
2833	0.322257
2834	0.322145
2835	0.322032
2836	0.321919
2837	0.321807
2838	0.321694
2839	0.321581
2840	0.321468
2841	0.321356
2842	0.321243
2843	0.321130
2844	0.321018
2845	0.320905
2846	0.320792
2847	0.320679
2848	0.320567
2849	0.320454
2850	0.320341
2851	0.320228
2852	0.320115
2853	0.320003
2854	0.319890
2855	0.319777
2856	0.319664
2857	0.319552
2858	0.319439
2859	0.319326
2860	0.319213
2861	0.319100
2862	0.318987
2863	0.318875
2864	0.318762
2865	0.318649
2866	0.318536
2867	0.318423
2868	0.318310
2869	0.318198
2870	0.318085
2871	0.317972
2872	0.317859
2873	0.317746
2874	0.317633
2875	0.317520
2876	0.317407
2877	0.317294
2878	0.317182
2879	0.317069
2880	0.316956
2881	0.316843
2882	0.316730
2883	0.316617
2884	0.316504
2885	0.316391
2886	0.316278
2887	0.316165
2888	0.316052
2889	0.315939
2890	0.315826
2891	0.315713
2892	0.315600
2893	0.315487
2894	0.315374
2895	0.315261
2896	0.315148
2897	0.315035
2898	0.314922
2899	0.314809
2900	0.314696
2901	0.314583
2902	0.314470
2903	0.314357
2904	0.314244
2905	0.314131
2906	0.314018
2907	0.313905
2908	0.313792
2909	0.313679
2910	0.313566
2911	0.313453
2912	0.313340
2913	0.313226
2914	0.313113
2915	0.313000
2916	0.312887
2917	0.312774
2918	0.312661
2919	0.312548
2920	0.312435
2921	0.312322
2922	0.312208
2923	0.312095
2924	0.311982
2925	0.311869
2926	0.311756
2927	0.311643
2928	0.311530
2929	0.311416
2930	0.311303
2931	0.311190
2932	0.311077
2933	0.310964
2934	0.310850
2935	0.310737
2936	0.310624
2937	0.310511
2938	0.310398
2939	0.310284
2940	0.310171
2941	0.310058
2942	0.309945
2943	0.309832
2944	0.309718
2945	0.309605
2946	0.309492
2947	0.309379
2948	0.309265
2949	0.309152
2950	0.309039
2951	0.308925
2952	0.308812
2953	0.308699
2954	0.308586
2955	0.308472
2956	0.308359
2957	0.308246
2958	0.308132
2959	0.308019
2960	0.307906
2961	0.307793
2962	0.307679
2963	0.307566
2964	0.307453
2965	0.307339
2966	0.307226
2967	0.307112
2968	0.306999
2969	0.306886
2970	0.306772
2971	0.306659
2972	0.306546
2973	0.306432
2974	0.306319
2975	0.306206
2976	0.306092
2977	0.305979
2978	0.305865
2979	0.305752
2980	0.305639
2981	0.305525
2982	0.305412
2983	0.305298
2984	0.305185
2985	0.305071
2986	0.304958
2987	0.304845
2988	0.304731
2989	0.304618
2990	0.304504
2991	0.304391
2992	0.304277
2993	0.304164
2994	0.304050
2995	0.303937
2996	0.303823
2997	0.303710
2998	0.303596
2999	0.303483
3000	0.303369
3001	0.303256
3002	0.303142
3003	0.303029
3004	0.302915
3005	0.302802
3006	0.302688
3007	0.302575
3008	0.302461
3009	0.302348
3010	0.302234
3011	0.302121
3012	0.302007
3013	0.301893
3014	0.301780
3015	0.301666
3016	0.301553
3017	0.301439
3018	0.301326
3019	0.301212
3020	0.301098
3021	0.300985
3022	0.300871
3023	0.300758
3024	0.300644
3025	0.300530
3026	0.300417
3027	0.300303
3028	0.300189
3029	0.300076
3030	0.299962
3031	0.299849
3032	0.299735
3033	0.299621
3034	0.299508
3035	0.299394
3036	0.299280
3037	0.299167
3038	0.299053
3039	0.298939
3040	0.298826
3041	0.298712
3042	0.298598
3043	0.298484
3044	0.298371
3045	0.298257
3046	0.298143
3047	0.298030
3048	0.297916
3049	0.297802
3050	0.297688
3051	0.297575
3052	0.297461
3053	0.297347
3054	0.297233
3055	0.297120
3056	0.297006
3057	0.296892
3058	0.296778
3059	0.296665
3060	0.296551
3061	0.296437
3062	0.296323
3063	0.296210
3064	0.296096
3065	0.295982
3066	0.295868
3067	0.295754
3068	0.295641
3069	0.295527
3070	0.295413
3071	0.295299
3072	0.295185
3073	0.295072
3074	0.294958
3075	0.294844
3076	0.294730
3077	0.294616
3078	0.294502
3079	0.294388
3080	0.294275
3081	0.294161
3082	0.294047
3083	0.293933
3084	0.293819
3085	0.293705
3086	0.293591
3087	0.293478
3088	0.293364
3089	0.293250
3090	0.293136
3091	0.293022
3092	0.292908
3093	0.292794
3094	0.292680
3095	0.292566
3096	0.292452
3097	0.292338
3098	0.292224
3099	0.292111
3100	0.291997
3101	0.291883
3102	0.291769
3103	0.291655
3104	0.291541
3105	0.291427
3106	0.291313
3107	0.291199
3108	0.291085
3109	0.290971
3110	0.290857
3111	0.290743
3112	0.290629
3113	0.290515
3114	0.290401
3115	0.290287
3116	0.290173
3117	0.290059
3118	0.289945
3119	0.289831
3120	0.289717
3121	0.289603
3122	0.289489
3123	0.289375
3124	0.289261
3125	0.289147
3126	0.289033
3127	0.288919
3128	0.288805
3129	0.288691
3130	0.288576
3131	0.288462
3132	0.288348
3133	0.288234
3134	0.288120
3135	0.288006
3136	0.287892
3137	0.287778
3138	0.287664
3139	0.287550
3140	0.287436
3141	0.287321
3142	0.287207
3143	0.287093
3144	0.286979
3145	0.286865
3146	0.286751
3147	0.286637
3148	0.286523
3149	0.286408
3150	0.286294
3151	0.286180
3152	0.286066
3153	0.285952
3154	0.285838
3155	0.285723
3156	0.285609
3157	0.285495
3158	0.285381
3159	0.285267
3160	0.285153
3161	0.285038
3162	0.284924
3163	0.284810
3164	0.284696
3165	0.284582
3166	0.284467
3167	0.284353
3168	0.284239
3169	0.284125
3170	0.284011
3171	0.283896
3172	0.283782
3173	0.283668
3174	0.283554
3175	0.283439
3176	0.283325
3177	0.283211
3178	0.283097
3179	0.282982
3180	0.282868
3181	0.282754
3182	0.282640
3183	0.282525
3184	0.282411
3185	0.282297
3186	0.282182
3187	0.282068
3188	0.281954
3189	0.281840
3190	0.281725
3191	0.281611
3192	0.281497
3193	0.281382
3194	0.281268
3195	0.281154
3196	0.281039
3197	0.280925
3198	0.280811
3199	0.280696
3200	0.280582
3201	0.280468
3202	0.280353
3203	0.280239
3204	0.280125
3205	0.280010
3206	0.279896
3207	0.279781
3208	0.279667
3209	0.279553
3210	0.279438
3211	0.279324
3212	0.279210
3213	0.279095
3214	0.278981
3215	0.278866
3216	0.278752
3217	0.278638
3218	0.278523
3219	0.278409
3220	0.278294
3221	0.278180
3222	0.278065
3223	0.277951
3224	0.277837
3225	0.277722
3226	0.277608
3227	0.277493
3228	0.277379
3229	0.277264
3230	0.277150
3231	0.277035
3232	0.276921
3233	0.276807
3234	0.276692
3235	0.276578
3236	0.276463
3237	0.276349
3238	0.276234
3239	0.276120
3240	0.276005
3241	0.275891
3242	0.275776
3243	0.275662
3244	0.275547
3245	0.275433
3246	0.275318
3247	0.275204
3248	0.275089
3249	0.274975
3250	0.274860
3251	0.274746
3252	0.274631
3253	0.274516
3254	0.274402
3255	0.274287
3256	0.274173
3257	0.274058
3258	0.273944
3259	0.273829
3260	0.273715
3261	0.273600
3262	0.273485
3263	0.273371
3264	0.273256
3265	0.273142
3266	0.273027
3267	0.272912
3268	0.272798
3269	0.272683
3270	0.272569
3271	0.272454
3272	0.272339
3273	0.272225
3274	0.272110
3275	0.271996
3276	0.271881
3277	0.271766
3278	0.271652
3279	0.271537
3280	0.271422
3281	0.271308
3282	0.271193
3283	0.271079
3284	0.270964
3285	0.270849
3286	0.270735
3287	0.270620
3288	0.270505
3289	0.270391
3290	0.270276
3291	0.270161
3292	0.270047
3293	0.269932
3294	0.269817
3295	0.269702
3296	0.269588
3297	0.269473
3298	0.269358
3299	0.269244
3300	0.269129
3301	0.269014
3302	0.268900
3303	0.268785
3304	0.268670
3305	0.268555
3306	0.268441
3307	0.268326
3308	0.268211
3309	0.268096
3310	0.267982
3311	0.267867
3312	0.267752
3313	0.267637
3314	0.267523
3315	0.267408
3316	0.267293
3317	0.267178
3318	0.267064
3319	0.266949
3320	0.266834
3321	0.266719
3322	0.266604
3323	0.266490
3324	0.266375
3325	0.266260
3326	0.266145
3327	0.266030
3328	0.265916
3329	0.265801
3330	0.265686
3331	0.265571
3332	0.265456
3333	0.265342
3334	0.265227
3335	0.265112
3336	0.264997
3337	0.264882
3338	0.264767
3339	0.264653
3340	0.264538
3341	0.264423
3342	0.264308
3343	0.264193
3344	0.264078
3345	0.263963
3346	0.263849
3347	0.263734
3348	0.263619
3349	0.263504
3350	0.263389
3351	0.263274
3352	0.263159
3353	0.263044
3354	0.262930
3355	0.262815
3356	0.262700
3357	0.262585
3358	0.262470
3359	0.262355
3360	0.262240
3361	0.262125
3362	0.262010
3363	0.261895
3364	0.261780
3365	0.261665
3366	0.261551
3367	0.261436
3368	0.261321
3369	0.261206
3370	0.261091
3371	0.260976
3372	0.260861
3373	0.260746
3374	0.260631
3375	0.260516
3376	0.260401
3377	0.260286
3378	0.260171
3379	0.260056
3380	0.259941
3381	0.259826
3382	0.259711
3383	0.259596
3384	0.259481
3385	0.259366
3386	0.259251
3387	0.259136
3388	0.259021
3389	0.258906
3390	0.258791
3391	0.258676
3392	0.258561
3393	0.258446
3394	0.258331
3395	0.258216
3396	0.258101
3397	0.257986
3398	0.257871
3399	0.257756
3400	0.257641
3401	0.257526
3402	0.257411
3403	0.257296
3404	0.257181
3405	0.257066
3406	0.256950
3407	0.256835
3408	0.256720
3409	0.256605
3410	0.256490
3411	0.256375
3412	0.256260
3413	0.256145
3414	0.256030
3415	0.255915
3416	0.255800
3417	0.255685
3418	0.255569
3419	0.255454
3420	0.255339
3421	0.255224
3422	0.255109
3423	0.254994
3424	0.254879
3425	0.254764
3426	0.254648
3427	0.254533
3428	0.254418
3429	0.254303
3430	0.254188
3431	0.254073
3432	0.253958
3433	0.253842
3434	0.253727
3435	0.253612
3436	0.253497
3437	0.253382
3438	0.253267
3439	0.253152
3440	0.253036
3441	0.252921
3442	0.252806
3443	0.252691
3444	0.252576
3445	0.252460
3446	0.252345
3447	0.252230
3448	0.252115
3449	0.252000
3450	0.251884
3451	0.251769
3452	0.251654
3453	0.251539
3454	0.251424
3455	0.251308
3456	0.251193
3457	0.251078
3458	0.250963
3459	0.250847
3460	0.250732
3461	0.250617
3462	0.250502
3463	0.250387
3464	0.250271
3465	0.250156
3466	0.250041
3467	0.249926
3468	0.249810
3469	0.249695
3470	0.249580
3471	0.249464
3472	0.249349
3473	0.249234
3474	0.249119
3475	0.249003
3476	0.248888
3477	0.248773
3478	0.248658
3479	0.248542
3480	0.248427
3481	0.248312
3482	0.248196
3483	0.248081
3484	0.247966
3485	0.247850
3486	0.247735
3487	0.247620
3488	0.247504
3489	0.247389
3490	0.247274
3491	0.247158
3492	0.247043
3493	0.246928
3494	0.246812
3495	0.246697
3496	0.246582
3497	0.246466
3498	0.246351
3499	0.246236
3500	0.246120
3501	0.246005
3502	0.245890
3503	0.245774
3504	0.245659
3505	0.245544
3506	0.245428
3507	0.245313
3508	0.245197
3509	0.245082
3510	0.244967
3511	0.244851
3512	0.244736
3513	0.244621
3514	0.244505
3515	0.244390
3516	0.244274
3517	0.244159
3518	0.244043
3519	0.243928
3520	0.243813
3521	0.243697
3522	0.243582
3523	0.243466
3524	0.243351
3525	0.243236
3526	0.243120
3527	0.243005
3528	0.242889
3529	0.242774
3530	0.242658
3531	0.242543
3532	0.242427
3533	0.242312
3534	0.242197
3535	0.242081
3536	0.241966
3537	0.241850
3538	0.241735
3539	0.241619
3540	0.241504
3541	0.241388
3542	0.241273
3543	0.241157
3544	0.241042
3545	0.240926
3546	0.240811
3547	0.240695
3548	0.240580
3549	0.240464
3550	0.240349
3551	0.240233
3552	0.240118
3553	0.240002
3554	0.239887
3555	0.239771
3556	0.239656
3557	0.239540
3558	0.239425
3559	0.239309
3560	0.239194
3561	0.239078
3562	0.238963
3563	0.238847
3564	0.238732
3565	0.238616
3566	0.238501
3567	0.238385
3568	0.238269
3569	0.238154
3570	0.238038
3571	0.237923
3572	0.237807
3573	0.237692
3574	0.237576
3575	0.237460
3576	0.237345
3577	0.237229
3578	0.237114
3579	0.236998
3580	0.236883
3581	0.236767
3582	0.236651
3583	0.236536
3584	0.236420
3585	0.236305
3586	0.236189
3587	0.236073
3588	0.235958
3589	0.235842
3590	0.235727
3591	0.235611
3592	0.235495
3593	0.235380
3594	0.235264
3595	0.235149
3596	0.235033
3597	0.234917
3598	0.234802
3599	0.234686
3600	0.234570
3601	0.234455
3602	0.234339
3603	0.234223
3604	0.234108
3605	0.233992
3606	0.233876
3607	0.233761
3608	0.233645
3609	0.233529
3610	0.233414
3611	0.233298
3612	0.233182
3613	0.233067
3614	0.232951
3615	0.232835
3616	0.232720
3617	0.232604
3618	0.232488
3619	0.232373
3620	0.232257
3621	0.232141
3622	0.232026
3623	0.231910
3624	0.231794
3625	0.231678
3626	0.231563
3627	0.231447
3628	0.231331
3629	0.231216
3630	0.231100
3631	0.230984
3632	0.230868
3633	0.230753
3634	0.230637
3635	0.230521
3636	0.230406
3637	0.230290
3638	0.230174
3639	0.230058
3640	0.229943
3641	0.229827
3642	0.229711
3643	0.229595
3644	0.229480
3645	0.229364
3646	0.229248
3647	0.229132
3648	0.229017
3649	0.228901
3650	0.228785
3651	0.228669
3652	0.228553
3653	0.228438
3654	0.228322
3655	0.228206
3656	0.228090
3657	0.227974
3658	0.227859
3659	0.227743
3660	0.227627
3661	0.227511
3662	0.227396
3663	0.227280
3664	0.227164
3665	0.227048
3666	0.226932
3667	0.226816
3668	0.226701
3669	0.226585
3670	0.226469
3671	0.226353
3672	0.226237
3673	0.226121
3674	0.226006
3675	0.225890
3676	0.225774
3677	0.225658
3678	0.225542
3679	0.225426
3680	0.225311
3681	0.225195
3682	0.225079
3683	0.224963
3684	0.224847
3685	0.224731
3686	0.224615
3687	0.224500
3688	0.224384
3689	0.224268
3690	0.224152
3691	0.224036
3692	0.223920
3693	0.223804
3694	0.223688
3695	0.223573
3696	0.223457
3697	0.223341
3698	0.223225
3699	0.223109
3700	0.222993
3701	0.222877
3702	0.222761
3703	0.222645
3704	0.222529
3705	0.222414
3706	0.222298
3707	0.222182
3708	0.222066
3709	0.221950
3710	0.221834
3711	0.221718
3712	0.221602
3713	0.221486
3714	0.221370
3715	0.221254
3716	0.221138
3717	0.221022
3718	0.220906
3719	0.220791
3720	0.220675
3721	0.220559
3722	0.220443
3723	0.220327
3724	0.220211
3725	0.220095
3726	0.219979
3727	0.219863
3728	0.219747
3729	0.219631
3730	0.219515
3731	0.219399
3732	0.219283
3733	0.219167
3734	0.219051
3735	0.218935
3736	0.218819
3737	0.218703
3738	0.218587
3739	0.218471
3740	0.218355
3741	0.218239
3742	0.218123
3743	0.218007
3744	0.217891
3745	0.217775
3746	0.217659
3747	0.217543
3748	0.217427
3749	0.217311
3750	0.217195
3751	0.217079
3752	0.216963
3753	0.216847
3754	0.216731
3755	0.216615
3756	0.216499
3757	0.216383
3758	0.216267
3759	0.216151
3760	0.216035
3761	0.215919
3762	0.215802
3763	0.215686
3764	0.215570
3765	0.215454
3766	0.215338
3767	0.215222
3768	0.215106
3769	0.214990
3770	0.214874
3771	0.214758
3772	0.214642
3773	0.214526
3774	0.214410
3775	0.214294
3776	0.214178
3777	0.214061
3778	0.213945
3779	0.213829
3780	0.213713
3781	0.213597
3782	0.213481
3783	0.213365
3784	0.213249
3785	0.213133
3786	0.213017
3787	0.212900
3788	0.212784
3789	0.212668
3790	0.212552
3791	0.212436
3792	0.212320
3793	0.212204
3794	0.212088
3795	0.211971
3796	0.211855
3797	0.211739
3798	0.211623
3799	0.211507
3800	0.211391
3801	0.211275
3802	0.211159
3803	0.211042
3804	0.210926
3805	0.210810
3806	0.210694
3807	0.210578
3808	0.210462
3809	0.210345
3810	0.210229
3811	0.210113
3812	0.209997
3813	0.209881
3814	0.209765
3815	0.209648
3816	0.209532
3817	0.209416
3818	0.209300
3819	0.209184
3820	0.209068
3821	0.208951
3822	0.208835
3823	0.208719
3824	0.208603
3825	0.208487
3826	0.208370
3827	0.208254
3828	0.208138
3829	0.208022
3830	0.207906
3831	0.207789
3832	0.207673
3833	0.207557
3834	0.207441
3835	0.207324
3836	0.207208
3837	0.207092
3838	0.206976
3839	0.206860
3840	0.206743
3841	0.206627
3842	0.206511
3843	0.206395
3844	0.206278
3845	0.206162
3846	0.206046
3847	0.205930
3848	0.205813
3849	0.205697
3850	0.205581
3851	0.205465
3852	0.205348
3853	0.205232
3854	0.205116
3855	0.205000
3856	0.204883
3857	0.204767
3858	0.204651
3859	0.204535
3860	0.204418
3861	0.204302
3862	0.204186
3863	0.204069
3864	0.203953
3865	0.203837
3866	0.203721
3867	0.203604
3868	0.203488
3869	0.203372
3870	0.203255
3871	0.203139
3872	0.203023
3873	0.202907
3874	0.202790
3875	0.202674
3876	0.202558
3877	0.202441
3878	0.202325
3879	0.202209
3880	0.202092
3881	0.201976
3882	0.201860
3883	0.201743
3884	0.201627
3885	0.201511
3886	0.201394
3887	0.201278
3888	0.201162
3889	0.201045
3890	0.200929
3891	0.200813
3892	0.200696
3893	0.200580
3894	0.200464
3895	0.200347
3896	0.200231
3897	0.200115
3898	0.199998
3899	0.199882
3900	0.199766
3901	0.199649
3902	0.199533
3903	0.199416
3904	0.199300
3905	0.199184
3906	0.199067
3907	0.198951
3908	0.198835
3909	0.198718
3910	0.198602
3911	0.198485
3912	0.198369
3913	0.198253
3914	0.198136
3915	0.198020
3916	0.197903
3917	0.197787
3918	0.197671
3919	0.197554
3920	0.197438
3921	0.197321
3922	0.197205
3923	0.197089
3924	0.196972
3925	0.196856
3926	0.196739
3927	0.196623
3928	0.196507
3929	0.196390
3930	0.196274
3931	0.196157
3932	0.196041
3933	0.195924
3934	0.195808
3935	0.195692
3936	0.195575
3937	0.195459
3938	0.195342
3939	0.195226
3940	0.195109
3941	0.194993
3942	0.194877
3943	0.194760
3944	0.194644
3945	0.194527
3946	0.194411
3947	0.194294
3948	0.194178
3949	0.194061
3950	0.193945
3951	0.193828
3952	0.193712
3953	0.193595
3954	0.193479
3955	0.193363
3956	0.193246
3957	0.193130
3958	0.193013
3959	0.192897
3960	0.192780
3961	0.192664
3962	0.192547
3963	0.192431
3964	0.192314
3965	0.192198
3966	0.192081
3967	0.191965
3968	0.191848
3969	0.191732
3970	0.191615
3971	0.191499
3972	0.191382
3973	0.191266
3974	0.191149
3975	0.191032
3976	0.190915
3977	0.190798
3978	0.190681
3979	0.190563
3980	0.190445
3981	0.190325
3982	0.190202
3983	0.190076
3984	0.189943
3985	0.189799
3986	0.189637
3987	0.189445
3988	0.189202
3989	0.188875
3990	0.188407
3991	0.187704
3992	0.186608
3993	0.184853
3994	0.181987
3995	0.177236
3996	0.169244
3997	0.155564
3998	0.131534
3999	0.087462
4000	0.000000
4001	0.000000
