0	0.000000
1	0.000000
2	0.000000
3	0.000000
4	0.000000
5	0.000000
6	0.000000
7	0.000000
8	0.000000
9	0.000000
10	0.000000
11	0.000000
12	0.000000
13	0.000000
14	0.000000
15	0.000000
16	0.000000
17	0.000000
18	0.000000
19	0.000000
20	0.000000
21	0.000000
22	0.000000
23	0.000000
24	0.000000
25	0.000000
26	0.000000
27	0.000000
28	0.000000
29	0.000000
30	0.000000
31	0.000000
32	0.000000
33	0.000000
34	0.000000
35	0.000000
36	0.000000
37	0.000000
38	0.000000
39	0.000000
40	0.000000
41	0.000000
42	0.000000
43	0.000000
44	0.000000
45	0.000000
46	0.000000
47	0.000000
48	0.000000
49	0.000000
50	0.000000
51	0.000000
52	0.000000
53	0.000000
54	0.000000
55	0.000000
56	0.000000
57	0.000000
58	0.000000
59	0.000000
60	0.000000
61	0.000000
62	0.000000
63	0.000000
64	0.000000
65	0.000000
66	0.000000
67	0.000000
68	0.000000
69	0.000000
70	0.000000
71	0.000000
72	0.000000
73	0.000000
74	0.000000
75	0.000000
76	0.000000
77	0.000000
78	0.000000
79	0.000000
80	0.000000
81	0.000000
82	0.000000
83	0.000000
84	0.000000
85	0.000000
86	0.000000
87	0.000000
88	0.000000
89	0.000000
90	0.000000
91	0.000000
92	0.000000
93	0.000000
94	0.000000
95	0.000000
96	0.000000
97	0.000000
98	0.000000
99	0.000000
100	0.000000
101	0.000000
102	0.000000
103	0.000000
104	0.000000
105	0.000000
106	0.000000
107	0.000000
108	0.000000
109	0.000000
110	0.000000
111	0.000000
112	0.000000
113	0.000000
114	0.000000
115	0.000000
116	0.000000
117	0.000000
118	0.000000
119	0.000000
120	0.000000
121	0.000000
122	0.000000
123	0.000000
124	0.000000
125	0.000000
126	0.000000
127	0.000000
128	0.000000
129	0.000000
130	0.000000
131	0.000000
132	0.000000
133	0.000000
134	0.000000
135	0.000000
136	0.000000
137	0.000000
138	0.000000
139	0.000000
140	0.000000
141	0.000000
142	0.000000
143	0.000000
144	0.000000
145	0.000000
146	0.000000
147	0.000000
148	0.000000
149	0.000000
150	0.000000
151	0.000000
152	0.000000
153	0.000000
154	0.000000
155	0.000000
156	0.000000
157	0.000000
158	0.000000
159	0.000000
160	0.000000
161	0.000000
162	0.000000
163	0.000000
164	0.000000
165	0.000000
166	0.000000
167	0.000000
168	0.000000
169	0.000000
170	0.000000
171	0.000000
172	0.000000
173	0.000000
174	0.000000
175	0.000000
176	0.000000
177	0.000000
178	0.000000
179	0.000000
180	0.000000
181	0.000000
182	0.000000
183	0.000000
184	0.000000
185	0.000000
186	0.000000
187	0.000000
188	0.000000
189	0.000000
190	0.000000
191	0.000000
192	0.000000
193	0.000000
194	0.000000
195	0.000000
196	0.000000
197	0.000000
198	0.000000
199	0.000000
200	0.000000
201	0.000000
202	0.000000
203	0.000000
204	0.000000
205	0.000000
206	0.000000
207	0.000000
208	0.000000
209	0.000000
210	0.000000
211	0.000000
212	0.000000
213	0.000000
214	0.000000
215	0.000000
216	0.000000
217	0.000000
218	0.000000
219	0.000000
220	0.000000
221	0.000000
222	0.000000
223	0.000000
224	0.000000
225	0.000000
226	0.000000
227	0.000000
228	0.000000
229	0.000000
230	0.000000
231	0.000000
232	0.000000
233	0.000000
234	0.000000
235	0.000000
236	0.000000
237	0.000000
238	0.000000
239	0.000000
240	0.000000
241	0.000000
242	0.000000
243	0.000000
244	0.000000
245	0.000000
246	0.000000
247	0.000000
248	0.000000
249	0.000000
250	0.000000
251	0.000000
252	0.000000
253	0.000000
254	0.000000
255	0.000000
256	0.000000
257	0.000000
258	0.000000
259	0.000000
260	0.000000
261	0.000000
262	0.000000
263	0.000000
264	0.000000
265	0.000000
266	0.000000
267	0.000000
268	0.000000
269	0.000000
270	0.000000
271	0.000000
272	0.000000
273	0.000000
274	0.000000
275	0.000000
276	0.000000
277	0.000000
278	0.000000
279	0.000000
280	0.000000
281	0.000000
282	0.000000
283	0.000000
284	0.000000
285	0.000000
286	0.000000
287	0.000000
288	0.000000
289	0.000000
290	0.000000
291	0.000000
292	0.000000
293	0.000000
294	0.000000
295	0.000000
296	0.000000
297	0.000000
298	0.000000
299	0.000000
300	0.000000
301	0.000000
302	0.000000
303	0.000000
304	0.000000
305	0.000000
306	0.000000
307	0.000000
308	0.000000
309	0.000000
310	0.000000
311	0.000000
312	0.000000
313	0.000000
314	0.000000
315	0.000000
316	0.000000
317	0.000000
318	0.000000
319	0.000000
320	0.000000
321	0.000000
322	0.000000
323	0.000000
324	0.000000
325	0.000000
326	0.000000
327	0.000000
328	0.000000
329	0.000000
330	0.000000
331	0.000000
332	0.000000
333	0.000000
334	0.000000
335	0.000000
336	0.000000
337	0.000000
338	0.000000
339	0.000000
340	0.000000
341	0.000000
342	0.000000
343	0.000000
344	0.000000
345	0.000000
346	0.000000
347	0.000000
348	0.000000
349	0.000000
350	0.000000
351	0.000000
352	0.000000
353	0.000000
354	0.000000
355	0.000000
356	0.000000
357	0.000000
358	0.000000
359	0.000000
360	0.000000
361	0.000000
362	0.000000
363	0.000000
364	0.000000
365	0.000000
366	0.000000
367	0.000000
368	0.000000
369	0.000000
370	0.000000
371	0.000000
372	0.000000
373	0.000000
374	0.000000
375	0.000000
376	0.000000
377	0.000000
378	0.000000
379	0.000000
380	0.000000
381	0.000000
382	0.000000
383	0.000000
384	0.000000
385	0.000000
386	0.000000
387	0.000000
388	0.000000
389	0.000000
390	0.000000
391	0.000000
392	0.000000
393	0.000000
394	0.000000
395	0.000000
396	0.000000
397	0.000000
398	0.000000
399	0.000000
400	0.000000
401	0.000000
402	0.000000
403	0.000000
404	0.000000
405	0.000000
406	0.000000
407	0.000000
408	0.000000
409	0.000000
410	0.000000
411	0.000000
412	0.000000
413	0.000000
414	0.000000
415	0.000000
416	0.000000
417	0.000000
418	0.000000
419	0.000000
420	0.000000
421	0.000000
422	0.000000
423	0.000000
424	0.000000
425	0.000000
426	0.000000
427	0.000000
428	0.000000
429	0.000000
430	0.000000
431	0.000000
432	0.000000
433	0.000000
434	0.000000
435	0.000000
436	0.000000
437	0.000000
438	0.000000
439	0.000000
440	0.000000
441	0.000000
442	0.000000
443	0.000000
444	0.000000
445	0.000000
446	0.000000
447	0.000000
448	0.000000
449	0.000000
450	0.000000
451	0.000000
452	0.000000
453	0.000000
454	0.000000
455	0.000000
456	0.000000
457	0.000000
458	0.000000
459	0.000000
460	0.000000
461	0.000000
462	0.000000
463	0.000000
464	0.000000
465	0.000000
466	0.000000
467	0.000000
468	0.000000
469	0.000000
470	0.000000
471	0.000000
472	0.000000
473	0.000000
474	0.000000
475	0.000000
476	0.000000
477	0.000000
478	0.000000
479	0.000000
480	0.000000
481	0.000000
482	0.000000
483	0.000000
484	0.000000
485	0.000000
486	0.000000
487	0.000000
488	0.000000
489	0.000000
490	0.000000
491	0.000000
492	0.000000
493	0.000000
494	0.000000
495	0.000000
496	0.000000
497	0.000000
498	0.000000
499	0.000000
500	0.000000
501	0.000000
502	0.000000
503	0.000000
504	0.000000
505	0.000000
506	0.000000
507	0.000000
508	0.000000
509	0.000000
510	0.000000
511	0.000000
512	0.000000
513	0.000000
514	0.000000
515	0.000000
516	0.000000
517	0.000000
518	0.000000
519	0.000000
520	0.000000
521	0.000000
522	0.000000
523	0.000000
524	0.000000
525	0.000000
526	0.000000
527	0.000000
528	0.000000
529	0.000000
530	0.000000
531	0.000000
532	0.000000
533	0.000000
534	0.000000
535	0.000000
536	0.000000
537	0.000000
538	0.000000
539	0.000000
540	0.000000
541	0.000000
542	0.000000
543	0.000000
544	0.000000
545	0.000000
546	0.000000
547	0.000000
548	0.000000
549	0.000000
550	0.000000
551	0.000000
552	0.000000
553	0.000000
554	0.000000
555	0.000000
556	0.000000
557	0.000000
558	0.000000
559	0.000000
560	0.000000
561	0.000000
562	0.000000
563	0.000000
564	0.000000
565	0.000000
566	0.000000
567	0.000000
568	0.000000
569	0.000000
570	0.000000
571	0.000000
572	0.000000
573	0.000000
574	0.000000
575	0.000000
576	0.000000
577	0.000000
578	0.000000
579	0.000000
580	0.000000
581	0.000000
582	0.000000
583	0.000000
584	0.000000
585	0.000000
586	0.000000
587	0.000000
588	0.000000
589	0.000000
590	0.000000
591	0.000000
592	0.000000
593	0.000000
594	0.000000
595	0.000000
596	0.000000
597	0.000000
598	0.000000
599	0.000000
600	0.000000
601	0.000000
602	0.000000
603	0.000000
604	0.000000
605	0.000000
606	0.000000
607	0.000000
608	0.000000
609	0.000000
610	0.000000
611	0.000000
612	0.000000
613	0.000000
614	0.000000
615	0.000000
616	0.000000
617	0.000000
618	0.000000
619	0.000000
620	0.000000
621	0.000000
622	0.000000
623	0.000000
624	0.000000
625	0.000000
626	0.000000
627	0.000000
628	0.000000
629	0.000000
630	0.000000
631	0.000000
632	0.000000
633	0.000000
634	0.000000
635	0.000000
636	0.000000
637	0.000000
638	0.000000
639	0.000000
640	0.000000
641	0.000000
642	0.000000
643	0.000000
644	0.000000
645	0.000000
646	0.000000
647	0.000000
648	0.000000
649	0.000000
650	0.000000
651	0.000000
652	0.000000
653	0.000000
654	0.000000
655	0.000000
656	0.000000
657	0.000000
658	0.000000
659	0.000000
660	0.000000
661	0.000000
662	0.000000
663	0.000000
664	0.000000
665	0.000000
666	0.000000
667	0.000000
668	0.000000
669	0.000000
670	0.000000
671	0.000000
672	0.000000
673	0.000000
674	0.000000
675	0.000000
676	0.000000
677	0.000000
678	0.000000
679	0.000000
680	0.000000
681	0.000000
682	0.000000
683	0.000000
684	0.000000
685	0.000000
686	0.000000
687	0.000000
688	0.000000
689	0.000000
690	0.000000
691	0.000000
692	0.000000
693	0.000000
694	0.000000
695	0.000000
696	0.000000
697	0.000000
698	0.000000
699	0.000000
700	0.000000
701	0.000000
702	0.000000
703	0.000000
704	0.000000
705	0.000000
706	0.000000
707	0.000000
708	0.000000
709	0.000000
710	0.000000
711	0.000000
712	0.000000
713	0.000000
714	0.000000
715	0.000000
716	0.000000
717	0.000000
718	0.000000
719	0.000000
720	0.000000
721	0.000000
722	0.000000
723	0.000000
724	0.000000
725	0.000000
726	0.000000
727	0.000000
728	0.000000
729	0.000000
730	0.000000
731	0.000000
732	0.000000
733	0.000000
734	0.000000
735	0.000000
736	0.000000
737	0.000000
738	0.000000
739	0.000000
740	0.000000
741	0.000000
742	0.000000
743	0.000000
744	0.000000
745	0.000000
746	0.000000
747	0.000000
748	0.000000
749	0.000000
750	0.000000
751	0.000000
752	0.000000
753	0.000000
754	0.000000
755	0.000000
756	0.000000
757	0.000000
758	0.000000
759	0.000000
760	0.000000
761	0.000000
762	0.000000
763	0.000000
764	0.000000
765	0.000000
766	0.000000
767	0.000000
768	0.000000
769	0.000000
770	0.000000
771	0.000000
772	0.000000
773	0.000000
774	0.000000
775	0.000000
776	0.000000
777	0.000000
778	0.000000
779	0.000000
780	0.000000
781	0.000000
782	0.000000
783	0.000000
784	0.000000
785	0.000000
786	0.000000
787	0.000000
788	0.000000
789	0.000000
790	0.000000
791	0.000000
792	0.000000
793	0.000000
794	0.000000
795	0.000000
796	0.000000
797	0.000000
798	0.000000
799	0.000000
800	0.000000
801	0.000000
802	0.000000
803	0.000000
804	0.000000
805	0.000000
806	0.000000
807	0.000000
808	0.000000
809	0.000000
810	0.000000
811	0.000000
812	0.000000
813	0.000000
814	0.000000
815	0.000000
816	0.000000
817	0.000000
818	0.000000
819	0.000000
820	0.000000
821	0.000000
822	0.000000
823	0.000000
824	0.000000
825	0.000000
826	0.000000
827	0.000000
828	0.000000
829	0.000000
830	0.000000
831	0.000000
832	0.000000
833	0.000000
834	0.000000
835	0.000000
836	0.000000
837	0.000000
838	0.000000
839	0.000000
840	0.000000
841	0.000000
842	0.000000
843	0.000000
844	0.000000
845	0.000000
846	0.000000
847	0.000000
848	0.000000
849	0.000000
850	0.000000
851	0.000000
852	0.000000
853	0.000000
854	0.000000
855	0.000000
856	0.000000
857	0.000000
858	0.000000
859	0.000000
860	0.000000
861	0.000000
862	0.000000
863	0.000000
864	0.000000
865	0.000000
866	0.000000
867	0.000000
868	0.000000
869	0.000000
870	0.000000
871	0.000000
872	0.000000
873	0.000000
874	0.000000
875	0.000000
876	0.000000
877	0.000000
878	0.000000
879	0.000000
880	0.000000
881	0.000000
882	0.000000
883	0.000000
884	0.000000
885	0.000000
886	0.000000
887	0.000000
888	0.000000
889	0.000000
890	0.000000
891	0.000000
892	0.000000
893	0.000000
894	0.000000
895	0.000000
896	0.000000
897	0.000000
898	0.000000
899	0.000000
900	0.000000
901	0.000000
902	0.000000
903	0.000000
904	0.000000
905	0.000000
906	0.000000
907	0.000000
908	0.000000
909	0.000000
910	0.000000
911	0.000000
912	0.000000
913	0.000000
914	0.000000
915	0.000000
916	0.000000
917	0.000000
918	0.000000
919	0.000000
920	0.000000
921	0.000000
922	0.000000
923	0.000000
924	0.000000
925	0.000000
926	0.000000
927	0.000000
928	0.000000
929	0.000000
930	0.000000
931	0.000000
932	0.000000
933	0.000000
934	0.000000
935	0.000000
936	0.000000
937	0.000000
938	0.000000
939	0.000000
940	0.000000
941	0.000000
942	0.000000
943	0.000000
944	0.000000
945	0.000000
946	0.000000
947	0.000000
948	0.000000
949	0.000000
950	0.000000
951	0.000000
952	0.000000
953	0.000000
954	0.000000
955	0.000000
956	0.000000
957	0.000000
958	0.000000
959	0.000000
960	0.000000
961	0.000000
962	0.000000
963	0.000000
964	0.000000
965	0.000000
966	0.000000
967	0.000000
968	0.000000
969	0.000000
970	0.000000
971	0.000000
972	0.000000
973	0.000000
974	0.000000
975	0.000000
976	0.000000
977	0.000000
978	0.000000
979	0.000000
980	0.000000
981	0.000000
982	0.000000
983	0.000000
984	0.000000
985	0.000000
986	0.000000
987	0.000000
988	0.000000
989	0.000000
990	0.000000
991	0.000000
992	0.000000
993	0.000000
994	0.000000
995	0.000000
996	0.000000
997	0.000000
998	0.000000
999	0.000000
1000	0.000000
1001	0.000000
1002	0.000000
1003	0.000000
1004	0.000000
1005	0.000000
1006	0.000000
1007	0.000000
1008	0.000000
1009	0.000000
1010	0.000000
1011	0.000000
1012	0.000000
1013	0.000000
1014	0.000000
1015	0.000000
1016	0.000000
1017	0.000000
1018	0.000000
1019	0.000000
1020	0.000000
1021	0.000000
1022	0.000000
1023	0.000000
1024	0.000000
1025	0.000000
1026	0.000000
1027	0.000000
1028	0.000000
1029	0.000000
1030	0.000000
1031	0.000000
1032	0.000000
1033	0.000000
1034	0.000000
1035	0.000000
1036	0.000000
1037	0.000000
1038	0.000000
1039	0.000000
1040	0.000000
1041	0.000000
1042	0.000000
1043	0.000000
1044	0.000000
1045	0.000000
1046	0.000000
1047	0.000000
1048	0.000000
1049	0.000000
1050	0.000000
1051	0.000000
1052	0.000000
1053	0.000000
1054	0.000000
1055	0.000000
1056	0.000000
1057	0.000000
1058	0.000000
1059	0.000000
1060	0.000000
1061	0.000000
1062	0.000000
1063	0.000000
1064	0.000000
1065	0.000000
1066	0.000000
1067	0.000000
1068	0.000000
1069	0.000000
1070	0.000000
1071	0.000000
1072	0.000000
1073	0.000000
1074	0.000000
1075	0.000000
1076	0.000000
1077	0.000000
1078	0.000000
1079	0.000000
1080	0.000000
1081	0.000000
1082	0.000000
1083	0.000000
1084	0.000000
1085	0.000000
1086	0.000000
1087	0.000000
1088	0.000000
1089	0.000000
1090	0.000000
1091	0.000000
1092	0.000000
1093	0.000000
1094	0.000000
1095	0.000000
1096	0.000000
1097	0.000000
1098	0.000000
1099	0.000000
1100	0.000000
1101	0.000000
1102	0.000000
1103	0.000000
1104	0.000000
1105	0.000000
1106	0.000000
1107	0.000000
1108	0.000000
1109	0.000000
1110	0.000000
1111	0.000000
1112	0.000000
1113	0.000000
1114	0.000000
1115	0.000000
1116	0.000000
1117	0.000000
1118	0.000000
1119	0.000000
1120	0.000000
1121	0.000000
1122	0.000000
1123	0.000000
1124	0.000000
1125	0.000000
1126	0.000000
1127	0.000000
1128	0.000000
1129	0.000000
1130	0.000000
1131	0.000000
1132	0.000000
1133	0.000000
1134	0.000000
1135	0.000000
1136	0.000000
1137	0.000000
1138	0.000000
1139	0.000000
1140	0.000000
1141	0.000000
1142	0.000000
1143	0.000000
1144	0.000000
1145	0.000000
1146	0.000000
1147	0.000000
1148	0.000000
1149	0.000000
1150	0.000000
1151	0.000000
1152	0.000000
1153	0.000000
1154	0.000000
1155	0.000000
1156	0.000000
1157	0.000000
1158	0.000000
1159	0.000000
1160	0.000000
1161	0.000000
1162	0.000000
1163	0.000000
1164	0.000000
1165	0.000000
1166	0.000000
1167	0.000000
1168	0.000000
1169	0.000000
1170	0.000000
1171	0.000000
1172	0.000000
1173	0.000000
1174	0.000000
1175	0.000000
1176	0.000000
1177	0.000000
1178	0.000000
1179	0.000000
1180	0.000000
1181	0.000000
1182	0.000000
1183	0.000000
1184	0.000000
1185	0.000000
1186	0.000000
1187	0.000000
1188	0.000000
1189	0.000000
1190	0.000000
1191	0.000000
1192	0.000000
1193	0.000000
1194	0.000000
1195	0.000000
1196	0.000000
1197	0.000000
1198	0.000000
1199	0.000000
1200	0.000000
1201	0.000000
1202	0.000000
1203	0.000000
1204	0.000000
1205	0.000000
1206	0.000000
1207	0.000000
1208	0.000000
1209	0.000000
1210	0.000000
1211	0.000000
1212	0.000000
1213	0.000000
1214	0.000000
1215	0.000000
1216	0.000000
1217	0.000000
1218	0.000000
1219	0.000000
1220	0.000000
1221	0.000000
1222	0.000000
1223	0.000000
1224	0.000000
1225	0.000000
1226	0.000000
1227	0.000000
1228	0.000000
1229	0.000000
1230	0.000000
1231	0.000000
1232	0.000000
1233	0.000000
1234	0.000000
1235	0.000000
1236	0.000000
1237	0.000000
1238	0.000000
1239	0.000000
1240	0.000000
1241	0.000000
1242	0.000000
1243	0.000000
1244	0.000000
1245	0.000000
1246	0.000000
1247	0.000000
1248	0.000000
1249	0.000000
1250	0.000000
1251	0.000000
1252	0.000000
1253	0.000000
1254	0.000000
1255	0.000000
1256	0.000000
1257	0.000000
1258	0.000000
1259	0.000000
1260	0.000000
1261	0.000000
1262	0.000000
1263	0.000000
1264	0.000000
1265	0.000000
1266	0.000000
1267	0.000000
1268	0.000000
1269	0.000000
1270	0.000000
1271	0.000000
1272	0.000000
1273	0.000000
1274	0.000000
1275	0.000000
1276	0.000000
1277	0.000000
1278	0.000000
1279	0.000000
1280	0.000000
1281	0.000000
1282	0.000000
1283	0.000000
1284	0.000000
1285	0.000000
1286	0.000000
1287	0.000000
1288	0.000000
1289	0.000000
1290	0.000000
1291	0.000000
1292	0.000000
1293	0.000000
1294	0.000000
1295	0.000000
1296	0.000000
1297	0.000000
1298	0.000000
1299	0.000000
1300	0.000000
1301	0.000000
1302	0.000000
1303	0.000000
1304	0.000000
1305	0.000000
1306	0.000000
1307	0.000000
1308	0.000000
1309	0.000000
1310	0.000000
1311	0.000000
1312	0.000000
1313	0.000000
1314	0.000000
1315	0.000000
1316	0.000000
1317	0.000000
1318	0.000000
1319	0.000000
1320	0.000000
1321	0.000000
1322	0.000000
1323	0.000000
1324	0.000000
1325	0.000000
1326	0.000000
1327	0.000000
1328	0.000000
1329	0.000000
1330	0.000000
1331	0.000000
1332	0.000000
1333	0.000000
1334	0.000000
1335	0.000000
1336	0.000000
1337	0.000000
1338	0.000000
1339	0.000000
1340	0.000000
1341	0.000000
1342	0.000000
1343	0.000000
1344	0.000000
1345	0.000000
1346	0.000000
1347	0.000000
1348	0.000000
1349	0.000000
1350	0.000000
1351	0.000000
1352	0.000000
1353	0.000000
1354	0.000000
1355	0.000000
1356	0.000000
1357	0.000000
1358	0.000000
1359	0.000000
1360	0.000000
1361	0.000000
1362	0.000000
1363	0.000000
1364	0.000000
1365	0.000000
1366	0.000000
1367	0.000000
1368	0.000000
1369	0.000000
1370	0.000000
1371	0.000000
1372	0.000000
1373	0.000000
1374	0.000000
1375	0.000000
1376	0.000000
1377	0.000000
1378	0.000000
1379	0.000000
1380	0.000000
1381	0.000000
1382	0.000000
1383	0.000000
1384	0.000000
1385	0.000000
1386	0.000000
1387	0.000000
1388	0.000000
1389	0.000000
1390	0.000000
1391	0.000000
1392	0.000000
1393	0.000000
1394	0.000000
1395	0.000000
1396	0.000000
1397	0.000000
1398	0.000000
1399	0.000000
1400	0.000000
1401	0.000000
1402	0.000000
1403	0.000000
1404	0.000000
1405	0.000000
1406	0.000000
1407	0.000000
1408	0.000000
1409	0.000000
1410	0.000000
1411	0.000000
1412	0.000000
1413	0.000000
1414	0.000000
1415	0.000000
1416	0.000000
1417	0.000000
1418	0.000000
1419	0.000000
1420	0.000000
1421	0.000000
1422	0.000000
1423	0.000000
1424	0.000000
1425	0.000000
1426	0.000000
1427	0.000000
1428	0.000000
1429	0.000000
1430	0.000000
1431	0.000000
1432	0.000000
1433	0.000000
1434	0.000000
1435	0.000000
1436	0.000000
1437	0.000000
1438	0.000000
1439	0.000000
1440	0.000000
1441	0.000000
1442	0.000000
1443	0.000000
1444	0.000000
1445	0.000000
1446	0.000000
1447	0.000000
1448	0.000000
1449	0.000000
1450	0.000000
1451	0.000000
1452	0.000000
1453	0.000000
1454	0.000000
1455	0.000000
1456	0.000000
1457	0.000000
1458	0.000000
1459	0.000000
1460	0.000000
1461	0.000000
1462	0.000000
1463	0.000000
1464	0.000000
1465	0.000000
1466	0.000000
1467	0.000000
1468	0.000000
1469	0.000000
1470	0.000000
1471	0.000000
1472	0.000000
1473	0.000000
1474	0.000000
1475	0.000000
1476	0.000000
1477	0.000000
1478	0.000000
1479	0.000000
1480	0.000000
1481	0.000000
1482	0.000000
1483	0.000000
1484	0.000000
1485	0.000000
1486	0.000000
1487	0.000000
1488	0.000000
1489	0.000000
1490	0.000000
1491	0.000000
1492	0.000000
1493	0.000000
1494	0.000000
1495	0.000000
1496	0.000000
1497	0.000000
1498	0.000000
1499	0.000000
1500	0.000000
1501	0.000000
1502	0.000000
1503	0.000000
1504	0.000000
1505	0.000000
1506	0.000000
1507	0.000000
1508	0.000000
1509	0.000000
1510	0.000000
1511	0.000000
1512	0.000000
1513	0.000000
1514	0.000000
1515	0.000000
1516	0.000000
1517	0.000000
1518	0.000000
1519	0.000000
1520	0.000000
1521	0.000000
1522	0.000000
1523	0.000000
1524	0.000000
1525	0.000000
1526	0.000000
1527	0.000000
1528	0.000000
1529	0.000000
1530	0.000000
1531	0.000000
1532	0.000000
1533	0.000000
1534	0.000000
1535	0.000000
1536	0.000000
1537	0.000000
1538	0.000000
1539	0.000000
1540	0.000000
1541	0.000000
1542	0.000000
1543	0.000000
1544	0.000000
1545	0.000000
1546	0.000000
1547	0.000000
1548	0.000000
1549	0.000000
1550	0.000000
1551	0.000000
1552	0.000000
1553	0.000000
1554	0.000000
1555	0.000000
1556	0.000000
1557	0.000000
1558	0.000000
1559	0.000000
1560	0.000000
1561	0.000000
1562	0.000000
1563	0.000000
1564	0.000000
1565	0.000000
1566	0.000000
1567	0.000000
1568	0.000000
1569	0.000000
1570	0.000000
1571	0.000000
1572	0.000000
1573	0.000000
1574	0.000000
1575	0.000000
1576	0.000000
1577	0.000000
1578	0.000000
1579	0.000000
1580	0.000000
1581	0.000000
1582	0.000000
1583	0.000000
1584	0.000000
1585	0.000000
1586	0.000000
1587	0.000000
1588	0.000000
1589	0.000000
1590	0.000000
1591	0.000000
1592	0.000000
1593	0.000000
1594	0.000000
1595	0.000000
1596	0.000000
1597	0.000000
1598	0.000000
1599	0.000000
1600	0.000000
1601	0.000000
1602	0.000000
1603	0.000000
1604	0.000000
1605	0.000000
1606	0.000000
1607	0.000000
1608	0.000000
1609	0.000000
1610	0.000000
1611	0.000000
1612	0.000000
1613	0.000000
1614	0.000000
1615	0.000000
1616	0.000000
1617	0.000000
1618	0.000000
1619	0.000000
1620	0.000000
1621	0.000000
1622	0.000000
1623	0.000000
1624	0.000000
1625	0.000000
1626	0.000000
1627	0.000000
1628	0.000000
1629	0.000000
1630	0.000000
1631	0.000000
1632	0.000000
1633	0.000000
1634	0.000000
1635	0.000000
1636	0.000000
1637	0.000000
1638	0.000000
1639	0.000000
1640	0.000000
1641	0.000000
1642	0.000000
1643	0.000000
1644	0.000000
1645	0.000000
1646	0.000000
1647	0.000000
1648	0.000000
1649	0.000000
1650	0.000000
1651	0.000000
1652	0.000000
1653	0.000000
1654	0.000000
1655	0.000000
1656	0.000000
1657	0.000000
1658	0.000000
1659	0.000000
1660	0.000000
1661	0.000000
1662	0.000000
1663	0.000000
1664	0.000000
1665	0.000000
1666	0.000000
1667	0.000000
1668	0.000000
1669	0.000000
1670	0.000000
1671	0.000000
1672	0.000000
1673	0.000000
1674	0.000000
1675	0.000000
1676	0.000000
1677	0.000000
1678	0.000000
1679	0.000000
1680	0.000000
1681	0.000000
1682	0.000000
1683	0.000000
1684	0.000000
1685	0.000000
1686	0.000000
1687	0.000000
1688	0.000000
1689	0.000000
1690	0.000000
1691	0.000000
1692	0.000000
1693	0.000000
1694	0.000000
1695	0.000000
1696	0.000000
1697	0.000000
1698	0.000000
1699	0.000000
1700	0.000000
1701	0.000000
1702	0.000000
1703	0.000000
1704	0.000000
1705	0.000000
1706	0.000000
1707	0.000000
1708	0.000000
1709	0.000000
1710	0.000000
1711	0.000000
1712	0.000000
1713	0.000000
1714	0.000000
1715	0.000000
1716	0.000000
1717	0.000000
1718	0.000000
1719	0.000000
1720	0.000000
1721	0.000000
1722	0.000000
1723	0.000000
1724	0.000000
1725	0.000000
1726	0.000000
1727	0.000000
1728	0.000000
1729	0.000000
1730	0.000000
1731	0.000000
1732	0.000000
1733	0.000000
1734	0.000000
1735	0.000000
1736	0.000000
1737	0.000000
1738	0.000000
1739	0.000000
1740	0.000000
1741	0.000000
1742	0.000000
1743	0.000000
1744	0.000000
1745	0.000000
1746	0.000000
1747	0.000000
1748	0.000000
1749	0.000000
1750	0.000000
1751	0.000000
1752	0.000000
1753	0.000000
1754	0.000000
1755	0.000000
1756	0.000000
1757	0.000000
1758	0.000000
1759	0.000000
1760	0.000000
1761	0.000000
1762	0.000000
1763	0.000000
1764	0.000000
1765	0.000000
1766	0.000000
1767	0.000000
1768	0.000000
1769	0.000000
1770	0.000000
1771	0.000000
1772	0.000000
1773	0.000000
1774	0.000000
1775	0.000000
1776	0.000000
1777	0.000000
1778	0.000000
1779	0.000000
1780	0.000000
1781	0.000000
1782	0.000000
1783	0.000000
1784	0.000000
1785	0.000000
1786	0.000000
1787	0.000000
1788	0.000000
1789	0.000000
1790	0.000000
1791	0.000000
1792	0.000000
1793	0.000000
1794	0.000000
1795	0.000000
1796	0.000000
1797	0.000000
1798	0.000000
1799	0.000000
1800	0.000000
1801	0.000000
1802	0.000000
1803	0.000000
1804	0.000000
1805	0.000000
1806	0.000000
1807	0.000000
1808	0.000000
1809	0.000000
1810	0.000000
1811	0.000000
1812	0.000000
1813	0.000000
1814	0.000000
1815	0.000000
1816	0.000000
1817	0.000000
1818	0.000000
1819	0.000000
1820	0.000000
1821	0.000000
1822	0.000000
1823	0.000000
1824	0.000000
1825	0.000000
1826	0.000000
1827	0.000000
1828	0.000000
1829	0.000000
1830	0.000000
1831	0.000000
1832	0.000000
1833	0.000000
1834	0.000000
1835	0.000000
1836	0.000000
1837	0.000000
1838	0.000000
1839	0.000000
1840	0.000000
1841	0.000000
1842	0.000000
1843	0.000000
1844	0.000000
1845	0.000000
1846	0.000000
1847	0.000000
1848	0.000000
1849	0.000000
1850	0.000000
1851	0.000000
1852	0.000000
1853	0.000000
1854	0.000000
1855	0.000000
1856	0.000000
1857	0.000000
1858	0.000000
1859	0.000000
1860	0.000000
1861	0.000000
1862	0.000000
1863	0.000000
1864	0.000000
1865	0.000000
1866	0.000000
1867	0.000000
1868	0.000000
1869	0.000000
1870	0.000000
1871	0.000000
1872	0.000000
1873	0.000000
1874	0.000000
1875	0.000000
1876	0.000000
1877	0.000000
1878	0.000000
1879	0.000000
1880	0.000000
1881	0.000000
1882	0.000000
1883	0.000000
1884	0.000000
1885	0.000000
1886	0.000000
1887	0.000000
1888	0.000000
1889	0.000000
1890	0.000000
1891	0.000000
1892	0.000000
1893	0.000000
1894	0.000000
1895	0.000000
1896	0.000000
1897	0.000000
1898	0.000000
1899	0.000000
1900	0.000000
1901	0.000000
1902	0.000000
1903	0.000000
1904	0.000000
1905	0.000000
1906	0.000000
1907	0.000000
1908	0.000000
1909	0.000000
1910	0.000000
1911	0.000000
1912	0.000000
1913	0.000000
1914	0.000000
1915	0.000000
1916	0.000000
1917	0.000000
1918	0.000000
1919	0.000000
1920	0.000000
1921	0.000000
1922	0.000000
1923	0.000000
1924	0.000000
1925	0.000000
1926	0.000000
1927	0.000000
1928	0.000000
1929	0.000000
1930	0.000000
1931	0.000000
1932	0.000000
1933	0.000000
1934	0.000000
1935	0.000000
1936	0.000000
1937	0.000000
1938	0.000000
1939	0.000000
1940	0.000000
1941	0.000000
1942	0.000000
1943	0.000000
1944	0.000000
1945	0.000000
1946	0.000000
1947	0.000000
1948	0.000000
1949	0.000000
1950	0.000000
1951	0.000000
1952	0.000000
1953	0.000000
1954	0.000000
1955	0.000000
1956	0.000000
1957	0.000000
1958	0.000000
1959	0.000000
1960	0.000000
1961	0.000000
1962	0.000000
1963	0.000000
1964	0.000000
1965	0.000000
1966	0.000000
1967	0.000000
1968	0.000000
1969	0.000000
1970	0.000000
1971	0.000000
1972	0.000000
1973	0.000000
1974	0.000000
1975	0.000000
1976	0.000000
1977	0.000000
1978	0.000000
1979	0.000000
1980	0.000000
1981	0.000000
1982	0.000000
1983	0.000000
1984	0.000000
1985	0.000000
1986	0.000000
1987	0.000000
1988	0.000000
1989	0.000000
1990	0.000000
1991	0.000000
1992	0.000000
1993	0.000000
1994	0.000000
1995	0.000000
1996	0.000000
1997	0.000000
1998	0.000000
1999	0.000000
2000	0.000000
2001	0.000000
2002	0.000000
2003	0.000000
2004	0.000000
2005	0.000000
2006	0.000000
2007	0.000000
2008	0.000000
2009	0.000000
2010	0.000000
2011	0.000000
2012	0.000000
2013	0.000000
2014	0.000000
2015	0.000000
2016	0.000000
2017	0.000000
2018	0.000000
2019	0.000000
2020	0.000000
2021	0.000000
2022	0.000000
2023	0.000000
2024	0.000000
2025	0.000000
2026	0.000000
2027	0.000000
2028	0.000000
2029	0.000000
2030	0.000000
2031	0.000000
2032	0.000000
2033	0.000000
2034	0.000000
2035	0.000000
2036	0.000000
2037	0.000000
2038	0.000000
2039	0.000000
2040	0.000000
2041	0.000000
2042	0.000000
2043	0.000000
2044	0.000000
2045	0.000000
2046	0.000000
2047	0.000000
2048	0.000000
2049	0.000000
2050	0.000000
2051	0.000000
2052	0.000000
2053	0.000000
2054	0.000000
2055	0.000000
2056	0.000000
2057	0.000000
2058	0.000000
2059	0.000000
2060	0.000000
2061	0.000000
2062	0.000000
2063	0.000000
2064	0.000000
2065	0.000000
2066	0.000000
2067	0.000000
2068	0.000000
2069	0.000000
2070	0.000000
2071	0.000000
2072	0.000000
2073	0.000000
2074	0.000000
2075	0.000000
2076	0.000000
2077	0.000000
2078	0.000000
2079	0.000000
2080	0.000000
2081	0.000000
2082	0.000000
2083	0.000000
2084	0.000000
2085	0.000000
2086	0.000000
2087	0.000000
2088	0.000000
2089	0.000000
2090	0.000000
2091	0.000000
2092	0.000000
2093	0.000000
2094	0.000000
2095	0.000000
2096	0.000000
2097	0.000000
2098	0.000000
2099	0.000000
2100	0.000000
2101	0.000000
2102	0.000000
2103	0.000000
2104	0.000000
2105	0.000000
2106	0.000000
2107	0.000000
2108	0.000000
2109	0.000000
2110	0.000000
2111	0.000000
2112	0.000000
2113	0.000000
2114	0.000000
2115	0.000000
2116	0.000000
2117	0.000000
2118	0.000000
2119	0.000000
2120	0.000000
2121	0.000000
2122	0.000000
2123	0.000000
2124	0.000000
2125	0.000000
2126	0.000000
2127	0.000000
2128	0.000000
2129	0.000000
2130	0.000000
2131	0.000000
2132	0.000000
2133	0.000000
2134	0.000000
2135	0.000000
2136	0.000000
2137	0.000000
2138	0.000000
2139	0.000000
2140	0.000000
2141	0.000001
2142	0.000001
2143	0.000001
2144	0.000002
2145	0.000002
2146	0.000003
2147	0.000005
2148	0.000007
2149	0.000010
2150	0.000014
2151	0.000020
2152	0.000028
2153	0.000039
2154	0.000055
2155	0.000078
2156	0.000111
2157	0.000156
2158	0.000221
2159	0.000312
2160	0.000441
2161	0.000622
2162	0.000879
2163	0.001240
2164	0.001749
2165	0.002465
2166	0.003471
2167	0.004882
2168	0.006856
2169	0.009606
2170	0.013417
2171	0.018659
2172	0.025800
2173	0.035397
2174	0.048065
2175	0.064397
2176	0.084832
2177	0.109471
2178	0.137896
2179	0.169087
2180	0.201510
2181	0.233393
2182	0.263099
2183	0.289433
2184	0.311779
2185	0.330049
2186	0.344539
2187	0.355757
2188	0.364276
2189	0.370648
2190	0.375357
2191	0.378802
2192	0.381299
2193	0.383093
2194	0.384369
2195	0.385266
2196	0.385886
2197	0.386305
2198	0.386576
2199	0.386742
2200	0.386831
2201	0.386864
2202	0.386856
2203	0.386819
2204	0.386761
2205	0.386688
2206	0.386604
2207	0.386511
2208	0.386413
2209	0.386311
2210	0.386206
2211	0.386098
2212	0.385989
2213	0.385879
2214	0.385767
2215	0.385656
2216	0.385543
2217	0.385431
2218	0.385318
2219	0.385205
2220	0.385092
2221	0.384979
2222	0.384865
2223	0.384752
2224	0.384639
2225	0.384525
2226	0.384412
2227	0.384298
2228	0.384185
2229	0.384071
2230	0.383958
2231	0.383844
2232	0.383731
2233	0.383617
2234	0.383503
2235	0.383390
2236	0.383276
2237	0.383162
2238	0.383049
2239	0.382935
2240	0.382822
2241	0.382708
2242	0.382594
2243	0.382481
2244	0.382367
2245	0.382253
2246	0.382139
2247	0.382026
2248	0.381912
2249	0.381798
2250	0.381684
2251	0.381571
2252	0.381457
2253	0.381343
2254	0.381229
2255	0.381115
2256	0.381001
2257	0.380888
2258	0.380774
2259	0.380660
2260	0.380546
2261	0.380432
2262	0.380318
2263	0.380204
2264	0.380090
2265	0.379976
2266	0.379863
2267	0.379749
2268	0.379635
2269	0.379521
2270	0.379407
2271	0.379293
2272	0.379179
2273	0.379065
2274	0.378951
2275	0.378837
2276	0.378722
2277	0.378608
2278	0.378494
2279	0.378380
2280	0.378266
2281	0.378152
2282	0.378038
2283	0.377924
2284	0.377810
2285	0.377696
2286	0.377581
2287	0.377467
2288	0.377353
2289	0.377239
2290	0.377125
2291	0.377010
2292	0.376896
2293	0.376782
2294	0.376668
2295	0.376553
2296	0.376439
2297	0.376325
2298	0.376211
2299	0.376096
2300	0.375982
2301	0.375868
2302	0.375753
2303	0.375639
2304	0.375525
2305	0.375410
2306	0.375296
2307	0.375182
2308	0.375067
2309	0.374953
2310	0.374838
2311	0.374724
2312	0.374610
2313	0.374495
2314	0.374381
2315	0.374266
2316	0.374152
2317	0.374037
2318	0.373923
2319	0.373808
2320	0.373694
2321	0.373579
2322	0.373465
2323	0.373350
2324	0.373236
2325	0.373121
2326	0.373007
2327	0.372892
2328	0.372777
2329	0.372663
2330	0.372548
2331	0.372434
2332	0.372319
2333	0.372204
2334	0.372090
2335	0.371975
2336	0.371860
2337	0.371746
2338	0.371631
2339	0.371516
2340	0.371402
2341	0.371287
2342	0.371172
2343	0.371057
2344	0.370943
2345	0.370828
2346	0.370713
2347	0.370598
2348	0.370484
2349	0.370369
2350	0.370254
2351	0.370139
2352	0.370024
2353	0.369910
2354	0.369795
2355	0.369680
2356	0.369565
2357	0.369450
2358	0.369335
2359	0.369220
2360	0.369105
2361	0.368991
2362	0.368876
2363	0.368761
2364	0.368646
2365	0.368531
2366	0.368416
2367	0.368301
2368	0.368186
2369	0.368071
2370	0.367956
2371	0.367841
2372	0.367726
2373	0.367611
2374	0.367496
2375	0.367381
2376	0.367266
2377	0.367151
2378	0.367036
2379	0.366921
2380	0.366805
2381	0.366690
2382	0.366575
2383	0.366460
2384	0.366345
2385	0.366230
2386	0.366115
2387	0.366000
2388	0.365884
2389	0.365769
2390	0.365654
2391	0.365539
2392	0.365424
2393	0.365308
2394	0.365193
2395	0.365078
2396	0.364963
2397	0.364847
2398	0.364732
2399	0.364617
2400	0.364502
2401	0.364386
2402	0.364271
2403	0.364156
2404	0.364040
2405	0.363925
2406	0.363810
2407	0.363695
2408	0.363579
2409	0.363464
2410	0.363348
2411	0.363233
2412	0.363118
2413	0.363002
2414	0.362887
2415	0.362771
2416	0.362656
2417	0.362541
2418	0.362425
2419	0.362310
2420	0.362194
2421	0.362079
2422	0.361963
2423	0.361848
2424	0.361732
2425	0.361617
2426	0.361501
2427	0.361386
2428	0.361270
2429	0.361155
2430	0.361039
2431	0.360924
2432	0.360808
2433	0.360693
2434	0.360577
2435	0.360461
2436	0.360346
2437	0.360230
2438	0.360115
2439	0.359999
2440	0.359883
2441	0.359768
2442	0.359652
2443	0.359536
2444	0.359421
2445	0.359305
2446	0.359189
2447	0.359074
2448	0.358958
2449	0.358842
2450	0.358727
2451	0.358611
2452	0.358495
2453	0.358379
2454	0.358264
2455	0.358148
2456	0.358032
2457	0.357916
2458	0.357800
2459	0.357685
2460	0.357569
2461	0.357453
2462	0.357337
2463	0.357221
2464	0.357106
2465	0.356990
2466	0.356874
2467	0.356758
2468	0.356642
2469	0.356526
2470	0.356410
2471	0.356294
2472	0.356179
2473	0.356063
2474	0.355947
2475	0.355831
2476	0.355715
2477	0.355599
2478	0.355483
2479	0.355367
2480	0.355251
2481	0.355135
2482	0.355019
2483	0.354903
2484	0.354787
2485	0.354671
2486	0.354555
2487	0.354439
2488	0.354323
2489	0.354207
2490	0.354091
2491	0.353975
2492	0.353859
2493	0.353743
2494	0.353627
2495	0.353510
2496	0.353394
2497	0.353278
2498	0.353162
2499	0.353046
2500	0.352930
2501	0.352814
2502	0.352698
2503	0.352581
2504	0.352465
2505	0.352349
2506	0.352233
2507	0.352117
2508	0.352000
2509	0.351884
2510	0.351768
2511	0.351652
2512	0.351536
2513	0.351419
2514	0.351303
2515	0.351187
2516	0.351071
2517	0.350954
2518	0.350838
2519	0.350722
2520	0.350605
2521	0.350489
2522	0.350373
2523	0.350256
2524	0.350140
2525	0.350024
2526	0.349907
2527	0.349791
2528	0.349675
2529	0.349558
2530	0.349442
2531	0.349326
2532	0.349209
2533	0.349093
2534	0.348976
2535	0.348860
2536	0.348744
2537	0.348627
2538	0.348511
2539	0.348394
2540	0.348278
2541	0.348161
2542	0.348045
2543	0.347928
2544	0.347812
2545	0.347695
2546	0.347579
2547	0.347462
2548	0.347346
2549	0.347229
2550	0.347113
2551	0.346996
2552	0.346880
2553	0.346763
2554	0.346647
2555	0.346530
2556	0.346413
2557	0.346297
2558	0.346180
2559	0.346064
2560	0.345947
2561	0.345830
2562	0.345714
2563	0.345597
2564	0.345481
2565	0.345364
2566	0.345247
2567	0.345131
2568	0.345014
2569	0.344897
2570	0.344781
2571	0.344664
2572	0.344547
2573	0.344430
2574	0.344314
2575	0.344197
2576	0.344080
2577	0.343964
2578	0.343847
2579	0.343730
2580	0.343613
2581	0.343497
2582	0.343380
2583	0.343263
2584	0.343146
2585	0.343029
2586	0.342913
2587	0.342796
2588	0.342679
2589	0.342562
2590	0.342445
2591	0.342328
2592	0.342212
2593	0.342095
2594	0.341978
2595	0.341861
2596	0.341744
2597	0.341627
2598	0.341510
2599	0.341393
2600	0.341277
2601	0.341160
2602	0.341043
2603	0.340926
2604	0.340809
2605	0.340692
2606	0.340575
2607	0.340458
2608	0.340341
2609	0.340224
2610	0.340107
2611	0.339990
2612	0.339873
2613	0.339756
2614	0.339639
2615	0.339522
2616	0.339405
2617	0.339288
2618	0.339171
2619	0.339054
2620	0.338937
2621	0.338820
2622	0.338703
2623	0.338586
2624	0.338469
2625	0.338351
2626	0.338234
2627	0.338117
2628	0.338000
2629	0.337883
2630	0.337766
2631	0.337649
2632	0.337532
2633	0.337415
2634	0.337297
2635	0.337180
2636	0.337063
2637	0.336946
2638	0.336829
2639	0.336712
2640	0.336594
2641	0.336477
2642	0.336360
2643	0.336243
2644	0.336125
2645	0.336008
2646	0.335891
2647	0.335774
2648	0.335657
2649	0.335539
2650	0.335422
2651	0.335305
2652	0.335187
2653	0.335070
2654	0.334953
2655	0.334836
2656	0.334718
2657	0.334601
2658	0.334484
2659	0.334366
2660	0.334249
2661	0.334132
2662	0.334014
2663	0.333897
2664	0.333780
2665	0.333662
2666	0.333545
2667	0.333427
2668	0.333310
2669	0.333193
2670	0.333075
2671	0.332958
2672	0.332841
2673	0.332723
2674	0.332606
2675	0.332488
2676	0.332371
2677	0.332253
2678	0.332136
2679	0.332018
2680	0.331901
2681	0.331783
2682	0.331666
2683	0.331549
2684	0.331431
2685	0.331314
2686	0.331196
2687	0.331079
2688	0.330961
2689	0.330843
2690	0.330726
2691	0.330608
2692	0.330491
2693	0.330373
2694	0.330256
2695	0.330138
2696	0.330021
2697	0.329903
2698	0.329785
2699	0.329668
2700	0.329550
2701	0.329433
2702	0.329315
2703	0.329197
2704	0.329080
2705	0.328962
2706	0.328844
2707	0.328727
2708	0.328609
2709	0.328492
2710	0.328374
2711	0.328256
2712	0.328139
2713	0.328021
2714	0.327903
2715	0.327785
2716	0.327668
2717	0.327550
2718	0.327432
2719	0.327315
2720	0.327197
2721	0.327079
2722	0.326961
2723	0.326844
2724	0.326726
2725	0.326608
2726	0.326490
2727	0.326373
2728	0.326255
2729	0.326137
2730	0.326019
2731	0.325901
2732	0.325784
2733	0.325666
2734	0.325548
2735	0.325430
2736	0.325312
2737	0.325194
2738	0.325077
2739	0.324959
2740	0.324841
2741	0.324723
2742	0.324605
2743	0.324487
2744	0.324369
2745	0.324252
2746	0.324134
2747	0.324016
2748	0.323898
2749	0.323780
2750	0.323662
2751	0.323544
2752	0.323426
2753	0.323308
2754	0.323190
2755	0.323072
2756	0.322954
2757	0.322836
2758	0.322718
2759	0.322600
2760	0.322482
2761	0.322364
2762	0.322247
2763	0.322129
2764	0.322010
2765	0.321892
2766	0.321774
2767	0.321656
2768	0.321538
2769	0.321420
2770	0.321302
2771	0.321184
2772	0.321066
2773	0.320948
2774	0.320830
2775	0.320712
2776	0.320594
2777	0.320476
2778	0.320358
2779	0.320240
2780	0.320122
2781	0.320003
2782	0.319885
2783	0.319767
2784	0.319649
2785	0.319531
2786	0.319413
2787	0.319295
2788	0.319177
2789	0.319058
2790	0.318940
2791	0.318822
2792	0.318704
2793	0.318586
2794	0.318467
2795	0.318349
2796	0.318231
2797	0.318113
2798	0.317995
2799	0.317876
2800	0.317758
2801	0.317640
2802	0.317522
2803	0.317404
2804	0.317285
2805	0.317167
2806	0.317049
2807	0.316930
2808	0.316812
2809	0.316694
2810	0.316576
2811	0.316457
2812	0.316339
2813	0.316221
2814	0.316102
2815	0.315984
2816	0.315866
2817	0.315748
2818	0.315629
2819	0.315511
2820	0.315393
2821	0.315274
2822	0.315156
2823	0.315037
2824	0.314919
2825	0.314801
2826	0.314682
2827	0.314564
2828	0.314446
2829	0.314327
2830	0.314209
2831	0.314090
2832	0.313972
2833	0.313854
2834	0.313735
2835	0.313617
2836	0.313498
2837	0.313380
2838	0.313261
2839	0.313143
2840	0.313024
2841	0.312906
2842	0.312788
2843	0.312669
2844	0.312551
2845	0.312432
2846	0.312314
2847	0.312195
2848	0.312077
2849	0.311958
2850	0.311840
2851	0.311721
2852	0.311603
2853	0.311484
2854	0.311365
2855	0.311247
2856	0.311128
2857	0.311010
2858	0.310891
2859	0.310773
2860	0.310654
2861	0.310536
2862	0.310417
2863	0.310298
2864	0.310180
2865	0.310061
2866	0.309943
2867	0.309824
2868	0.309705
2869	0.309587
2870	0.309468
2871	0.309350
2872	0.309231
2873	0.309112
2874	0.308994
2875	0.308875
2876	0.308756
2877	0.308638
2878	0.308519
2879	0.308400
2880	0.308282
2881	0.308163
2882	0.308044
2883	0.307926
2884	0.307807
2885	0.307688
2886	0.307569
2887	0.307451
2888	0.307332
2889	0.307213
2890	0.307094
2891	0.306976
2892	0.306857
2893	0.306738
2894	0.306620
2895	0.306501
2896	0.306382
2897	0.306263
2898	0.306144
2899	0.306026
2900	0.305907
2901	0.305788
2902	0.305669
2903	0.305550
2904	0.305432
2905	0.305313
2906	0.305194
2907	0.305075
2908	0.304956
2909	0.304838
2910	0.304719
2911	0.304600
2912	0.304481
2913	0.304362
2914	0.304243
2915	0.304124
2916	0.304005
2917	0.303887
2918	0.303768
2919	0.303649
2920	0.303530
2921	0.303411
2922	0.303292
2923	0.303173
2924	0.303054
2925	0.302935
2926	0.302816
2927	0.302698
2928	0.302579
2929	0.302460
2930	0.302341
2931	0.302222
2932	0.302103
2933	0.301984
2934	0.301865
2935	0.301746
2936	0.301627
2937	0.301508
2938	0.301389
2939	0.301270
2940	0.301151
2941	0.301032
2942	0.300913
2943	0.300794
2944	0.300675
2945	0.300556
2946	0.300437
2947	0.300318
2948	0.300199
2949	0.300080
2950	0.299961
2951	0.299842
2952	0.299723
2953	0.299603
2954	0.299484
2955	0.299365
2956	0.299246
2957	0.299127
2958	0.299008
2959	0.298889
2960	0.298770
2961	0.298651
2962	0.298532
2963	0.298413
2964	0.298293
2965	0.298174
2966	0.298055
2967	0.297936
2968	0.297817
2969	0.297698
2970	0.297579
2971	0.297459
2972	0.297340
2973	0.297221
2974	0.297102
2975	0.296983
2976	0.296864
2977	0.296744
2978	0.296625
2979	0.296506
2980	0.296387
2981	0.296268
2982	0.296148
2983	0.296029
2984	0.295910
2985	0.295791
2986	0.295671
2987	0.295552
2988	0.295433
2989	0.295314
2990	0.295194
2991	0.295075
2992	0.294956
2993	0.294837
2994	0.294717
2995	0.294598
2996	0.294479
2997	0.294360
2998	0.294240
2999	0.294121
3000	0.294002
3001	0.293882
3002	0.293763
3003	0.293644
3004	0.293524
3005	0.293405
3006	0.293286
3007	0.293166
3008	0.293047
3009	0.292928
3010	0.292808
3011	0.292689
3012	0.292570
3013	0.292450
3014	0.292331
3015	0.292212
3016	0.292092
3017	0.291973
3018	0.291853
3019	0.291734
3020	0.291615
3021	0.291495
3022	0.291376
3023	0.291256
3024	0.291137
3025	0.291018
3026	0.290898
3027	0.290779
3028	0.290659
3029	0.290540
3030	0.290420
3031	0.290301
3032	0.290181
3033	0.290062
3034	0.289942
3035	0.289823
3036	0.289704
3037	0.289584
3038	0.289465
3039	0.289345
3040	0.289226
3041	0.289106
3042	0.288987
3043	0.288867
3044	0.288748
3045	0.288628
3046	0.288509
3047	0.288389
3048	0.288269
3049	0.288150
3050	0.288030
3051	0.287911
3052	0.287791
3053	0.287672
3054	0.287552
3055	0.287433
3056	0.287313
3057	0.287193
3058	0.287074
3059	0.286954
3060	0.286835
3061	0.286715
3062	0.286596
3063	0.286476
3064	0.286356
3065	0.286237
3066	0.286117
3067	0.285997
3068	0.285878
3069	0.285758
3070	0.285639
3071	0.285519
3072	0.285399
3073	0.285280
3074	0.285160
3075	0.285040
3076	0.284921
3077	0.284801
3078	0.284681
3079	0.284562
3080	0.284442
3081	0.284322
3082	0.284203
3083	0.284083
3084	0.283963
3085	0.283844
3086	0.283724
3087	0.283604
3088	0.283484
3089	0.283365
3090	0.283245
3091	0.283125
3092	0.283005
3093	0.282886
3094	0.282766
3095	0.282646
3096	0.282527
3097	0.282407
3098	0.282287
3099	0.282167
3100	0.282047
3101	0.281928
3102	0.281808
3103	0.281688
3104	0.281568
3105	0.281449
3106	0.281329
3107	0.281209
3108	0.281089
3109	0.280969
3110	0.280850
3111	0.280730
3112	0.280610
3113	0.280490
3114	0.280370
3115	0.280250
3116	0.280131
3117	0.280011
3118	0.279891
3119	0.279771
3120	0.279651
3121	0.279531
3122	0.279411
3123	0.279292
3124	0.279172
3125	0.279052
3126	0.278932
3127	0.278812
3128	0.278692
3129	0.278572
3130	0.278452
3131	0.278332
3132	0.278213
3133	0.278093
3134	0.277973
3135	0.277853
3136	0.277733
3137	0.277613
3138	0.277493
3139	0.277373
3140	0.277253
3141	0.277133
3142	0.277013
3143	0.276893
3144	0.276773
3145	0.276653
3146	0.276533
3147	0.276413
3148	0.276293
3149	0.276173
3150	0.276053
3151	0.275933
3152	0.275813
3153	0.275693
3154	0.275573
3155	0.275453
3156	0.275333
3157	0.275213
3158	0.275093
3159	0.274973
3160	0.274853
3161	0.274733
3162	0.274613
3163	0.274493
3164	0.274373
3165	0.274253
3166	0.274133
3167	0.274013
3168	0.273893
3169	0.273773
3170	0.273653
3171	0.273533
3172	0.273413
3173	0.273293
3174	0.273172
3175	0.273052
3176	0.272932
3177	0.272812
3178	0.272692
3179	0.272572
3180	0.272452
3181	0.272332
3182	0.272212
3183	0.272091
3184	0.271971
3185	0.271851
3186	0.271731
3187	0.271611
3188	0.271491
3189	0.271371
3190	0.271250
3191	0.271130
3192	0.271010
3193	0.270890
3194	0.270770
3195	0.270650
3196	0.270529
3197	0.270409
3198	0.270289
3199	0.270169
3200	0.270049
3201	0.269928
3202	0.269808
3203	0.269688
3204	0.269568
3205	0.269448
3206	0.269327
3207	0.269207
3208	0.269087
3209	0.268967
3210	0.268846
3211	0.268726
3212	0.268606
3213	0.268486
3214	0.268365
3215	0.268245
3216	0.268125
3217	0.268005
3218	0.267884
3219	0.267764
3220	0.267644
3221	0.267524
3222	0.267403
3223	0.267283
3224	0.267163
3225	0.267042
3226	0.266922
3227	0.266802
3228	0.266682
3229	0.266561
3230	0.266441
3231	0.266321
3232	0.266200
3233	0.266080
3234	0.265960
3235	0.265839
3236	0.265719
3237	0.265599
3238	0.265478
3239	0.265358
3240	0.265238
3241	0.265117
3242	0.264997
3243	0.264876
3244	0.264756
3245	0.264636
3246	0.264515
3247	0.264395
3248	0.264275
3249	0.264154
3250	0.264034
3251	0.263913
3252	0.263793
3253	0.263673
3254	0.263552
3255	0.263432
3256	0.263311
3257	0.263191
3258	0.263070
3259	0.262950
3260	0.262830
3261	0.262709
3262	0.262589
3263	0.262468
3264	0.262348
3265	0.262227
3266	0.262107
3267	0.261986
3268	0.261866
3269	0.261746
3270	0.261625
3271	0.261505
3272	0.261384
3273	0.261264
3274	0.261143
3275	0.261023
3276	0.260902
3277	0.260782
3278	0.260661
3279	0.260541
3280	0.260420
3281	0.260300
3282	0.260179
3283	0.260059
3284	0.259938
3285	0.259818
3286	0.259697
3287	0.259576
3288	0.259456
3289	0.259335
3290	0.259215
3291	0.259094
3292	0.258974
3293	0.258853
3294	0.258733
3295	0.258612
3296	0.258491
3297	0.258371
3298	0.258250
3299	0.258130
3300	0.258009
3301	0.257889
3302	0.257768
3303	0.257647
3304	0.257527
3305	0.257406
3306	0.257286
3307	0.257165
3308	0.257044
3309	0.256924
3310	0.256803
3311	0.256682
3312	0.256562
3313	0.256441
3314	0.256321
3315	0.256200
3316	0.256079
3317	0.255959
3318	0.255838
3319	0.255717
3320	0.255597
3321	0.255476
3322	0.255355
3323	0.255235
3324	0.255114
3325	0.254993
3326	0.254873
3327	0.254752
3328	0.254631
3329	0.254511
3330	0.254390
3331	0.254269
3332	0.254148
3333	0.254028
3334	0.253907
3335	0.253786
3336	0.253666
3337	0.253545
3338	0.253424
3339	0.253303
3340	0.253183
3341	0.253062
3342	0.252941
3343	0.252820
3344	0.252700
3345	0.252579
3346	0.252458
3347	0.252337
3348	0.252217
3349	0.252096
3350	0.251975
3351	0.251854
3352	0.251734
3353	0.251613
3354	0.251492
3355	0.251371
3356	0.251250
3357	0.251130
3358	0.251009
3359	0.250888
3360	0.250767
3361	0.250646
3362	0.250526
3363	0.250405
3364	0.250284
3365	0.250163
3366	0.250042
3367	0.249922
3368	0.249801
3369	0.249680
3370	0.249559
3371	0.249438
3372	0.249317
3373	0.249197
3374	0.249076
3375	0.248955
3376	0.248834
3377	0.248713
3378	0.248592
3379	0.248471
3380	0.248351
3381	0.248230
3382	0.248109
3383	0.247988
3384	0.247867
3385	0.247746
3386	0.247625
3387	0.247504
3388	0.247383
3389	0.247262
3390	0.247142
3391	0.247021
3392	0.246900
3393	0.246779
3394	0.246658
3395	0.246537
3396	0.246416
3397	0.246295
3398	0.246174
3399	0.246053
3400	0.245932
3401	0.245811
3402	0.245690
3403	0.245569
3404	0.245449
3405	0.245328
3406	0.245207
3407	0.245086
3408	0.244965
3409	0.244844
3410	0.244723
3411	0.244602
3412	0.244481
3413	0.244360
3414	0.244239
3415	0.244118
3416	0.243997
3417	0.243876
3418	0.243755
3419	0.243634
3420	0.243513
3421	0.243392
3422	0.243271
3423	0.243150
3424	0.243029
3425	0.242908
3426	0.242787
3427	0.242666
3428	0.242545
3429	0.242424
3430	0.242303
3431	0.242181
3432	0.242060
3433	0.241939
3434	0.241818
3435	0.241697
3436	0.241576
3437	0.241455
3438	0.241334
3439	0.241213
3440	0.241092
3441	0.240971
3442	0.240850
3443	0.240729
3444	0.240608
3445	0.240486
3446	0.240365
3447	0.240244
3448	0.240123
3449	0.240002
3450	0.239881
3451	0.239760
3452	0.239639
3453	0.239518
3454	0.239396
3455	0.239275
3456	0.239154
3457	0.239033
3458	0.238912
3459	0.238791
3460	0.238670
3461	0.238549
3462	0.238427
3463	0.238306
3464	0.238185
3465	0.238064
3466	0.237943
3467	0.237822
3468	0.237700
3469	0.237579
3470	0.237458
3471	0.237337
3472	0.237216
3473	0.237095
3474	0.236973
3475	0.236852
3476	0.236731
3477	0.236610
3478	0.236489
3479	0.236367
3480	0.236246
3481	0.236125
3482	0.236004
3483	0.235883
3484	0.235761
3485	0.235640
3486	0.235519
3487	0.235398
3488	0.235276
3489	0.235155
3490	0.235034
3491	0.234913
3492	0.234791
3493	0.234670
3494	0.234549
3495	0.234428
3496	0.234306
3497	0.234185
3498	0.234064
3499	0.233943
3500	0.233821
3501	0.233700
3502	0.233579
3503	0.233458
3504	0.233336
3505	0.233215
3506	0.233094
3507	0.232972
3508	0.232851
3509	0.232730
3510	0.232609
3511	0.232487
3512	0.232366
3513	0.232245
3514	0.232123
3515	0.232002
3516	0.231881
3517	0.231759
3518	0.231638
3519	0.231517
3520	0.231395
3521	0.231274
3522	0.231153
3523	0.231031
3524	0.230910
3525	0.230789
3526	0.230667
3527	0.230546
3528	0.230425
3529	0.230303
3530	0.230182
3531	0.230061
3532	0.229939
3533	0.229818
3534	0.229696
3535	0.229575
3536	0.229454
3537	0.229332
3538	0.229211
3539	0.229090
3540	0.228968
3541	0.228847
3542	0.228725
3543	0.228604
3544	0.228483
3545	0.228361
3546	0.228240
3547	0.228118
3548	0.227997
3549	0.227876
3550	0.227754
3551	0.227633
3552	0.227511
3553	0.227390
3554	0.227268
3555	0.227147
3556	0.227026
3557	0.226904
3558	0.226783
3559	0.226661
3560	0.226540
3561	0.226418
3562	0.226297
3563	0.226175
3564	0.226054
3565	0.225932
3566	0.225811
3567	0.225690
3568	0.225568
3569	0.225447
3570	0.225325
3571	0.225204
3572	0.225082
3573	0.224961
3574	0.224839
3575	0.224718
3576	0.224596
3577	0.224475
3578	0.224353
3579	0.224232
3580	0.224110
3581	0.223989
3582	0.223867
3583	0.223746
3584	0.223624
3585	0.223503
3586	0.223381
3587	0.223259
3588	0.223138
3589	0.223016
3590	0.222895
3591	0.222773
3592	0.222652
3593	0.222530
3594	0.222409
3595	0.222287
3596	0.222166
3597	0.222044
3598	0.221922
3599	0.221801
3600	0.221679
3601	0.221558
3602	0.221436
3603	0.221315
3604	0.221193
3605	0.221071
3606	0.220950
3607	0.220828
3608	0.220707
3609	0.220585
3610	0.220464
3611	0.220342
3612	0.220220
3613	0.220099
3614	0.219977
3615	0.219856
3616	0.219734
3617	0.219612
3618	0.219491
3619	0.219369
3620	0.219247
3621	0.219126
3622	0.219004
3623	0.218883
3624	0.218761
3625	0.218639
3626	0.218518
3627	0.218396
3628	0.218274
3629	0.218153
3630	0.218031
3631	0.217909
3632	0.217788
3633	0.217666
3634	0.217544
3635	0.217423
3636	0.217301
3637	0.217179
3638	0.217058
3639	0.216936
3640	0.216814
3641	0.216693
3642	0.216571
3643	0.216449
3644	0.216328
3645	0.216206
3646	0.216084
3647	0.215963
3648	0.215841
3649	0.215719
3650	0.215597
3651	0.215476
3652	0.215354
3653	0.215232
3654	0.215111
3655	0.214989
3656	0.214867
3657	0.214745
3658	0.214624
3659	0.214502
3660	0.214380
3661	0.214258
3662	0.214137
3663	0.214015
3664	0.213893
3665	0.213772
3666	0.213650
3667	0.213528
3668	0.213406
3669	0.213285
3670	0.213163
3671	0.213041
3672	0.212919
3673	0.212797
3674	0.212676
3675	0.212554
3676	0.212432
3677	0.212310
3678	0.212189
3679	0.212067
3680	0.211945
3681	0.211823
3682	0.211701
3683	0.211580
3684	0.211458
3685	0.211336
3686	0.211214
3687	0.211092
3688	0.210971
3689	0.210849
3690	0.210727
3691	0.210605
3692	0.210483
3693	0.210362
3694	0.210240
3695	0.210118
3696	0.209996
3697	0.209874
3698	0.209752
3699	0.209631
3700	0.209509
3701	0.209387
3702	0.209265
3703	0.209143
3704	0.209021
3705	0.208899
3706	0.208778
3707	0.208656
3708	0.208534
3709	0.208412
3710	0.208290
3711	0.208168
3712	0.208046
3713	0.207925
3714	0.207803
3715	0.207681
3716	0.207559
3717	0.207437
3718	0.207315
3719	0.207193
3720	0.207071
3721	0.206949
3722	0.206828
3723	0.206706
3724	0.206584
3725	0.206462
3726	0.206340
3727	0.206218
3728	0.206096
3729	0.205974
3730	0.205852
3731	0.205730
3732	0.205608
3733	0.205487
3734	0.205365
3735	0.205243
3736	0.205121
3737	0.204999
3738	0.204877
3739	0.204755
3740	0.204633
3741	0.204511
3742	0.204389
3743	0.204267
3744	0.204145
3745	0.204023
3746	0.203901
3747	0.203779
3748	0.203657
3749	0.203535
3750	0.203413
3751	0.203291
3752	0.203169
3753	0.203048
3754	0.202926
3755	0.202804
3756	0.202682
3757	0.202560
3758	0.202438
3759	0.202316
3760	0.202194
3761	0.202072
3762	0.201950
3763	0.201828
3764	0.201706
3765	0.201584
3766	0.201462
3767	0.201340
3768	0.201218
3769	0.201096
3770	0.200974
3771	0.200852
3772	0.200730
3773	0.200607
3774	0.200485
3775	0.200363
3776	0.200241
3777	0.200119
3778	0.199997
3779	0.199875
3780	0.199753
3781	0.199631
3782	0.199509
3783	0.199387
3784	0.199265
3785	0.199143
3786	0.199021
3787	0.198899
3788	0.198777
3789	0.198655
3790	0.198533
3791	0.198411
3792	0.198289
3793	0.198166
3794	0.198044
3795	0.197922
3796	0.197800
3797	0.197678
3798	0.197556
3799	0.197434
3800	0.197312
3801	0.197190
3802	0.197068
3803	0.196946
3804	0.196824
3805	0.196701
3806	0.196579
3807	0.196457
3808	0.196335
3809	0.196213
3810	0.196091
3811	0.195969
3812	0.195847
3813	0.195725
3814	0.195602
3815	0.195480
3816	0.195358
3817	0.195236
3818	0.195114
3819	0.194992
3820	0.194870
3821	0.194747
3822	0.194625
3823	0.194503
3824	0.194381
3825	0.194259
3826	0.194137
3827	0.194015
3828	0.193892
3829	0.193770
3830	0.193648
3831	0.193526
3832	0.193404
3833	0.193282
3834	0.193159
3835	0.193037
3836	0.192915
3837	0.192793
3838	0.192671
3839	0.192549
3840	0.192426
3841	0.192304
3842	0.192182
3843	0.192060
3844	0.191938
3845	0.191815
3846	0.191693
3847	0.191571
3848	0.191449
3849	0.191327
3850	0.191204
3851	0.191082
3852	0.190960
3853	0.190838
3854	0.190716
3855	0.190593
3856	0.190471
3857	0.190349
3858	0.190227
3859	0.190104
3860	0.189982
3861	0.189860
3862	0.189738
3863	0.189616
3864	0.189493
3865	0.189371
3866	0.189249
3867	0.189127
3868	0.189004
3869	0.188882
3870	0.188760
3871	0.188638
3872	0.188515
3873	0.188393
3874	0.188271
3875	0.188149
3876	0.188026
3877	0.187904
3878	0.187782
3879	0.187659
3880	0.187537
3881	0.187415
3882	0.187293
3883	0.187170
3884	0.187048
3885	0.186926
3886	0.186803
3887	0.186681
3888	0.186559
3889	0.186437
3890	0.186314
3891	0.186192
3892	0.186070
3893	0.185947
3894	0.185825
3895	0.185703
3896	0.185580
3897	0.185458
3898	0.185336
3899	0.185214
3900	0.185091
3901	0.184969
3902	0.184847
3903	0.184724
3904	0.184602
3905	0.184480
3906	0.184357
3907	0.184235
3908	0.184113
3909	0.183990
3910	0.183868
3911	0.183746
3912	0.183623
3913	0.183501
3914	0.183379
3915	0.183256
3916	0.183134
3917	0.183011
3918	0.182889
3919	0.182767
3920	0.182644
3921	0.182522
3922	0.182400
3923	0.182277
3924	0.182155
3925	0.182033
3926	0.181910
3927	0.181788
3928	0.181665
3929	0.181543
3930	0.181421
3931	0.181298
3932	0.181176
3933	0.181054
3934	0.180931
3935	0.180809
3936	0.180686
3937	0.180564
3938	0.180442
3939	0.180319
3940	0.180197
3941	0.180074
3942	0.179952
3943	0.179829
3944	0.179707
3945	0.179585
3946	0.179462
3947	0.179340
3948	0.179217
3949	0.179095
3950	0.178973
3951	0.178850
3952	0.178728
3953	0.178605
3954	0.178483
3955	0.178360
3956	0.178238
3957	0.178116
3958	0.177993
3959	0.177871
3960	0.177748
3961	0.177626
3962	0.177503
3963	0.177381
3964	0.177258
3965	0.177136
3966	0.177013
3967	0.176891
3968	0.176769
3969	0.176646
3970	0.176524
3971	0.176401
3972	0.176279
3973	0.176156
3974	0.176034
3975	0.175911
3976	0.175788
3977	0.175666
3978	0.175543
3979	0.175420
3980	0.175296
3981	0.175171
3982	0.175045
3983	0.174917
3984	0.174783
3985	0.174643
3986	0.174489
3987	0.174314
3988	0.174101
3989	0.173823
3990	0.173435
3991	0.172858
3992	0.171957
3993	0.170498
3994	0.168076
3995	0.163984
3996	0.156960
3997	0.144694
3998	0.122751
3999	0.081893
4000	0.000000
4001	0.000000
