0	0.000000
1	0.000000
2	0.000000
3	0.000000
4	0.000000
5	0.000000
6	0.000000
7	0.000000
8	0.000000
9	0.000000
10	0.000000
11	0.000000
12	0.000000
13	0.000000
14	0.000000
15	0.000000
16	0.000000
17	0.000000
18	0.000000
19	0.000000
20	0.000000
21	0.000000
22	0.000000
23	0.000000
24	0.000000
25	0.000000
26	0.000000
27	0.000000
28	0.000000
29	0.000000
30	0.000000
31	0.000000
32	0.000000
33	0.000000
34	0.000000
35	0.000000
36	0.000000
37	0.000000
38	0.000000
39	0.000000
40	0.000000
41	0.000000
42	0.000000
43	0.000000
44	0.000000
45	0.000000
46	0.000000
47	0.000000
48	0.000000
49	0.000000
50	0.000000
51	0.000000
52	0.000000
53	0.000000
54	0.000000
55	0.000000
56	0.000000
57	0.000000
58	0.000000
59	0.000000
60	0.000000
61	0.000000
62	0.000000
63	0.000000
64	0.000000
65	0.000000
66	0.000000
67	0.000000
68	0.000000
69	0.000000
70	0.000000
71	0.000000
72	0.000000
73	0.000000
74	0.000000
75	0.000000
76	0.000000
77	0.000000
78	0.000000
79	0.000000
80	0.000000
81	0.000000
82	0.000000
83	0.000000
84	0.000000
85	0.000000
86	0.000000
87	0.000000
88	0.000000
89	0.000000
90	0.000000
91	0.000000
92	0.000000
93	0.000000
94	0.000000
95	0.000000
96	0.000000
97	0.000000
98	0.000000
99	0.000000
100	0.000000
101	0.000000
102	0.000000
103	0.000000
104	0.000000
105	0.000000
106	0.000000
107	0.000000
108	0.000000
109	0.000000
110	0.000000
111	0.000000
112	0.000000
113	0.000000
114	0.000000
115	0.000000
116	0.000000
117	0.000000
118	0.000000
119	0.000000
120	0.000000
121	0.000000
122	0.000000
123	0.000000
124	0.000000
125	0.000000
126	0.000000
127	0.000000
128	0.000000
129	0.000000
130	0.000000
131	0.000000
132	0.000000
133	0.000000
134	0.000000
135	0.000000
136	0.000000
137	0.000000
138	0.000000
139	0.000000
140	0.000000
141	0.000000
142	0.000000
143	0.000000
144	0.000000
145	0.000000
146	0.000000
147	0.000000
148	0.000000
149	0.000000
150	0.000000
151	0.000000
152	0.000000
153	0.000000
154	0.000000
155	0.000000
156	0.000000
157	0.000000
158	0.000000
159	0.000000
160	0.000000
161	0.000000
162	0.000000
163	0.000000
164	0.000000
165	0.000000
166	0.000000
167	0.000000
168	0.000000
169	0.000000
170	0.000000
171	0.000000
172	0.000000
173	0.000000
174	0.000000
175	0.000000
176	0.000000
177	0.000000
178	0.000000
179	0.000000
180	0.000000
181	0.000000
182	0.000000
183	0.000000
184	0.000000
185	0.000000
186	0.000000
187	0.000000
188	0.000000
189	0.000000
190	0.000000
191	0.000000
192	0.000000
193	0.000000
194	0.000000
195	0.000000
196	0.000000
197	0.000000
198	0.000000
199	0.000000
200	0.000000
201	0.000000
202	0.000000
203	0.000000
204	0.000000
205	0.000000
206	0.000000
207	0.000000
208	0.000000
209	0.000000
210	0.000000
211	0.000000
212	0.000000
213	0.000000
214	0.000000
215	0.000000
216	0.000000
217	0.000000
218	0.000000
219	0.000000
220	0.000000
221	0.000000
222	0.000000
223	0.000000
224	0.000000
225	0.000000
226	0.000000
227	0.000000
228	0.000000
229	0.000000
230	0.000000
231	0.000000
232	0.000000
233	0.000000
234	0.000000
235	0.000000
236	0.000000
237	0.000000
238	0.000000
239	0.000000
240	0.000000
241	0.000000
242	0.000000
243	0.000000
244	0.000000
245	0.000000
246	0.000000
247	0.000000
248	0.000000
249	0.000000
250	0.000000
251	0.000000
252	0.000000
253	0.000000
254	0.000000
255	0.000000
256	0.000000
257	0.000000
258	0.000000
259	0.000000
260	0.000000
261	0.000000
262	0.000000
263	0.000000
264	0.000000
265	0.000000
266	0.000000
267	0.000000
268	0.000000
269	0.000000
270	0.000000
271	0.000000
272	0.000000
273	0.000000
274	0.000000
275	0.000000
276	0.000000
277	0.000000
278	0.000000
279	0.000000
280	0.000000
281	0.000000
282	0.000000
283	0.000000
284	0.000000
285	0.000000
286	0.000000
287	0.000000
288	0.000000
289	0.000000
290	0.000000
291	0.000000
292	0.000000
293	0.000000
294	0.000000
295	0.000000
296	0.000000
297	0.000000
298	0.000000
299	0.000000
300	0.000000
301	0.000000
302	0.000000
303	0.000000
304	0.000000
305	0.000000
306	0.000000
307	0.000000
308	0.000000
309	0.000000
310	0.000000
311	0.000000
312	0.000000
313	0.000000
314	0.000000
315	0.000000
316	0.000000
317	0.000000
318	0.000000
319	0.000000
320	0.000000
321	0.000000
322	0.000000
323	0.000000
324	0.000000
325	0.000000
326	0.000000
327	0.000000
328	0.000000
329	0.000000
330	0.000000
331	0.000000
332	0.000000
333	0.000000
334	0.000000
335	0.000000
336	0.000000
337	0.000000
338	0.000000
339	0.000000
340	0.000000
341	0.000000
342	0.000000
343	0.000000
344	0.000000
345	0.000000
346	0.000000
347	0.000000
348	0.000000
349	0.000000
350	0.000000
351	0.000000
352	0.000000
353	0.000000
354	0.000000
355	0.000000
356	0.000000
357	0.000000
358	0.000000
359	0.000000
360	0.000000
361	0.000000
362	0.000000
363	0.000000
364	0.000000
365	0.000000
366	0.000000
367	0.000000
368	0.000000
369	0.000000
370	0.000000
371	0.000000
372	0.000000
373	0.000000
374	0.000000
375	0.000000
376	0.000000
377	0.000000
378	0.000000
379	0.000000
380	0.000000
381	0.000000
382	0.000000
383	0.000000
384	0.000000
385	0.000000
386	0.000000
387	0.000000
388	0.000000
389	0.000000
390	0.000000
391	0.000000
392	0.000000
393	0.000000
394	0.000000
395	0.000000
396	0.000000
397	0.000000
398	0.000000
399	0.000000
400	0.000000
401	0.000000
402	0.000000
403	0.000000
404	0.000000
405	0.000000
406	0.000000
407	0.000000
408	0.000000
409	0.000000
410	0.000000
411	0.000000
412	0.000000
413	0.000000
414	0.000000
415	0.000000
416	0.000000
417	0.000000
418	0.000000
419	0.000000
420	0.000000
421	0.000000
422	0.000000
423	0.000000
424	0.000000
425	0.000000
426	0.000000
427	0.000000
428	0.000000
429	0.000000
430	0.000000
431	0.000000
432	0.000000
433	0.000000
434	0.000000
435	0.000000
436	0.000000
437	0.000000
438	0.000000
439	0.000000
440	0.000000
441	0.000000
442	0.000000
443	0.000000
444	0.000000
445	0.000000
446	0.000000
447	0.000000
448	0.000000
449	0.000000
450	0.000000
451	0.000000
452	0.000000
453	0.000000
454	0.000000
455	0.000000
456	0.000000
457	0.000000
458	0.000000
459	0.000000
460	0.000000
461	0.000000
462	0.000000
463	0.000000
464	0.000000
465	0.000000
466	0.000000
467	0.000000
468	0.000000
469	0.000000
470	0.000000
471	0.000000
472	0.000000
473	0.000000
474	0.000000
475	0.000000
476	0.000000
477	0.000000
478	0.000000
479	0.000000
480	0.000000
481	0.000000
482	0.000000
483	0.000000
484	0.000000
485	0.000000
486	0.000000
487	0.000000
488	0.000000
489	0.000000
490	0.000000
491	0.000000
492	0.000000
493	0.000000
494	0.000000
495	0.000000
496	0.000000
497	0.000000
498	0.000000
499	0.000000
500	0.000000
501	0.000000
502	0.000000
503	0.000000
504	0.000000
505	0.000000
506	0.000000
507	0.000000
508	0.000000
509	0.000000
510	0.000000
511	0.000000
512	0.000000
513	0.000000
514	0.000000
515	0.000000
516	0.000000
517	0.000000
518	0.000000
519	0.000000
520	0.000000
521	0.000000
522	0.000000
523	0.000000
524	0.000000
525	0.000000
526	0.000000
527	0.000000
528	0.000000
529	0.000000
530	0.000000
531	0.000000
532	0.000000
533	0.000000
534	0.000000
535	0.000000
536	0.000000
537	0.000000
538	0.000000
539	0.000000
540	0.000000
541	0.000000
542	0.000000
543	0.000000
544	0.000000
545	0.000000
546	0.000000
547	0.000000
548	0.000000
549	0.000000
550	0.000000
551	0.000000
552	0.000000
553	0.000000
554	0.000000
555	0.000000
556	0.000000
557	0.000000
558	0.000000
559	0.000000
560	0.000000
561	0.000000
562	0.000000
563	0.000000
564	0.000000
565	0.000000
566	0.000000
567	0.000000
568	0.000000
569	0.000000
570	0.000000
571	0.000000
572	0.000000
573	0.000000
574	0.000000
575	0.000000
576	0.000000
577	0.000000
578	0.000000
579	0.000000
580	0.000000
581	0.000000
582	0.000000
583	0.000000
584	0.000000
585	0.000000
586	0.000000
587	0.000000
588	0.000000
589	0.000000
590	0.000000
591	0.000000
592	0.000000
593	0.000000
594	0.000000
595	0.000000
596	0.000000
597	0.000000
598	0.000000
599	0.000000
600	0.000000
601	0.000000
602	0.000000
603	0.000000
604	0.000000
605	0.000000
606	0.000000
607	0.000000
608	0.000000
609	0.000000
610	0.000000
611	0.000000
612	0.000000
613	0.000000
614	0.000000
615	0.000000
616	0.000000
617	0.000000
618	0.000000
619	0.000000
620	0.000000
621	0.000000
622	0.000000
623	0.000000
624	0.000000
625	0.000000
626	0.000000
627	0.000000
628	0.000000
629	0.000000
630	0.000000
631	0.000000
632	0.000000
633	0.000000
634	0.000000
635	0.000000
636	0.000000
637	0.000000
638	0.000000
639	0.000000
640	0.000001
641	0.000001
642	0.000001
643	0.000001
644	0.000001
645	0.000001
646	0.000001
647	0.000001
648	0.000001
649	0.000001
650	0.000002
651	0.000002
652	0.000002
653	0.000002
654	0.000002
655	0.000002
656	0.000003
657	0.000003
658	0.000003
659	0.000004
660	0.000004
661	0.000004
662	0.000005
663	0.000005
664	0.000006
665	0.000007
666	0.000007
667	0.000008
668	0.000009
669	0.000009
670	0.000010
671	0.000011
672	0.000013
673	0.000014
674	0.000015
675	0.000016
676	0.000018
677	0.000020
678	0.000022
679	0.000024
680	0.000026
681	0.000028
682	0.000031
683	0.000033
684	0.000036
685	0.000040
686	0.000043
687	0.000047
688	0.000052
689	0.000056
690	0.000061
691	0.000067
692	0.000072
693	0.000079
694	0.000086
695	0.000093
696	0.000101
697	0.000110
698	0.000120
699	0.000130
700	0.000141
701	0.000153
702	0.000167
703	0.000181
704	0.000196
705	0.000213
706	0.000232
707	0.000252
708	0.000273
709	0.000297
710	0.000322
711	0.000350
712	0.000380
713	0.000414
714	0.000450
715	0.000490
716	0.000534
717	0.000583
718	0.000636
719	0.000696
720	0.000763
721	0.000838
722	0.000923
723	0.001020
724	0.001132
725	0.001261
726	0.001413
727	0.001592
728	0.001808
729	0.002070
730	0.002391
731	0.002791
732	0.003294
733	0.003934
734	0.004756
735	0.005823
736	0.007218
737	0.009053
738	0.011479
739	0.014694
740	0.018957
741	0.024599
742	0.032026
743	0.041716
744	0.054190
745	0.069946
746	0.089363
747	0.112553
748	0.139229
749	0.168619
750	0.199511
751	0.230441
752	0.259967
753	0.286931
754	0.310619
755	0.330768
756	0.347485
757	0.361109
758	0.372092
759	0.380906
760	0.387988
761	0.393715
762	0.398396
763	0.402276
764	0.405548
765	0.408356
766	0.410810
767	0.412994
768	0.414970
769	0.416782
770	0.418466
771	0.420046
772	0.421542
773	0.422969
774	0.424336
775	0.425653
776	0.426925
777	0.428157
778	0.429354
779	0.430519
780	0.431653
781	0.432760
782	0.433840
783	0.434896
784	0.435929
785	0.436940
786	0.437929
787	0.438898
788	0.439848
789	0.440779
790	0.441693
791	0.442589
792	0.443468
793	0.444331
794	0.445179
795	0.446011
796	0.446829
797	0.447633
798	0.448423
799	0.449199
800	0.449963
801	0.450713
802	0.451452
803	0.452178
804	0.452893
805	0.453596
806	0.454289
807	0.454970
808	0.455641
809	0.456301
810	0.456952
811	0.457592
812	0.458223
813	0.458844
814	0.459457
815	0.460060
816	0.460654
817	0.461240
818	0.461817
819	0.462386
820	0.462946
821	0.463499
822	0.464044
823	0.464581
824	0.465111
825	0.465633
826	0.466148
827	0.466656
828	0.467157
829	0.467651
830	0.468138
831	0.468618
832	0.469092
833	0.469560
834	0.470021
835	0.470477
836	0.470926
837	0.471369
838	0.471806
839	0.472237
840	0.472663
841	0.473083
842	0.473497
843	0.473906
844	0.474310
845	0.474708
846	0.475101
847	0.475489
848	0.475872
849	0.476250
850	0.476623
851	0.476991
852	0.477354
853	0.477712
854	0.478066
855	0.478416
856	0.478760
857	0.479101
858	0.479437
859	0.479768
860	0.480095
861	0.480418
862	0.480737
863	0.481052
864	0.481362
865	0.481669
866	0.481971
867	0.482270
868	0.482565
869	0.482856
870	0.483143
871	0.483426
872	0.483706
873	0.483982
874	0.484254
875	0.484523
876	0.484788
877	0.485050
878	0.485308
879	0.485563
880	0.485815
881	0.486063
882	0.486308
883	0.486549
884	0.486788
885	0.487023
886	0.487255
887	0.487484
888	0.487709
889	0.487932
890	0.488152
891	0.488369
892	0.488582
893	0.488793
894	0.489001
895	0.489206
896	0.489408
897	0.489607
898	0.489804
899	0.489998
900	0.490189
901	0.490377
902	0.490562
903	0.490745
904	0.490926
905	0.491103
906	0.491278
907	0.491451
908	0.491621
909	0.491788
910	0.491953
911	0.492116
912	0.492276
913	0.492434
914	0.492589
915	0.492742
916	0.492892
917	0.493040
918	0.493186
919	0.493330
920	0.493471
921	0.493610
922	0.493746
923	0.493881
924	0.494013
925	0.494143
926	0.494271
927	0.494397
928	0.494521
929	0.494642
930	0.494762
931	0.494879
932	0.494995
933	0.495108
934	0.495219
935	0.495328
936	0.495436
937	0.495541
938	0.495644
939	0.495746
940	0.495845
941	0.495943
942	0.496038
943	0.496132
944	0.496224
945	0.496314
946	0.496402
947	0.496488
948	0.496573
949	0.496655
950	0.496736
951	0.496815
952	0.496893
953	0.496968
954	0.497042
955	0.497114
956	0.497185
957	0.497253
958	0.497321
959	0.497386
960	0.497450
961	0.497512
962	0.497572
963	0.497631
964	0.497688
965	0.497744
966	0.497798
967	0.497850
968	0.497901
969	0.497950
970	0.497998
971	0.498044
972	0.498088
973	0.498132
974	0.498173
975	0.498213
976	0.498252
977	0.498289
978	0.498325
979	0.498359
980	0.498392
981	0.498423
982	0.498453
983	0.498481
984	0.498508
985	0.498534
986	0.498558
987	0.498581
988	0.498602
989	0.498622
990	0.498641
991	0.498659
992	0.498675
993	0.498689
994	0.498703
995	0.498715
996	0.498726
997	0.498735
998	0.498743
999	0.498750
1000	0.498756
1001	0.498760
1002	0.498763
1003	0.498765
1004	0.498765
1005	0.498765
1006	0.498763
1007	0.498760
1008	0.498755
1009	0.498750
1010	0.498743
1011	0.498735
1012	0.498726
1013	0.498716
1014	0.498704
1015	0.498691
1016	0.498678
1017	0.498663
1018	0.498646
1019	0.498629
1020	0.498611
1021	0.498591
1022	0.498570
1023	0.498549
1024	0.498526
1025	0.498502
1026	0.498477
1027	0.498450
1028	0.498423
1029	0.498395
1030	0.498365
1031	0.498335
1032	0.498303
1033	0.498271
1034	0.498237
1035	0.498202
1036	0.498166
1037	0.498130
1038	0.498092
1039	0.498053
1040	0.498013
1041	0.497972
1042	0.497930
1043	0.497887
1044	0.497843
1045	0.497799
1046	0.497753
1047	0.497706
1048	0.497658
1049	0.497609
1050	0.497559
1051	0.497509
1052	0.497457
1053	0.497404
1054	0.497351
1055	0.497296
1056	0.497241
1057	0.497184
1058	0.497127
1059	0.497069
1060	0.497010
1061	0.496950
1062	0.496889
1063	0.496827
1064	0.496764
1065	0.496700
1066	0.496636
1067	0.496570
1068	0.496504
1069	0.496437
1070	0.496369
1071	0.496300
1072	0.496230
1073	0.496159
1074	0.496088
1075	0.496015
1076	0.495942
1077	0.495868
1078	0.495793
1079	0.495717
1080	0.495641
1081	0.495563
1082	0.495485
1083	0.495406
1084	0.495326
1085	0.495245
1086	0.495164
1087	0.495081
1088	0.494998
1089	0.494914
1090	0.494829
1091	0.494744
1092	0.494658
1093	0.494571
1094	0.494483
1095	0.494394
1096	0.494305
1097	0.494214
1098	0.494123
1099	0.494032
1100	0.493939
1101	0.493846
1102	0.493752
1103	0.493657
1104	0.493562
1105	0.493466
1106	0.493369
1107	0.493271
1108	0.493172
1109	0.493073
1110	0.492973
1111	0.492873
1112	0.492771
1113	0.492669
1114	0.492567
1115	0.492463
1116	0.492359
1117	0.492254
1118	0.492148
1119	0.492042
1120	0.491935
1121	0.491827
1122	0.491719
1123	0.491610
1124	0.491500
1125	0.491390
1126	0.491279
1127	0.491167
1128	0.491054
1129	0.490941
1130	0.490828
1131	0.490713
1132	0.490598
1133	0.490482
1134	0.490366
1135	0.490249
1136	0.490131
1137	0.490012
1138	0.489893
1139	0.489774
1140	0.489653
1141	0.489532
1142	0.489411
1143	0.489289
1144	0.489166
1145	0.489042
1146	0.488918
1147	0.488793
1148	0.488668
1149	0.488542
1150	0.488415
1151	0.488288
1152	0.488160
1153	0.488032
1154	0.487903
1155	0.487773
1156	0.487643
1157	0.487512
1158	0.487381
1159	0.487249
1160	0.487116
1161	0.486983
1162	0.486849
1163	0.486715
1164	0.486580
1165	0.486444
1166	0.486308
1167	0.486172
1168	0.486034
1169	0.485896
1170	0.485758
1171	0.485619
1172	0.485480
1173	0.485339
1174	0.485199
1175	0.485058
1176	0.484916
1177	0.484773
1178	0.484631
1179	0.484487
1180	0.484343
1181	0.484199
1182	0.484054
1183	0.483908
1184	0.483762
1185	0.483615
1186	0.483468
1187	0.483320
1188	0.483172
1189	0.483023
1190	0.482874
1191	0.482724
1192	0.482573
1193	0.482422
1194	0.482271
1195	0.482119
1196	0.481966
1197	0.481813
1198	0.481660
1199	0.481506
1200	0.481351
1201	0.481196
1202	0.481041
1203	0.480885
1204	0.480728
1205	0.480571
1206	0.480414
1207	0.480256
1208	0.480097
1209	0.479938
1210	0.479778
1211	0.479618
1212	0.479458
1213	0.479297
1214	0.479135
1215	0.478973
1216	0.478811
1217	0.478648
1218	0.478485
1219	0.478321
1220	0.478156
1221	0.477992
1222	0.477826
1223	0.477660
1224	0.477494
1225	0.477327
1226	0.477160
1227	0.476993
1228	0.476825
1229	0.476656
1230	0.476487
1231	0.476317
1232	0.476148
1233	0.475977
1234	0.475806
1235	0.475635
1236	0.475463
1237	0.475291
1238	0.475118
1239	0.474945
1240	0.474772
1241	0.474598
1242	0.474423
1243	0.474249
1244	0.474073
1245	0.473898
1246	0.473721
1247	0.473545
1248	0.473368
1249	0.473190
1250	0.473012
1251	0.472834
1252	0.472655
1253	0.472476
1254	0.472297
1255	0.472117
1256	0.471936
1257	0.471755
1258	0.471574
1259	0.471392
1260	0.471210
1261	0.471028
1262	0.470845
1263	0.470661
1264	0.470478
1265	0.470293
1266	0.470109
1267	0.469924
1268	0.469738
1269	0.469553
1270	0.469366
1271	0.469180
1272	0.468993
1273	0.468805
1274	0.468618
1275	0.468429
1276	0.468241
1277	0.468052
1278	0.467862
1279	0.467673
1280	0.467483
1281	0.467292
1282	0.467101
1283	0.466910
1284	0.466718
1285	0.466526
1286	0.466333
1287	0.466141
1288	0.465947
1289	0.465754
1290	0.465560
1291	0.465365
1292	0.465171
1293	0.464975
1294	0.464780
1295	0.464584
1296	0.464388
1297	0.464191
1298	0.463994
1299	0.463797
1300	0.463599
1301	0.463401
1302	0.463203
1303	0.463004
1304	0.462805
1305	0.462605
1306	0.462405
1307	0.462205
1308	0.462004
1309	0.461803
1310	0.461602
1311	0.461400
1312	0.461198
1313	0.460996
1314	0.460793
1315	0.460590
1316	0.460387
1317	0.460183
1318	0.459979
1319	0.459774
1320	0.459569
1321	0.459364
1322	0.459159
1323	0.458953
1324	0.458746
1325	0.458540
1326	0.458333
1327	0.458126
1328	0.457918
1329	0.457710
1330	0.457502
1331	0.457293
1332	0.457085
1333	0.456875
1334	0.456666
1335	0.456456
1336	0.456246
1337	0.456035
1338	0.455824
1339	0.455613
1340	0.455401
1341	0.455189
1342	0.454977
1343	0.454765
1344	0.454552
1345	0.454339
1346	0.454125
1347	0.453911
1348	0.453697
1349	0.453483
1350	0.453268
1351	0.453053
1352	0.452837
1353	0.452622
1354	0.452406
1355	0.452189
1356	0.451973
1357	0.451756
1358	0.451538
1359	0.451321
1360	0.451103
1361	0.450885
1362	0.450666
1363	0.450447
1364	0.450228
1365	0.450009
1366	0.449789
1367	0.449569
1368	0.449349
1369	0.449128
1370	0.448907
1371	0.448686
1372	0.448464
1373	0.448242
1374	0.448020
1375	0.447798
1376	0.447575
1377	0.447352
1378	0.447129
1379	0.446905
1380	0.446681
1381	0.446457
1382	0.446232
1383	0.446008
1384	0.445783
1385	0.445557
1386	0.445332
1387	0.445106
1388	0.444879
1389	0.444653
1390	0.444426
1391	0.444199
1392	0.443972
1393	0.443744
1394	0.443516
1395	0.443288
1396	0.443059
1397	0.442831
1398	0.442602
1399	0.442372
1400	0.442143
1401	0.441913
1402	0.441683
1403	0.441452
1404	0.441222
1405	0.440991
1406	0.440759
1407	0.440528
1408	0.440296
1409	0.440064
1410	0.439832
1411	0.439599
1412	0.439366
1413	0.439133
1414	0.438900
1415	0.438666
1416	0.438432
1417	0.438198
1418	0.437963
1419	0.437729
1420	0.437494
1421	0.437258
1422	0.437023
1423	0.436787
1424	0.436551
1425	0.436315
1426	0.436078
1427	0.435841
1428	0.435604
1429	0.435367
1430	0.435129
1431	0.434891
1432	0.434653
1433	0.434415
1434	0.434176
1435	0.433938
1436	0.433698
1437	0.433459
1438	0.433219
1439	0.432980
1440	0.432739
1441	0.432499
1442	0.432258
1443	0.432018
1444	0.431776
1445	0.431535
1446	0.431293
1447	0.431052
1448	0.430809
1449	0.430567
1450	0.430325
1451	0.430082
1452	0.429839
1453	0.429595
1454	0.429352
1455	0.429108
1456	0.428864
1457	0.428620
1458	0.428375
1459	0.428130
1460	0.427885
1461	0.427640
1462	0.427395
1463	0.427149
1464	0.426903
1465	0.426657
1466	0.426410
1467	0.426164
1468	0.425917
1469	0.425670
1470	0.425422
1471	0.425175
1472	0.424927
1473	0.424679
1474	0.424431
1475	0.424182
1476	0.423933
1477	0.423684
1478	0.423435
1479	0.423186
1480	0.422936
1481	0.422686
1482	0.422436
1483	0.422186
1484	0.421935
1485	0.421685
1486	0.421434
1487	0.421182
1488	0.420931
1489	0.420679
1490	0.420427
1491	0.420175
1492	0.419923
1493	0.419670
1494	0.419418
1495	0.419165
1496	0.418911
1497	0.418658
1498	0.418404
1499	0.418151
1500	0.417896
1501	0.417642
1502	0.417388
1503	0.417133
1504	0.416878
1505	0.416623
1506	0.416368
1507	0.416112
1508	0.415856
1509	0.415600
1510	0.415344
1511	0.415088
1512	0.414831
1513	0.414574
1514	0.414317
1515	0.414060
1516	0.413802
1517	0.413545
1518	0.413287
1519	0.413029
1520	0.412770
1521	0.412512
1522	0.412253
1523	0.411994
1524	0.411735
1525	0.411476
1526	0.411216
1527	0.410957
1528	0.410697
1529	0.410437
1530	0.410176
1531	0.409916
1532	0.409655
1533	0.409394
1534	0.409133
1535	0.408872
1536	0.408610
1537	0.408348
1538	0.408086
1539	0.407824
1540	0.407562
1541	0.407300
1542	0.407037
1543	0.406774
1544	0.406511
1545	0.406247
1546	0.405984
1547	0.405720
1548	0.405456
1549	0.405192
1550	0.404928
1551	0.404664
1552	0.404399
1553	0.404134
1554	0.403869
1555	0.403604
1556	0.403338
1557	0.403073
1558	0.402807
1559	0.402541
1560	0.402275
1561	0.402009
1562	0.401742
1563	0.401475
1564	0.401208
1565	0.400941
1566	0.400674
1567	0.400406
1568	0.400139
1569	0.399871
1570	0.399603
1571	0.399335
1572	0.399066
1573	0.398798
1574	0.398529
1575	0.398260
1576	0.397991
1577	0.397722
1578	0.397452
1579	0.397182
1580	0.396913
1581	0.396643
1582	0.396372
1583	0.396102
1584	0.395831
1585	0.395561
1586	0.395290
1587	0.395019
1588	0.394747
1589	0.394476
1590	0.394204
1591	0.393932
1592	0.393660
1593	0.393388
1594	0.393116
1595	0.392843
1596	0.392571
1597	0.392298
1598	0.392025
1599	0.391752
1600	0.391478
1601	0.391205
1602	0.390931
1603	0.390657
1604	0.390383
1605	0.390109
1606	0.389834
1607	0.389560
1608	0.389285
1609	0.389010
1610	0.388735
1611	0.388460
1612	0.388184
1613	0.387909
1614	0.387633
1615	0.387357
1616	0.387081
1617	0.386805
1618	0.386528
1619	0.386252
1620	0.385975
1621	0.385698
1622	0.385421
1623	0.385144
1624	0.384867
1625	0.384589
1626	0.384311
1627	0.384033
1628	0.383755
1629	0.383477
1630	0.383199
1631	0.382920
1632	0.382641
1633	0.382363
1634	0.382084
1635	0.381804
1636	0.381525
1637	0.381246
1638	0.380966
1639	0.380686
1640	0.380406
1641	0.380126
1642	0.379846
1643	0.379565
1644	0.379285
1645	0.379004
1646	0.378723
1647	0.378442
1648	0.378161
1649	0.377879
1650	0.377598
1651	0.377316
1652	0.377034
1653	0.376752
1654	0.376470
1655	0.376188
1656	0.375905
1657	0.375622
1658	0.375340
1659	0.375057
1660	0.374774
1661	0.374490
1662	0.374207
1663	0.373924
1664	0.373640
1665	0.373356
1666	0.373072
1667	0.372788
1668	0.372504
1669	0.372219
1670	0.371935
1671	0.371650
1672	0.371365
1673	0.371080
1674	0.370795
1675	0.370510
1676	0.370224
1677	0.369938
1678	0.369653
1679	0.369367
1680	0.369081
1681	0.368795
1682	0.368508
1683	0.368222
1684	0.367935
1685	0.367648
1686	0.367361
1687	0.367074
1688	0.366787
1689	0.366500
1690	0.366212
1691	0.365925
1692	0.365637
1693	0.365349
1694	0.365061
1695	0.364773
1696	0.364484
1697	0.364196
1698	0.363907
1699	0.363619
1700	0.363330
1701	0.363041
1702	0.362751
1703	0.362462
1704	0.362173
1705	0.361883
1706	0.361593
1707	0.361304
1708	0.361014
1709	0.360723
1710	0.360433
1711	0.360143
1712	0.359852
1713	0.359561
1714	0.359271
1715	0.358980
1716	0.358689
1717	0.358397
1718	0.358106
1719	0.357814
1720	0.357523
1721	0.357231
1722	0.356939
1723	0.356647
1724	0.356355
1725	0.356063
1726	0.355770
1727	0.355478
1728	0.355185
1729	0.354892
1730	0.354599
1731	0.354306
1732	0.354013
1733	0.353719
1734	0.353426
1735	0.353132
1736	0.352839
1737	0.352545
1738	0.352251
1739	0.351957
1740	0.351662
1741	0.351368
1742	0.351073
1743	0.350779
1744	0.350484
1745	0.350189
1746	0.349894
1747	0.349599
1748	0.349304
1749	0.349008
1750	0.348713
1751	0.348417
1752	0.348121
1753	0.347825
1754	0.347529
1755	0.347233
1756	0.346937
1757	0.346640
1758	0.346344
1759	0.346047
1760	0.345750
1761	0.345453
1762	0.345156
1763	0.344859
1764	0.344562
1765	0.344265
1766	0.343967
1767	0.343669
1768	0.343372
1769	0.343074
1770	0.342776
1771	0.342478
1772	0.342179
1773	0.341881
1774	0.341583
1775	0.341284
1776	0.340985
1777	0.340686
1778	0.340387
1779	0.340088
1780	0.339789
1781	0.339490
1782	0.339190
1783	0.338891
1784	0.338591
1785	0.338291
1786	0.337991
1787	0.337691
1788	0.337391
1789	0.337091
1790	0.336790
1791	0.336490
1792	0.336189
1793	0.335889
1794	0.335588
1795	0.335287
1796	0.334986
1797	0.334684
1798	0.334383
1799	0.334082
1800	0.333780
1801	0.333478
1802	0.333177
1803	0.332875
1804	0.332573
1805	0.332271
1806	0.331968
1807	0.331666
1808	0.331364
1809	0.331061
1810	0.330758
1811	0.330456
1812	0.330153
1813	0.329850
1814	0.329547
1815	0.329243
1816	0.328940
1817	0.328637
1818	0.328333
1819	0.328029
1820	0.327726
1821	0.327422
1822	0.327118
1823	0.326813
1824	0.326509
1825	0.326205
1826	0.325900
1827	0.325596
1828	0.325291
1829	0.324987
1830	0.324682
1831	0.324377
1832	0.324072
1833	0.323766
1834	0.323461
1835	0.323156
1836	0.322850
1837	0.322545
1838	0.322239
1839	0.321933
1840	0.321627
1841	0.321321
1842	0.321015
1843	0.320709
1844	0.320402
1845	0.320096
1846	0.319789
1847	0.319482
1848	0.319176
1849	0.318869
1850	0.318562
1851	0.318255
1852	0.317948
1853	0.317640
1854	0.317333
1855	0.317025
1856	0.316718
1857	0.316410
1858	0.316102
1859	0.315794
1860	0.315486
1861	0.315178
1862	0.314870
1863	0.314562
1864	0.314253
1865	0.313945
1866	0.313636
1867	0.313327
1868	0.313018
1869	0.312710
1870	0.312401
1871	0.312091
1872	0.311782
1873	0.311473
1874	0.311163
1875	0.310854
1876	0.310544
1877	0.310235
1878	0.309925
1879	0.309615
1880	0.309305
1881	0.308995
1882	0.308685
1883	0.308374
1884	0.308064
1885	0.307753
1886	0.307443
1887	0.307132
1888	0.306821
1889	0.306510
1890	0.306199
1891	0.305888
1892	0.305577
1893	0.305266
1894	0.304954
1895	0.304643
1896	0.304331
1897	0.304020
1898	0.303708
1899	0.303396
1900	0.303084
1901	0.302772
1902	0.302460
1903	0.302148
1904	0.301836
1905	0.301523
1906	0.301211
1907	0.300898
1908	0.300586
1909	0.300273
1910	0.299960
1911	0.299647
1912	0.299334
1913	0.299021
1914	0.298708
1915	0.298394
1916	0.298081
1917	0.297767
1918	0.297454
1919	0.297140
1920	0.296826
1921	0.296512
1922	0.296198
1923	0.295884
1924	0.295570
1925	0.295256
1926	0.294942
1927	0.294627
1928	0.294313
1929	0.293998
1930	0.293683
1931	0.293369
1932	0.293054
1933	0.292739
1934	0.292424
1935	0.292109
1936	0.291794
1937	0.291478
1938	0.291163
1939	0.290847
1940	0.290532
1941	0.290216
1942	0.289901
1943	0.289585
1944	0.289269
1945	0.288953
1946	0.288637
1947	0.288321
1948	0.288004
1949	0.287688
1950	0.287372
1951	0.287055
1952	0.286739
1953	0.286422
1954	0.286105
1955	0.285788
1956	0.285471
1957	0.285154
1958	0.284837
1959	0.284520
1960	0.284203
1961	0.283885
1962	0.283568
1963	0.283251
1964	0.282933
1965	0.282615
1966	0.282297
1967	0.281980
1968	0.281662
1969	0.281344
1970	0.281026
1971	0.280707
1972	0.280389
1973	0.280071
1974	0.279752
1975	0.279434
1976	0.279115
1977	0.278797
1978	0.278478
1979	0.278159
1980	0.277840
1981	0.277521
1982	0.277202
1983	0.276883
1984	0.276564
1985	0.276244
1986	0.275925
1987	0.275606
1988	0.275286
1989	0.274966
1990	0.274647
1991	0.274327
1992	0.274007
1993	0.273687
1994	0.273367
1995	0.273047
1996	0.272727
1997	0.272407
1998	0.272086
1999	0.271766
2000	0.271445
2001	0.271125
2002	0.270804
2003	0.270483
2004	0.270163
2005	0.269842
2006	0.269521
2007	0.269200
2008	0.268879
2009	0.268557
2010	0.268236
2011	0.267915
2012	0.267593
2013	0.267272
2014	0.266950
2015	0.266629
2016	0.266307
2017	0.265985
2018	0.265663
2019	0.265342
2020	0.265020
2021	0.264697
2022	0.264375
2023	0.264053
2024	0.263731
2025	0.263408
2026	0.263086
2027	0.262763
2028	0.262441
2029	0.262118
2030	0.261795
2031	0.261473
2032	0.261150
2033	0.260827
2034	0.260504
2035	0.260181
2036	0.259857
2037	0.259534
2038	0.259211
2039	0.258887
2040	0.258564
2041	0.258240
2042	0.257917
2043	0.257593
2044	0.257269
2045	0.256945
2046	0.256622
2047	0.256298
2048	0.255974
2049	0.255649
2050	0.255325
2051	0.255001
2052	0.254677
2053	0.254352
2054	0.254028
2055	0.253703
2056	0.253379
2057	0.253054
2058	0.252729
2059	0.252404
2060	0.252080
2061	0.251755
2062	0.251430
2063	0.251105
2064	0.250779
2065	0.250454
2066	0.250129
2067	0.249803
2068	0.249478
2069	0.249153
2070	0.248827
2071	0.248501
2072	0.248176
2073	0.247850
2074	0.247524
2075	0.247198
2076	0.246872
2077	0.246546
2078	0.246220
2079	0.245894
2080	0.245568
2081	0.245241
2082	0.244915
2083	0.244589
2084	0.244262
2085	0.243936
2086	0.243609
2087	0.243282
2088	0.242955
2089	0.242629
2090	0.242302
2091	0.241975
2092	0.241648
2093	0.241321
2094	0.240994
2095	0.240666
2096	0.240339
2097	0.240012
2098	0.239684
2099	0.239357
2100	0.239029
2101	0.238702
2102	0.238374
2103	0.238046
2104	0.237719
2105	0.237391
2106	0.237063
2107	0.236735
2108	0.236407
2109	0.236079
2110	0.235751
2111	0.235422
2112	0.235094
2113	0.234766
2114	0.234437
2115	0.234109
2116	0.233780
2117	0.233452
2118	0.233123
2119	0.232794
2120	0.232466
2121	0.232137
2122	0.231808
2123	0.231479
2124	0.231150
2125	0.230821
2126	0.230492
2127	0.230162
2128	0.229833
2129	0.229504
2130	0.229174
2131	0.228845
2132	0.228515
2133	0.228186
2134	0.227856
2135	0.227527
2136	0.227197
2137	0.226867
2138	0.226537
2139	0.226207
2140	0.225877
2141	0.225547
2142	0.225217
2143	0.224887
2144	0.224557
2145	0.224227
2146	0.223896
2147	0.223566
2148	0.223235
2149	0.222905
2150	0.222574
2151	0.222244
2152	0.221913
2153	0.221582
2154	0.221252
2155	0.220921
2156	0.220590
2157	0.220259
2158	0.219928
2159	0.219597
2160	0.219266
2161	0.218934
2162	0.218603
2163	0.218272
2164	0.217941
2165	0.217609
2166	0.217278
2167	0.216946
2168	0.216615
2169	0.216283
2170	0.215951
2171	0.215619
2172	0.215288
2173	0.214956
2174	0.214624
2175	0.214292
2176	0.213960
2177	0.213628
2178	0.213296
2179	0.212964
2180	0.212631
2181	0.212299
2182	0.211967
2183	0.211634
2184	0.211302
2185	0.210969
2186	0.210637
2187	0.210304
2188	0.209972
2189	0.209639
2190	0.209306
2191	0.208973
2192	0.208640
2193	0.208308
2194	0.207975
2195	0.207642
2196	0.207308
2197	0.206975
2198	0.206642
2199	0.206309
2200	0.205976
2201	0.205642
2202	0.205309
2203	0.204975
2204	0.204642
2205	0.204308
2206	0.203975
2207	0.203641
2208	0.203307
2209	0.202974
2210	0.202640
2211	0.202306
2212	0.201972
2213	0.201638
2214	0.201304
2215	0.200970
2216	0.200636
2217	0.200302
2218	0.199968
2219	0.199633
2220	0.199299
2221	0.198965
2222	0.198630
2223	0.198296
2224	0.197961
2225	0.197627
2226	0.197292
2227	0.196958
2228	0.196623
2229	0.196288
2230	0.195953
2231	0.195619
2232	0.195284
2233	0.194949
2234	0.194614
2235	0.194279
2236	0.193944
2237	0.193608
2238	0.193273
2239	0.192938
2240	0.192603
2241	0.192268
2242	0.191932
2243	0.191597
2244	0.191261
2245	0.190926
2246	0.190590
2247	0.190255
2248	0.189919
2249	0.189583
2250	0.189248
2251	0.188912
2252	0.188576
2253	0.188240
2254	0.187904
2255	0.187568
2256	0.187232
2257	0.186896
2258	0.186560
2259	0.186224
2260	0.185888
2261	0.185551
2262	0.185215
2263	0.184879
2264	0.184542
2265	0.184206
2266	0.183869
2267	0.183533
2268	0.183196
2269	0.182860
2270	0.182523
2271	0.182186
2272	0.181850
2273	0.181513
2274	0.181176
2275	0.180839
2276	0.180502
2277	0.180165
2278	0.179828
2279	0.179491
2280	0.179154
2281	0.178817
2282	0.178480
2283	0.178143
2284	0.177805
2285	0.177468
2286	0.177131
2287	0.176793
2288	0.176456
2289	0.176119
2290	0.175781
2291	0.175443
2292	0.175106
2293	0.174768
2294	0.174431
2295	0.174093
2296	0.173755
2297	0.173417
2298	0.173079
2299	0.172742
2300	0.172404
2301	0.172066
2302	0.171728
2303	0.171390
2304	0.171051
2305	0.170713
2306	0.170375
2307	0.170037
2308	0.169699
2309	0.169360
2310	0.169022
2311	0.168684
2312	0.168345
2313	0.168007
2314	0.167668
2315	0.167330
2316	0.166991
2317	0.166653
2318	0.166314
2319	0.165975
2320	0.165636
2321	0.165298
2322	0.164959
2323	0.164620
2324	0.164281
2325	0.163942
2326	0.163603
2327	0.163264
2328	0.162925
2329	0.162586
2330	0.162247
2331	0.161908
2332	0.161569
2333	0.161229
2334	0.160890
2335	0.160551
2336	0.160211
2337	0.159872
2338	0.159533
2339	0.159193
2340	0.158854
2341	0.158514
2342	0.158174
2343	0.157835
2344	0.157495
2345	0.157155
2346	0.156816
2347	0.156476
2348	0.156136
2349	0.155796
2350	0.155456
2351	0.155117
2352	0.154777
2353	0.154437
2354	0.154097
2355	0.153757
2356	0.153416
2357	0.153076
2358	0.152736
2359	0.152396
2360	0.152056
2361	0.151715
2362	0.151375
2363	0.151035
2364	0.150694
2365	0.150354
2366	0.150014
2367	0.149673
2368	0.149333
2369	0.148992
2370	0.148651
2371	0.148311
2372	0.147970
2373	0.147629
2374	0.147289
2375	0.146948
2376	0.146607
2377	0.146266
2378	0.145925
2379	0.145585
2380	0.145244
2381	0.144903
2382	0.144562
2383	0.144221
2384	0.143880
2385	0.143538
2386	0.143197
2387	0.142856
2388	0.142515
2389	0.142174
2390	0.141833
2391	0.141491
2392	0.141150
2393	0.140809
2394	0.140467
2395	0.140126
2396	0.139784
2397	0.139443
2398	0.139101
2399	0.138760
2400	0.138418
2401	0.138076
2402	0.137735
2403	0.137393
2404	0.137051
2405	0.136710
2406	0.136368
2407	0.136026
2408	0.135684
2409	0.135342
2410	0.135000
2411	0.134659
2412	0.134317
2413	0.133975
2414	0.133633
2415	0.133291
2416	0.132948
2417	0.132606
2418	0.132264
2419	0.131922
2420	0.131580
2421	0.131238
2422	0.130895
2423	0.130553
2424	0.130211
2425	0.129868
2426	0.129526
2427	0.129184
2428	0.128841
2429	0.128499
2430	0.128156
2431	0.127814
2432	0.127471
2433	0.127128
2434	0.126786
2435	0.126443
2436	0.126100
2437	0.125758
2438	0.125415
2439	0.125072
2440	0.124729
2441	0.124387
2442	0.124044
2443	0.123701
2444	0.123358
2445	0.123015
2446	0.122672
2447	0.122329
2448	0.121986
2449	0.121643
2450	0.121300
2451	0.120957
2452	0.120614
2453	0.120271
2454	0.119927
2455	0.119584
2456	0.119241
2457	0.118898
2458	0.118554
2459	0.118211
2460	0.117868
2461	0.117524
2462	0.117181
2463	0.116838
2464	0.116494
2465	0.116151
2466	0.115807
2467	0.115464
2468	0.115120
2469	0.114776
2470	0.114433
2471	0.114089
2472	0.113746
2473	0.113402
2474	0.113058
2475	0.112714
2476	0.112371
2477	0.112027
2478	0.111683
2479	0.111339
2480	0.110995
2481	0.110651
2482	0.110308
2483	0.109964
2484	0.109620
2485	0.109276
2486	0.108932
2487	0.108588
2488	0.108244
2489	0.107899
2490	0.107555
2491	0.107211
2492	0.106867
2493	0.106523
2494	0.106179
2495	0.105834
2496	0.105490
2497	0.105146
2498	0.104802
2499	0.104457
2500	0.104113
2501	0.103769
2502	0.103424
2503	0.103080
2504	0.102735
2505	0.102391
2506	0.102046
2507	0.101702
2508	0.101357
2509	0.101013
2510	0.100668
2511	0.100324
2512	0.099979
2513	0.099634
2514	0.099290
2515	0.098945
2516	0.098600
2517	0.098256
2518	0.097911
2519	0.097566
2520	0.097221
2521	0.096876
2522	0.096532
2523	0.096187
2524	0.095842
2525	0.095497
2526	0.095152
2527	0.094807
2528	0.094462
2529	0.094117
2530	0.093772
2531	0.093427
2532	0.093082
2533	0.092737
2534	0.092392
2535	0.092047
2536	0.091702
2537	0.091356
2538	0.091011
2539	0.090666
2540	0.090321
2541	0.089976
2542	0.089630
2543	0.089285
2544	0.088940
2545	0.088595
2546	0.088249
2547	0.087904
2548	0.087559
2549	0.087213
2550	0.086868
2551	0.086522
2552	0.086177
2553	0.085831
2554	0.085486
2555	0.085140
2556	0.084795
2557	0.084449
2558	0.084104
2559	0.083758
2560	0.083413
2561	0.083067
2562	0.082721
2563	0.082376
2564	0.082030
2565	0.081684
2566	0.081339
2567	0.080993
2568	0.080647
2569	0.080302
2570	0.079956
2571	0.079610
2572	0.079264
2573	0.078918
2574	0.078573
2575	0.078227
2576	0.077881
2577	0.077535
2578	0.077189
2579	0.076843
2580	0.076497
2581	0.076151
2582	0.075805
2583	0.075459
2584	0.075113
2585	0.074768
2586	0.074421
2587	0.074076
2588	0.073729
2589	0.073383
2590	0.073037
2591	0.072691
2592	0.072345
2593	0.071999
2594	0.071653
2595	0.071307
2596	0.070961
2597	0.070615
2598	0.070268
2599	0.069922
2600	0.069576
2601	0.069230
2602	0.068884
2603	0.068538
2604	0.068191
2605	0.067845
2606	0.067499
2607	0.067153
2608	0.066807
2609	0.066461
2610	0.066114
2611	0.065768
2612	0.065422
2613	0.065076
2614	0.064729
2615	0.064383
2616	0.064037
2617	0.063691
2618	0.063344
2619	0.062998
2620	0.062652
2621	0.062306
2622	0.061959
2623	0.061613
2624	0.061267
2625	0.060921
2626	0.060575
2627	0.060229
2628	0.059882
2629	0.059536
2630	0.059190
2631	0.058844
2632	0.058498
2633	0.058152
2634	0.057806
2635	0.057460
2636	0.057114
2637	0.056768
2638	0.056422
2639	0.056076
2640	0.055730
2641	0.055384
2642	0.055038
2643	0.054693
2644	0.054346
2645	0.054001
2646	0.053655
2647	0.053310
2648	0.052964
2649	0.052619
2650	0.052273
2651	0.051928
2652	0.051582
2653	0.051237
2654	0.050891
2655	0.050547
2656	0.050201
2657	0.049857
2658	0.049511
2659	0.049167
2660	0.048821
2661	0.048477
2662	0.048132
2663	0.047788
2664	0.047443
2665	0.047100
2666	0.046754
2667	0.046411
2668	0.046066
2669	0.045724
2670	0.045379
2671	0.045036
2672	0.044692
2673	0.044350
2674	0.044005
2675	0.043664
2676	0.043319
2677	0.042978
2678	0.042634
2679	0.042293
2680	0.041950
2681	0.041610
2682	0.041266
2683	0.040926
2684	0.040583
2685	0.040244
2686	0.039901
2687	0.039563
2688	0.039220
2689	0.038883
2690	0.038541
2691	0.038203
2692	0.037862
2693	0.037525
2694	0.037184
2695	0.036849
2696	0.036508
2697	0.036173
2698	0.035833
2699	0.035499
2700	0.035160
2701	0.034827
2702	0.034488
2703	0.034156
2704	0.033818
2705	0.033487
2706	0.033149
2707	0.032819
2708	0.032483
2709	0.032154
2710	0.031818
2711	0.031490
2712	0.031155
2713	0.030829
2714	0.030495
2715	0.030170
2716	0.029837
2717	0.029514
2718	0.029182
2719	0.028860
2720	0.028529
2721	0.028209
2722	0.027879
2723	0.027560
2724	0.027232
2725	0.026915
2726	0.026588
2727	0.026273
2728	0.025948
2729	0.025634
2730	0.025310
2731	0.024999
2732	0.024677
2733	0.024367
2734	0.024047
2735	0.023740
2736	0.023421
2737	0.023116
2738	0.022800
2739	0.022497
2740	0.022183
2741	0.021882
2742	0.021570
2743	0.021272
2744	0.020963
2745	0.020667
2746	0.020360
2747	0.020067
2748	0.019763
2749	0.019473
2750	0.019171
2751	0.018884
2752	0.018584
2753	0.018301
2754	0.018004
2755	0.017724
2756	0.017430
2757	0.017153
2758	0.016863
2759	0.016589
2760	0.016302
2761	0.016032
2762	0.015748
2763	0.015482
2764	0.015202
2765	0.014939
2766	0.014662
2767	0.014404
2768	0.014131
2769	0.013876
2770	0.013608
2771	0.013357
2772	0.013092
2773	0.012846
2774	0.012586
2775	0.012343
2776	0.012088
2777	0.011850
2778	0.011599
2779	0.011365
2780	0.011119
2781	0.010890
2782	0.010649
2783	0.010425
2784	0.010188
2785	0.009969
2786	0.009737
2787	0.009524
2788	0.009297
2789	0.009088
2790	0.008867
2791	0.008663
2792	0.008447
2793	0.008249
2794	0.008038
2795	0.007845
2796	0.007641
2797	0.007453
2798	0.007254
2799	0.007072
2800	0.006878
2801	0.006701
2802	0.006514
2803	0.006343
2804	0.006161
2805	0.005995
2806	0.005819
2807	0.005659
2808	0.005490
2809	0.005335
2810	0.005171
2811	0.005023
2812	0.004865
2813	0.004722
2814	0.004570
2815	0.004433
2816	0.004287
2817	0.004155
2818	0.004015
2819	0.003889
2820	0.003755
2821	0.003634
2822	0.003506
2823	0.003391
2824	0.003269
2825	0.003159
2826	0.003043
2827	0.002938
2828	0.002828
2829	0.002728
2830	0.002623
2831	0.002529
2832	0.002430
2833	0.002341
2834	0.002247
2835	0.002163
2836	0.002074
2837	0.001994
2838	0.001911
2839	0.001836
2840	0.001757
2841	0.001687
2842	0.001613
2843	0.001548
2844	0.001478
2845	0.001417
2846	0.001352
2847	0.001295
2848	0.001235
2849	0.001181
2850	0.001125
2851	0.001075
2852	0.001023
2853	0.000977
2854	0.000929
2855	0.000886
2856	0.000841
2857	0.000802
2858	0.000761
2859	0.000724
2860	0.000686
2861	0.000653
2862	0.000618
2863	0.000587
2864	0.000555
2865	0.000527
2866	0.000498
2867	0.000472
2868	0.000446
2869	0.000422
2870	0.000398
2871	0.000377
2872	0.000355
2873	0.000335
2874	0.000315
2875	0.000298
2876	0.000280
2877	0.000264
2878	0.000248
2879	0.000234
2880	0.000219
2881	0.000206
2882	0.000193
2883	0.000182
2884	0.000170
2885	0.000160
2886	0.000149
2887	0.000140
2888	0.000131
2889	0.000122
2890	0.000114
2891	0.000107
2892	0.000099
2893	0.000093
2894	0.000087
2895	0.000081
2896	0.000075
2897	0.000070
2898	0.000065
2899	0.000061
2900	0.000056
2901	0.000052
2902	0.000048
2903	0.000045
2904	0.000042
2905	0.000039
2906	0.000036
2907	0.000033
2908	0.000031
2909	0.000028
2910	0.000026
2911	0.000024
2912	0.000022
2913	0.000021
2914	0.000019
2915	0.000018
2916	0.000016
2917	0.000015
2918	0.000014
2919	0.000013
2920	0.000011
2921	0.000011
2922	0.000010
2923	0.000009
2924	0.000008
2925	0.000007
2926	0.000007
2927	0.000006
2928	0.000006
2929	0.000005
2930	0.000005
2931	0.000004
2932	0.000004
2933	0.000004
2934	0.000003
2935	0.000003
2936	0.000003
2937	0.000002
2938	0.000002
2939	0.000002
2940	0.000002
2941	0.000002
2942	0.000002
2943	0.000001
2944	0.000001
2945	0.000001
2946	0.000001
2947	0.000001
2948	0.000001
2949	0.000001
2950	0.000001
2951	0.000001
2952	0.000001
2953	0.000001
2954	0.000000
2955	0.000000
2956	0.000000
2957	0.000000
2958	0.000000
2959	0.000000
2960	0.000000
2961	0.000000
2962	0.000000
2963	0.000000
2964	0.000000
2965	0.000000
2966	0.000000
2967	0.000000
2968	0.000000
2969	0.000000
2970	0.000000
2971	0.000000
2972	0.000000
2973	0.000000
2974	0.000000
2975	0.000000
2976	0.000000
2977	0.000000
2978	0.000000
2979	0.000000
2980	0.000000
2981	0.000000
2982	0.000000
2983	0.000000
2984	0.000000
2985	0.000000
2986	0.000000
2987	0.000000
2988	0.000000
2989	0.000000
2990	0.000000
2991	0.000000
2992	0.000000
2993	0.000000
2994	0.000000
2995	0.000000
2996	0.000000
2997	0.000000
2998	0.000000
2999	0.000000
3000	0.000000
3001	0.000000
3002	0.000000
3003	0.000000
3004	0.000000
3005	0.000000
3006	0.000000
3007	0.000000
3008	0.000000
3009	0.000000
3010	0.000000
3011	0.000000
3012	0.000000
3013	0.000000
3014	0.000000
3015	0.000000
3016	0.000000
3017	0.000000
3018	0.000000
3019	0.000000
3020	0.000000
3021	0.000000
3022	0.000000
3023	0.000000
3024	0.000000
3025	0.000000
3026	0.000000
3027	0.000000
3028	0.000000
3029	0.000000
3030	0.000000
3031	0.000000
3032	0.000000
3033	0.000000
3034	0.000000
3035	0.000000
3036	0.000000
3037	0.000000
3038	0.000000
3039	0.000000
3040	0.000000
3041	0.000000
3042	0.000000
3043	0.000000
3044	0.000000
3045	0.000000
3046	0.000000
3047	0.000000
3048	0.000000
3049	0.000000
3050	0.000000
3051	0.000000
3052	0.000000
3053	0.000000
3054	0.000000
3055	0.000000
3056	0.000000
3057	0.000000
3058	0.000000
3059	0.000000
3060	0.000000
3061	0.000000
3062	0.000000
3063	0.000000
3064	0.000000
3065	0.000000
3066	0.000000
3067	0.000000
3068	0.000000
3069	0.000000
3070	0.000000
3071	0.000000
3072	0.000000
3073	0.000000
3074	0.000000
3075	0.000000
3076	0.000000
3077	0.000000
3078	0.000000
3079	0.000000
3080	0.000000
3081	0.000000
3082	0.000000
3083	0.000000
3084	0.000000
3085	0.000000
3086	0.000000
3087	0.000000
3088	0.000000
3089	0.000000
3090	0.000000
3091	0.000000
3092	0.000000
3093	0.000000
3094	0.000000
3095	0.000000
3096	0.000000
3097	0.000000
3098	0.000000
3099	0.000000
3100	0.000000
3101	0.000000
3102	0.000000
3103	0.000000
3104	0.000000
3105	0.000000
3106	0.000000
3107	0.000000
3108	0.000000
3109	0.000000
3110	0.000000
3111	0.000000
3112	0.000000
3113	0.000000
3114	0.000000
3115	0.000000
3116	0.000000
3117	0.000000
3118	0.000000
3119	0.000000
3120	0.000000
3121	0.000000
3122	0.000000
3123	0.000000
3124	0.000000
3125	0.000000
3126	0.000000
3127	0.000000
3128	0.000000
3129	0.000000
3130	0.000000
3131	0.000000
3132	0.000000
3133	0.000000
3134	0.000000
3135	0.000000
3136	0.000000
3137	0.000000
3138	0.000000
3139	0.000000
3140	0.000000
3141	0.000000
3142	0.000000
3143	0.000000
3144	0.000000
3145	0.000000
3146	0.000000
3147	0.000000
3148	0.000000
3149	0.000000
3150	0.000000
3151	0.000000
3152	0.000000
3153	0.000000
3154	0.000000
3155	0.000000
3156	0.000000
3157	0.000000
3158	0.000000
3159	0.000000
3160	0.000000
3161	0.000000
3162	0.000000
3163	0.000000
3164	0.000000
3165	0.000000
3166	0.000000
3167	0.000000
3168	0.000000
3169	0.000000
3170	0.000000
3171	0.000000
3172	0.000000
3173	0.000000
3174	0.000000
3175	0.000000
3176	0.000000
3177	0.000000
3178	0.000000
3179	0.000000
3180	0.000000
3181	0.000000
3182	0.000000
3183	0.000000
3184	0.000000
3185	0.000000
3186	0.000000
3187	0.000000
3188	0.000000
3189	0.000000
3190	0.000000
3191	0.000000
3192	0.000000
3193	0.000000
3194	0.000000
3195	0.000000
3196	0.000000
3197	0.000000
3198	0.000000
3199	0.000000
3200	0.000000
3201	0.000000
3202	0.000000
3203	0.000000
3204	0.000000
3205	0.000000
3206	0.000000
3207	0.000000
3208	0.000000
3209	0.000000
3210	0.000000
3211	0.000000
3212	0.000000
3213	0.000000
3214	0.000000
3215	0.000000
3216	0.000000
3217	0.000000
3218	0.000000
3219	0.000000
3220	0.000000
3221	0.000000
3222	0.000000
3223	0.000000
3224	0.000000
3225	0.000000
3226	0.000000
3227	0.000000
3228	0.000000
3229	0.000000
3230	0.000000
3231	0.000000
3232	0.000000
3233	0.000000
3234	0.000000
3235	0.000000
3236	0.000000
3237	0.000000
3238	0.000000
3239	0.000000
3240	0.000000
3241	0.000000
3242	0.000000
3243	0.000000
3244	0.000000
3245	0.000000
3246	0.000000
3247	0.000000
3248	0.000000
3249	0.000000
3250	0.000000
3251	0.000000
3252	0.000000
3253	0.000000
3254	0.000000
3255	0.000000
3256	0.000000
3257	0.000000
3258	0.000000
3259	0.000000
3260	0.000000
3261	0.000000
3262	0.000000
3263	0.000000
3264	0.000000
3265	0.000000
3266	0.000000
3267	0.000000
3268	0.000000
3269	0.000000
3270	0.000000
3271	0.000000
3272	0.000000
3273	0.000000
3274	0.000000
3275	0.000000
3276	0.000000
3277	0.000000
3278	0.000000
3279	0.000000
3280	0.000000
3281	0.000000
3282	0.000000
3283	0.000000
3284	0.000000
3285	0.000000
3286	0.000000
3287	0.000000
3288	0.000000
3289	0.000000
3290	0.000000
3291	0.000000
3292	0.000000
3293	0.000000
3294	0.000000
3295	0.000000
3296	0.000000
3297	0.000000
3298	0.000000
3299	0.000000
3300	0.000000
3301	0.000000
3302	0.000000
3303	0.000000
3304	0.000000
3305	0.000000
3306	0.000000
3307	0.000000
3308	0.000000
3309	0.000000
3310	0.000000
3311	0.000000
3312	0.000000
3313	0.000000
3314	0.000000
3315	0.000000
3316	0.000000
3317	0.000000
3318	0.000000
3319	0.000000
3320	0.000000
3321	0.000000
3322	0.000000
3323	0.000000
3324	0.000000
3325	0.000000
3326	0.000000
3327	0.000000
3328	0.000000
3329	0.000000
3330	0.000000
3331	0.000000
3332	0.000000
3333	0.000000
3334	0.000000
3335	0.000000
3336	0.000000
3337	0.000000
3338	0.000000
3339	0.000000
3340	0.000000
3341	0.000000
3342	0.000000
3343	0.000000
3344	0.000000
3345	0.000000
3346	0.000000
3347	0.000000
3348	0.000000
3349	0.000000
3350	0.000000
3351	0.000000
3352	0.000000
3353	0.000000
3354	0.000000
3355	0.000000
3356	0.000000
3357	0.000000
3358	0.000000
3359	0.000000
3360	0.000000
3361	0.000000
3362	0.000000
3363	0.000000
3364	0.000000
3365	0.000000
3366	0.000000
3367	0.000000
3368	0.000000
3369	0.000000
3370	0.000000
3371	0.000000
3372	0.000000
3373	0.000000
3374	0.000000
3375	0.000000
3376	0.000000
3377	0.000000
3378	0.000000
3379	0.000000
3380	0.000000
3381	0.000000
3382	0.000000
3383	0.000000
3384	0.000000
3385	0.000000
3386	0.000000
3387	0.000000
3388	0.000000
3389	0.000000
3390	0.000000
3391	0.000000
3392	0.000000
3393	0.000000
3394	0.000000
3395	0.000000
3396	0.000000
3397	0.000000
3398	0.000000
3399	0.000000
3400	0.000000
3401	0.000000
3402	0.000000
3403	0.000000
3404	0.000000
3405	0.000000
3406	0.000000
3407	0.000000
3408	0.000000
3409	0.000000
3410	0.000000
3411	0.000000
3412	0.000000
3413	0.000000
3414	0.000000
3415	0.000000
3416	0.000000
3417	0.000000
3418	0.000000
3419	0.000000
3420	0.000000
3421	0.000000
3422	0.000000
3423	0.000000
3424	0.000000
3425	0.000000
3426	0.000000
3427	0.000000
3428	0.000000
3429	0.000000
3430	0.000000
3431	0.000000
3432	0.000000
3433	0.000000
3434	0.000000
3435	0.000000
3436	0.000000
3437	0.000000
3438	0.000000
3439	0.000000
3440	0.000000
3441	0.000000
3442	0.000000
3443	0.000000
3444	0.000000
3445	0.000000
3446	0.000000
3447	0.000000
3448	0.000000
3449	0.000000
3450	0.000000
3451	0.000000
3452	0.000000
3453	0.000000
3454	0.000000
3455	0.000000
3456	0.000000
3457	0.000000
3458	0.000000
3459	0.000000
3460	0.000000
3461	0.000000
3462	0.000000
3463	0.000000
3464	0.000000
3465	0.000000
3466	0.000000
3467	0.000000
3468	0.000000
3469	0.000000
3470	0.000000
3471	0.000000
3472	0.000000
3473	0.000000
3474	0.000000
3475	0.000000
3476	0.000000
3477	0.000000
3478	0.000000
3479	0.000000
3480	0.000000
3481	0.000000
3482	0.000000
3483	0.000000
3484	0.000000
3485	0.000000
3486	0.000000
3487	0.000000
3488	0.000000
3489	0.000000
3490	0.000000
3491	0.000000
3492	0.000000
3493	0.000000
3494	0.000000
3495	0.000000
3496	0.000000
3497	0.000000
3498	0.000000
3499	0.000000
3500	0.000000
3501	0.000000
3502	0.000000
3503	0.000000
3504	0.000000
3505	0.000000
3506	0.000000
3507	0.000000
3508	0.000000
3509	0.000000
3510	0.000000
3511	0.000000
3512	0.000000
3513	0.000000
3514	0.000000
3515	0.000000
3516	0.000000
3517	0.000000
3518	0.000000
3519	0.000000
3520	0.000000
3521	0.000000
3522	0.000000
3523	0.000000
3524	0.000000
3525	0.000000
3526	0.000000
3527	0.000000
3528	0.000000
3529	0.000000
3530	0.000000
3531	0.000000
3532	0.000000
3533	0.000000
3534	0.000000
3535	0.000000
3536	0.000000
3537	0.000000
3538	0.000000
3539	0.000000
3540	0.000000
3541	0.000000
3542	0.000000
3543	0.000000
3544	0.000000
3545	0.000000
3546	0.000000
3547	0.000000
3548	0.000000
3549	0.000000
3550	0.000000
3551	0.000000
3552	0.000000
3553	0.000000
3554	0.000000
3555	0.000000
3556	0.000000
3557	0.000000
3558	0.000000
3559	0.000000
3560	0.000000
3561	0.000000
3562	0.000000
3563	0.000000
3564	0.000000
3565	0.000000
3566	0.000000
3567	0.000000
3568	0.000000
3569	0.000000
3570	0.000000
3571	0.000000
3572	0.000000
3573	0.000000
3574	0.000000
3575	0.000000
3576	0.000000
3577	0.000000
3578	0.000000
3579	0.000000
3580	0.000000
3581	0.000000
3582	0.000000
3583	0.000000
3584	0.000000
3585	0.000000
3586	0.000000
3587	0.000000
3588	0.000000
3589	0.000000
3590	0.000000
3591	0.000000
3592	0.000000
3593	0.000000
3594	0.000000
3595	0.000000
3596	0.000000
3597	0.000000
3598	0.000000
3599	0.000000
3600	0.000000
3601	0.000000
3602	0.000000
3603	0.000000
3604	0.000000
3605	0.000000
3606	0.000000
3607	0.000000
3608	0.000000
3609	0.000000
3610	0.000000
3611	0.000000
3612	0.000000
3613	0.000000
3614	0.000000
3615	0.000000
3616	0.000000
3617	0.000000
3618	0.000000
3619	0.000000
3620	0.000000
3621	0.000000
3622	0.000000
3623	0.000000
3624	0.000000
3625	0.000000
3626	0.000000
3627	0.000000
3628	0.000000
3629	0.000000
3630	0.000000
3631	0.000000
3632	0.000000
3633	0.000000
3634	0.000000
3635	0.000000
3636	0.000000
3637	0.000000
3638	0.000000
3639	0.000000
3640	0.000000
3641	0.000000
3642	0.000000
3643	0.000000
3644	0.000000
3645	0.000000
3646	0.000000
3647	0.000000
3648	0.000000
3649	0.000000
3650	0.000000
3651	0.000000
3652	0.000000
3653	0.000000
3654	0.000000
3655	0.000000
3656	0.000000
3657	0.000000
3658	0.000000
3659	0.000000
3660	0.000000
3661	0.000000
3662	0.000000
3663	0.000000
3664	0.000000
3665	0.000000
3666	0.000000
3667	0.000000
3668	0.000000
3669	0.000000
3670	0.000000
3671	0.000000
3672	0.000000
3673	0.000000
3674	0.000000
3675	0.000000
3676	0.000000
3677	0.000000
3678	0.000000
3679	0.000000
3680	0.000000
3681	0.000000
3682	0.000000
3683	0.000000
3684	0.000000
3685	0.000000
3686	0.000000
3687	0.000000
3688	0.000000
3689	0.000000
3690	0.000000
3691	0.000000
3692	0.000000
3693	0.000000
3694	0.000000
3695	0.000000
3696	0.000000
3697	0.000000
3698	0.000000
3699	0.000000
3700	0.000000
3701	0.000000
3702	0.000000
3703	0.000000
3704	0.000000
3705	0.000000
3706	0.000000
3707	0.000000
3708	0.000000
3709	0.000000
3710	0.000000
3711	0.000000
3712	0.000000
3713	0.000000
3714	0.000000
3715	0.000000
3716	0.000000
3717	0.000000
3718	0.000000
3719	0.000000
3720	0.000000
3721	0.000000
3722	0.000000
3723	0.000000
3724	0.000000
3725	0.000000
3726	0.000000
3727	0.000000
3728	0.000000
3729	0.000000
3730	0.000000
3731	0.000000
3732	0.000000
3733	0.000000
3734	0.000000
3735	0.000000
3736	0.000000
3737	0.000000
3738	0.000000
3739	0.000000
3740	0.000000
3741	0.000000
3742	0.000000
3743	0.000000
3744	0.000000
3745	0.000000
3746	0.000000
3747	0.000000
3748	0.000000
3749	0.000000
3750	0.000000
3751	0.000000
3752	0.000000
3753	0.000000
3754	0.000000
3755	0.000000
3756	0.000000
3757	0.000000
3758	0.000000
3759	0.000000
3760	0.000000
3761	0.000000
3762	0.000000
3763	0.000000
3764	0.000000
3765	0.000000
3766	0.000000
3767	0.000000
3768	0.000000
3769	0.000000
3770	0.000000
3771	0.000000
3772	0.000000
3773	0.000000
3774	0.000000
3775	0.000000
3776	0.000000
3777	0.000000
3778	0.000000
3779	0.000000
3780	0.000000
3781	0.000000
3782	0.000000
3783	0.000000
3784	0.000000
3785	0.000000
3786	0.000000
3787	0.000000
3788	0.000000
3789	0.000000
3790	0.000000
3791	0.000000
3792	0.000000
3793	0.000000
3794	0.000000
3795	0.000000
3796	0.000000
3797	0.000000
3798	0.000000
3799	0.000000
3800	0.000000
3801	0.000000
3802	0.000000
3803	0.000000
3804	0.000000
3805	0.000000
3806	0.000000
3807	0.000000
3808	0.000000
3809	0.000000
3810	0.000000
3811	0.000000
3812	0.000000
3813	0.000000
3814	0.000000
3815	0.000000
3816	0.000000
3817	0.000000
3818	0.000000
3819	0.000000
3820	0.000000
3821	0.000000
3822	0.000000
3823	0.000000
3824	0.000000
3825	0.000000
3826	0.000000
3827	0.000000
3828	0.000000
3829	0.000000
3830	0.000000
3831	0.000000
3832	0.000000
3833	0.000000
3834	0.000000
3835	0.000000
3836	0.000000
3837	0.000000
3838	0.000000
3839	0.000000
3840	0.000000
3841	0.000000
3842	0.000000
3843	0.000000
3844	0.000000
3845	0.000000
3846	0.000000
3847	0.000000
3848	0.000000
3849	0.000000
3850	0.000000
3851	0.000000
3852	0.000000
3853	0.000000
3854	0.000000
3855	0.000000
3856	0.000000
3857	0.000000
3858	0.000000
3859	0.000000
3860	0.000000
3861	0.000000
3862	0.000000
3863	0.000000
3864	0.000000
3865	0.000000
3866	0.000000
3867	0.000000
3868	0.000000
3869	0.000000
3870	0.000000
3871	0.000000
3872	0.000000
3873	0.000000
3874	0.000000
3875	0.000000
3876	0.000000
3877	0.000000
3878	0.000000
3879	0.000000
3880	0.000000
3881	0.000000
3882	0.000000
3883	0.000000
3884	0.000000
3885	0.000000
3886	0.000000
3887	0.000000
3888	0.000000
3889	0.000000
3890	0.000000
3891	0.000000
3892	0.000000
3893	0.000000
3894	0.000000
3895	0.000000
3896	0.000000
3897	0.000000
3898	0.000000
3899	0.000000
3900	0.000000
3901	0.000000
3902	0.000000
3903	0.000000
3904	0.000000
3905	0.000000
3906	0.000000
3907	0.000000
3908	0.000000
3909	0.000000
3910	0.000000
3911	0.000000
3912	0.000000
3913	0.000000
3914	0.000000
3915	0.000000
3916	0.000000
3917	0.000000
3918	0.000000
3919	0.000000
3920	0.000000
3921	0.000000
3922	0.000000
3923	0.000000
3924	0.000000
3925	0.000000
3926	0.000000
3927	0.000000
3928	0.000000
3929	0.000000
3930	0.000000
3931	0.000000
3932	0.000000
3933	0.000000
3934	0.000000
3935	0.000000
3936	0.000000
3937	0.000000
3938	0.000000
3939	0.000000
3940	0.000000
3941	0.000000
3942	0.000000
3943	0.000000
3944	0.000000
3945	0.000000
3946	0.000000
3947	0.000000
3948	0.000000
3949	0.000000
3950	0.000000
3951	0.000000
3952	0.000000
3953	0.000000
3954	0.000000
3955	0.000000
3956	0.000000
3957	0.000000
3958	0.000000
3959	0.000000
3960	0.000000
3961	0.000000
3962	0.000000
3963	0.000000
3964	0.000000
3965	0.000000
3966	0.000000
3967	0.000000
3968	0.000000
3969	0.000000
3970	0.000000
3971	0.000000
3972	0.000000
3973	0.000000
3974	0.000000
3975	0.000000
3976	0.000000
3977	0.000000
3978	0.000000
3979	0.000000
3980	0.000000
3981	0.000000
3982	0.000000
3983	0.000000
3984	0.000000
3985	0.000000
3986	0.000000
3987	0.000000
3988	0.000000
3989	0.000000
3990	0.000000
3991	0.000000
3992	0.000000
3993	0.000000
3994	0.000000
3995	0.000000
3996	0.000000
3997	0.000000
3998	0.000000
3999	0.000000
4000	0.000000
4001	0.000000
