0	0.000000
1	0.000785
2	0.001571
3	0.002356
4	0.003142
5	0.003927
6	0.004712
7	0.005498
8	0.006283
9	0.007068
10	0.007854
11	0.008639
12	0.009424
13	0.010209
14	0.010995
15	0.011780
16	0.012565
17	0.013350
18	0.014135
19	0.014920
20	0.015705
21	0.016490
22	0.017275
23	0.018060
24	0.018845
25	0.019630
26	0.020415
27	0.021199
28	0.021984
29	0.022769
30	0.023553
31	0.024338
32	0.025122
33	0.025907
34	0.026691
35	0.027475
36	0.028259
37	0.029043
38	0.029827
39	0.030611
40	0.031395
41	0.032179
42	0.032963
43	0.033746
44	0.034530
45	0.035313
46	0.036097
47	0.036880
48	0.037663
49	0.038447
50	0.039230
51	0.040012
52	0.040795
53	0.041578
54	0.042361
55	0.043143
56	0.043926
57	0.044708
58	0.045490
59	0.046272
60	0.047054
61	0.047836
62	0.048618
63	0.049399
64	0.050181
65	0.050962
66	0.051743
67	0.052525
68	0.053306
69	0.054086
70	0.054867
71	0.055648
72	0.056428
73	0.057209
74	0.057989
75	0.058769
76	0.059549
77	0.060328
78	0.061108
79	0.061887
80	0.062667
81	0.063446
82	0.064225
83	0.065004
84	0.065782
85	0.066561
86	0.067339
87	0.068117
88	0.068895
89	0.069673
90	0.070451
91	0.071228
92	0.072005
93	0.072783
94	0.073559
95	0.074336
96	0.075113
97	0.075889
98	0.076665
99	0.077441
100	0.078217
101	0.078993
102	0.079768
103	0.080544
104	0.081319
105	0.082093
106	0.082868
107	0.083642
108	0.084417
109	0.085191
110	0.085965
111	0.086738
112	0.087512
113	0.088285
114	0.089058
115	0.089830
116	0.090603
117	0.091375
118	0.092147
119	0.092919
120	0.093691
121	0.094462
122	0.095233
123	0.096004
124	0.096775
125	0.097545
126	0.098315
127	0.099085
128	0.099855
129	0.100624
130	0.101394
131	0.102163
132	0.102931
133	0.103700
134	0.104468
135	0.105236
136	0.106004
137	0.106771
138	0.107538
139	0.108305
140	0.109072
141	0.109838
142	0.110604
143	0.111370
144	0.112135
145	0.112901
146	0.113666
147	0.114430
148	0.115195
149	0.115959
150	0.116723
151	0.117486
152	0.118249
153	0.119012
154	0.119775
155	0.120538
156	0.121300
157	0.122061
158	0.122823
159	0.123584
160	0.124345
161	0.125106
162	0.125866
163	0.126626
164	0.127385
165	0.128145
166	0.128904
167	0.129662
168	0.130421
169	0.131179
170	0.131937
171	0.132694
172	0.133451
173	0.134208
174	0.134964
175	0.135720
176	0.136476
177	0.137231
178	0.137986
179	0.138741
180	0.139496
181	0.140250
182	0.141003
183	0.141757
184	0.142510
185	0.143262
186	0.144015
187	0.144767
188	0.145518
189	0.146269
190	0.147020
191	0.147771
192	0.148521
193	0.149271
194	0.150020
195	0.150769
196	0.151518
197	0.152266
198	0.153014
199	0.153761
200	0.154508
201	0.155255
202	0.156002
203	0.156748
204	0.157493
205	0.158238
206	0.158983
207	0.159728
208	0.160472
209	0.161215
210	0.161959
211	0.162702
212	0.163444
213	0.164186
214	0.164928
215	0.165669
216	0.166410
217	0.167150
218	0.167890
219	0.168630
220	0.169369
221	0.170108
222	0.170846
223	0.171584
224	0.172321
225	0.173059
226	0.173795
227	0.174531
228	0.175267
229	0.176003
230	0.176737
231	0.177472
232	0.178206
233	0.178940
234	0.179673
235	0.180405
236	0.181138
237	0.181870
238	0.182601
239	0.183332
240	0.184062
241	0.184792
242	0.185522
243	0.186251
244	0.186980
245	0.187708
246	0.188436
247	0.189163
248	0.189890
249	0.190616
250	0.191342
251	0.192067
252	0.192792
253	0.193516
254	0.194240
255	0.194964
256	0.195687
257	0.196409
258	0.197131
259	0.197853
260	0.198574
261	0.199295
262	0.200015
263	0.200734
264	0.201453
265	0.202172
266	0.202890
267	0.203607
268	0.204325
269	0.205041
270	0.205757
271	0.206473
272	0.207188
273	0.207902
274	0.208616
275	0.209330
276	0.210043
277	0.210755
278	0.211467
279	0.212179
280	0.212890
281	0.213600
282	0.214310
283	0.215019
284	0.215728
285	0.216436
286	0.217144
287	0.217851
288	0.218558
289	0.219264
290	0.219970
291	0.220675
292	0.221379
293	0.222083
294	0.222786
295	0.223489
296	0.224192
297	0.224893
298	0.225595
299	0.226295
300	0.226995
301	0.227695
302	0.228394
303	0.229092
304	0.229790
305	0.230487
306	0.231184
307	0.231880
308	0.232576
309	0.233271
310	0.233965
311	0.234659
312	0.235352
313	0.236045
314	0.236737
315	0.237428
316	0.238119
317	0.238809
318	0.239499
319	0.240188
320	0.240877
321	0.241565
322	0.242252
323	0.242939
324	0.243625
325	0.244311
326	0.244996
327	0.245680
328	0.246364
329	0.247047
330	0.247729
331	0.248411
332	0.249093
333	0.249773
334	0.250453
335	0.251133
336	0.251812
337	0.252490
338	0.253167
339	0.253844
340	0.254521
341	0.255196
342	0.255872
343	0.256546
344	0.257220
345	0.257893
346	0.258565
347	0.259237
348	0.259909
349	0.260579
350	0.261249
351	0.261919
352	0.262587
353	0.263255
354	0.263923
355	0.264590
356	0.265256
357	0.265921
358	0.266586
359	0.267250
360	0.267913
361	0.268576
362	0.269238
363	0.269900
364	0.270561
365	0.271221
366	0.271880
367	0.272539
368	0.273197
369	0.273855
370	0.274511
371	0.275168
372	0.275823
373	0.276478
374	0.277132
375	0.277785
376	0.278438
377	0.279090
378	0.279741
379	0.280392
380	0.281042
381	0.281691
382	0.282339
383	0.282987
384	0.283634
385	0.284281
386	0.284927
387	0.285572
388	0.286216
389	0.286860
390	0.287503
391	0.288145
392	0.288786
393	0.289427
394	0.290067
395	0.290707
396	0.291345
397	0.291983
398	0.292620
399	0.293257
400	0.293893
401	0.294528
402	0.295162
403	0.295796
404	0.296428
405	0.297061
406	0.297692
407	0.298323
408	0.298952
409	0.299582
410	0.300210
411	0.300838
412	0.301465
413	0.302091
414	0.302716
415	0.303341
416	0.303965
417	0.304588
418	0.305211
419	0.305833
420	0.306454
421	0.307074
422	0.307693
423	0.308312
424	0.308930
425	0.309547
426	0.310163
427	0.310779
428	0.311394
429	0.312008
430	0.312621
431	0.313234
432	0.313846
433	0.314457
434	0.315067
435	0.315676
436	0.316285
437	0.316893
438	0.317500
439	0.318106
440	0.318712
441	0.319317
442	0.319921
443	0.320524
444	0.321126
445	0.321728
446	0.322329
447	0.322929
448	0.323528
449	0.324126
450	0.324724
451	0.325321
452	0.325917
453	0.326512
454	0.327106
455	0.327700
456	0.328293
457	0.328885
458	0.329476
459	0.330066
460	0.330656
461	0.331245
462	0.331833
463	0.332420
464	0.333006
465	0.333591
466	0.334176
467	0.334760
468	0.335343
469	0.335925
470	0.336506
471	0.337087
472	0.337666
473	0.338245
474	0.338823
475	0.339400
476	0.339977
477	0.340552
478	0.341127
479	0.341701
480	0.342274
481	0.342846
482	0.343417
483	0.343987
484	0.344557
485	0.345126
486	0.345693
487	0.346260
488	0.346827
489	0.347392
490	0.347956
491	0.348520
492	0.349083
493	0.349645
494	0.350206
495	0.350766
496	0.351325
497	0.351883
498	0.352441
499	0.352998
500	0.353553
501	0.354108
502	0.354662
503	0.355216
504	0.355768
505	0.356319
506	0.356870
507	0.357419
508	0.357968
509	0.358516
510	0.359063
511	0.359609
512	0.360155
513	0.360699
514	0.361242
515	0.361785
516	0.362327
517	0.362867
518	0.363407
519	0.363946
520	0.364484
521	0.365022
522	0.365558
523	0.366093
524	0.366628
525	0.367161
526	0.367694
527	0.368226
528	0.368757
529	0.369287
530	0.369816
531	0.370344
532	0.370871
533	0.371397
534	0.371923
535	0.372447
536	0.372971
537	0.373493
538	0.374015
539	0.374536
540	0.375056
541	0.375574
542	0.376092
543	0.376610
544	0.377126
545	0.377641
546	0.378155
547	0.378669
548	0.379181
549	0.379692
550	0.380203
551	0.380713
552	0.381221
553	0.381729
554	0.382236
555	0.382742
556	0.383247
557	0.383750
558	0.384253
559	0.384756
560	0.385257
561	0.385757
562	0.386256
563	0.386754
564	0.387252
565	0.387748
566	0.388243
567	0.388738
568	0.389231
569	0.389724
570	0.390215
571	0.390706
572	0.391195
573	0.391684
574	0.392172
575	0.392658
576	0.393144
577	0.393629
578	0.394113
579	0.394596
580	0.395078
581	0.395558
582	0.396038
583	0.396517
584	0.396995
585	0.397472
586	0.397948
587	0.398423
588	0.398897
589	0.399370
590	0.399842
591	0.400313
592	0.400783
593	0.401253
594	0.401721
595	0.402188
596	0.402654
597	0.403119
598	0.403583
599	0.404046
600	0.404508
601	0.404970
602	0.405430
603	0.405889
604	0.406347
605	0.406804
606	0.407260
607	0.407715
608	0.408170
609	0.408623
610	0.409075
611	0.409526
612	0.409976
613	0.410425
614	0.410873
615	0.411320
616	0.411766
617	0.412211
618	0.412655
619	0.413098
620	0.413540
621	0.413981
622	0.414421
623	0.414860
624	0.415298
625	0.415735
626	0.416171
627	0.416605
628	0.417039
629	0.417472
630	0.417904
631	0.418334
632	0.418764
633	0.419193
634	0.419620
635	0.420047
636	0.420472
637	0.420897
638	0.421320
639	0.421743
640	0.422164
641	0.422584
642	0.423004
643	0.423422
644	0.423839
645	0.424255
646	0.424670
647	0.425084
648	0.425497
649	0.425909
650	0.426320
651	0.426730
652	0.427139
653	0.427546
654	0.427953
655	0.428359
656	0.428763
657	0.429167
658	0.429569
659	0.429971
660	0.430371
661	0.430770
662	0.431168
663	0.431566
664	0.431962
665	0.432357
666	0.432751
667	0.433144
668	0.433535
669	0.433926
670	0.434316
671	0.434704
672	0.435092
673	0.435478
674	0.435864
675	0.436248
676	0.436631
677	0.437013
678	0.437394
679	0.437774
680	0.438153
681	0.438531
682	0.438908
683	0.439284
684	0.439658
685	0.440032
686	0.440404
687	0.440775
688	0.441146
689	0.441515
690	0.441883
691	0.442250
692	0.442616
693	0.442980
694	0.443344
695	0.443707
696	0.444068
697	0.444429
698	0.444788
699	0.445146
700	0.445503
701	0.445859
702	0.446214
703	0.446568
704	0.446921
705	0.447272
706	0.447623
707	0.447972
708	0.448321
709	0.448668
710	0.449014
711	0.449359
712	0.449703
713	0.450045
714	0.450387
715	0.450728
716	0.451067
717	0.451405
718	0.451742
719	0.452079
720	0.452414
721	0.452747
722	0.453080
723	0.453412
724	0.453742
725	0.454072
726	0.454400
727	0.454727
728	0.455053
729	0.455378
730	0.455702
731	0.456024
732	0.456346
733	0.456666
734	0.456985
735	0.457304
736	0.457621
737	0.457936
738	0.458251
739	0.458565
740	0.458877
741	0.459189
742	0.459499
743	0.459808
744	0.460116
745	0.460423
746	0.460728
747	0.461033
748	0.461336
749	0.461639
750	0.461940
751	0.462240
752	0.462539
753	0.462836
754	0.463133
755	0.463428
756	0.463723
757	0.464016
758	0.464308
759	0.464599
760	0.464888
761	0.465177
762	0.465464
763	0.465750
764	0.466036
765	0.466320
766	0.466602
767	0.466884
768	0.467164
769	0.467444
770	0.467722
771	0.467999
772	0.468275
773	0.468550
774	0.468823
775	0.469096
776	0.469367
777	0.469637
778	0.469906
779	0.470174
780	0.470440
781	0.470706
782	0.470970
783	0.471233
784	0.471495
785	0.471756
786	0.472016
787	0.472274
788	0.472532
789	0.472788
790	0.473043
791	0.473296
792	0.473549
793	0.473801
794	0.474051
795	0.474300
796	0.474548
797	0.474795
798	0.475041
799	0.475285
800	0.475528
801	0.475770
802	0.476011
803	0.476251
804	0.476490
805	0.476727
806	0.476963
807	0.477198
808	0.477432
809	0.477665
810	0.477897
811	0.478127
812	0.478356
813	0.478584
814	0.478811
815	0.479036
816	0.479261
817	0.479484
818	0.479706
819	0.479927
820	0.480147
821	0.480365
822	0.480583
823	0.480799
824	0.481014
825	0.481228
826	0.481440
827	0.481652
828	0.481862
829	0.482071
830	0.482279
831	0.482485
832	0.482691
833	0.482895
834	0.483098
835	0.483300
836	0.483501
837	0.483700
838	0.483899
839	0.484096
840	0.484292
841	0.484486
842	0.484680
843	0.484872
844	0.485063
845	0.485253
846	0.485442
847	0.485630
848	0.485816
849	0.486001
850	0.486185
851	0.486368
852	0.486549
853	0.486730
854	0.486909
855	0.487087
856	0.487263
857	0.487439
858	0.487613
859	0.487786
860	0.487958
861	0.488129
862	0.488299
863	0.488467
864	0.488634
865	0.488800
866	0.488965
867	0.489128
868	0.489290
869	0.489452
870	0.489611
871	0.489770
872	0.489928
873	0.490084
874	0.490239
875	0.490393
876	0.490545
877	0.490697
878	0.490847
879	0.490996
880	0.491144
881	0.491290
882	0.491436
883	0.491580
884	0.491723
885	0.491864
886	0.492005
887	0.492144
888	0.492282
889	0.492419
890	0.492555
891	0.492689
892	0.492822
893	0.492954
894	0.493085
895	0.493215
896	0.493343
897	0.493470
898	0.493596
899	0.493721
900	0.493844
901	0.493966
902	0.494087
903	0.494207
904	0.494326
905	0.494443
906	0.494559
907	0.494674
908	0.494788
909	0.494901
910	0.495012
911	0.495122
912	0.495231
913	0.495338
914	0.495445
915	0.495550
916	0.495654
917	0.495757
918	0.495858
919	0.495958
920	0.496057
921	0.496155
922	0.496252
923	0.496347
924	0.496441
925	0.496534
926	0.496626
927	0.496716
928	0.496806
929	0.496894
930	0.496980
931	0.497066
932	0.497150
933	0.497234
934	0.497315
935	0.497396
936	0.497476
937	0.497554
938	0.497631
939	0.497706
940	0.497781
941	0.497854
942	0.497926
943	0.497997
944	0.498067
945	0.498135
946	0.498202
947	0.498268
948	0.498333
949	0.498396
950	0.498459
951	0.498520
952	0.498579
953	0.498638
954	0.498695
955	0.498751
956	0.498806
957	0.498860
958	0.498912
959	0.498963
960	0.499013
961	0.499062
962	0.499110
963	0.499156
964	0.499201
965	0.499245
966	0.499287
967	0.499328
968	0.499368
969	0.499407
970	0.499445
971	0.499481
972	0.499516
973	0.499550
974	0.499583
975	0.499615
976	0.499645
977	0.499674
978	0.499701
979	0.499728
980	0.499753
981	0.499777
982	0.499800
983	0.499822
984	0.499842
985	0.499861
986	0.499879
987	0.499896
988	0.499911
989	0.499925
990	0.499938
991	0.499950
992	0.499961
993	0.499970
994	0.499978
995	0.499985
996	0.499990
997	0.499994
998	0.499998
999	0.499999
1000	0.500000
1001	0.499999
1002	0.499998
1003	0.499994
1004	0.499990
1005	0.499985
1006	0.499978
1007	0.499970
1008	0.499961
1009	0.499950
1010	0.499938
1011	0.499925
1012	0.499911
1013	0.499896
1014	0.499879
1015	0.499861
1016	0.499842
1017	0.499822
1018	0.499800
1019	0.499777
1020	0.499753
1021	0.499728
1022	0.499701
1023	0.499674
1024	0.499645
1025	0.499615
1026	0.499583
1027	0.499550
1028	0.499516
1029	0.499481
1030	0.499445
1031	0.499407
1032	0.499368
1033	0.499328
1034	0.499287
1035	0.499245
1036	0.499201
1037	0.499156
1038	0.499110
1039	0.499062
1040	0.499013
1041	0.498963
1042	0.498912
1043	0.498860
1044	0.498806
1045	0.498751
1046	0.498695
1047	0.498638
1048	0.498579
1049	0.498520
1050	0.498459
1051	0.498396
1052	0.498333
1053	0.498268
1054	0.498202
1055	0.498135
1056	0.498067
1057	0.497997
1058	0.497926
1059	0.497854
1060	0.497781
1061	0.497706
1062	0.497631
1063	0.497554
1064	0.497476
1065	0.497396
1066	0.497315
1067	0.497234
1068	0.497150
1069	0.497066
1070	0.496980
1071	0.496894
1072	0.496806
1073	0.496716
1074	0.496626
1075	0.496534
1076	0.496441
1077	0.496347
1078	0.496252
1079	0.496155
1080	0.496057
1081	0.495958
1082	0.495858
1083	0.495757
1084	0.495654
1085	0.495550
1086	0.495445
1087	0.495338
1088	0.495231
1089	0.495122
1090	0.495012
1091	0.494901
1092	0.494788
1093	0.494674
1094	0.494559
1095	0.494443
1096	0.494326
1097	0.494207
1098	0.494087
1099	0.493966
1100	0.493844
1101	0.493721
1102	0.493596
1103	0.493470
1104	0.493343
1105	0.493215
1106	0.493085
1107	0.492954
1108	0.492822
1109	0.492689
1110	0.492555
1111	0.492419
1112	0.492282
1113	0.492144
1114	0.492005
1115	0.491864
1116	0.491723
1117	0.491580
1118	0.491436
1119	0.491290
1120	0.491144
1121	0.490996
1122	0.490847
1123	0.490697
1124	0.490545
1125	0.490393
1126	0.490239
1127	0.490084
1128	0.489928
1129	0.489770
1130	0.489611
1131	0.489452
1132	0.489290
1133	0.489128
1134	0.488965
1135	0.488800
1136	0.488634
1137	0.488467
1138	0.488299
1139	0.488129
1140	0.487958
1141	0.487786
1142	0.487613
1143	0.487439
1144	0.487263
1145	0.487087
1146	0.486909
1147	0.486730
1148	0.486549
1149	0.486368
1150	0.486185
1151	0.486001
1152	0.485816
1153	0.485630
1154	0.485442
1155	0.485253
1156	0.485063
1157	0.484872
1158	0.484680
1159	0.484486
1160	0.484292
1161	0.484096
1162	0.483899
1163	0.483700
1164	0.483501
1165	0.483300
1166	0.483098
1167	0.482895
1168	0.482691
1169	0.482485
1170	0.482279
1171	0.482071
1172	0.481862
1173	0.481652
1174	0.481440
1175	0.481228
1176	0.481014
1177	0.480799
1178	0.480583
1179	0.480365
1180	0.480147
1181	0.479927
1182	0.479706
1183	0.479484
1184	0.479261
1185	0.479036
1186	0.478811
1187	0.478584
1188	0.478356
1189	0.478127
1190	0.477897
1191	0.477665
1192	0.477432
1193	0.477198
1194	0.476963
1195	0.476727
1196	0.476490
1197	0.476251
1198	0.476011
1199	0.475770
1200	0.475528
1201	0.475285
1202	0.475041
1203	0.474795
1204	0.474548
1205	0.474300
1206	0.474051
1207	0.473801
1208	0.473549
1209	0.473296
1210	0.473043
1211	0.472788
1212	0.472532
1213	0.472274
1214	0.472016
1215	0.471756
1216	0.471495
1217	0.471233
1218	0.470970
1219	0.470706
1220	0.470440
1221	0.470174
1222	0.469906
1223	0.469637
1224	0.469367
1225	0.469096
1226	0.468823
1227	0.468550
1228	0.468275
1229	0.467999
1230	0.467722
1231	0.467444
1232	0.467164
1233	0.466884
1234	0.466602
1235	0.466320
1236	0.466036
1237	0.465750
1238	0.465464
1239	0.465177
1240	0.464888
1241	0.464599
1242	0.464308
1243	0.464016
1244	0.463723
1245	0.463428
1246	0.463133
1247	0.462836
1248	0.462539
1249	0.462240
1250	0.461940
1251	0.461639
1252	0.461336
1253	0.461033
1254	0.460728
1255	0.460423
1256	0.460116
1257	0.459808
1258	0.459499
1259	0.459189
1260	0.458877
1261	0.458565
1262	0.458251
1263	0.457936
1264	0.457621
1265	0.457304
1266	0.456985
1267	0.456666
1268	0.456346
1269	0.456024
1270	0.455702
1271	0.455378
1272	0.455053
1273	0.454727
1274	0.454400
1275	0.454072
1276	0.453742
1277	0.453412
1278	0.453080
1279	0.452747
1280	0.452414
1281	0.452079
1282	0.451742
1283	0.451405
1284	0.451067
1285	0.450728
1286	0.450387
1287	0.450045
1288	0.449703
1289	0.449359
1290	0.449014
1291	0.448668
1292	0.448321
1293	0.447972
1294	0.447623
1295	0.447272
1296	0.446921
1297	0.446568
1298	0.446214
1299	0.445859
1300	0.445503
1301	0.445146
1302	0.444788
1303	0.444429
1304	0.444068
1305	0.443707
1306	0.443344
1307	0.442980
1308	0.442616
1309	0.442250
1310	0.441883
1311	0.441515
1312	0.441146
1313	0.440775
1314	0.440404
1315	0.440032
1316	0.439658
1317	0.439284
1318	0.438908
1319	0.438531
1320	0.438153
1321	0.437774
1322	0.437394
1323	0.437013
1324	0.436631
1325	0.436248
1326	0.435864
1327	0.435478
1328	0.435092
1329	0.434704
1330	0.434316
1331	0.433926
1332	0.433535
1333	0.433144
1334	0.432751
1335	0.432357
1336	0.431962
1337	0.431566
1338	0.431168
1339	0.430770
1340	0.430371
1341	0.429971
1342	0.429569
1343	0.429167
1344	0.428763
1345	0.428359
1346	0.427953
1347	0.427546
1348	0.427139
1349	0.426730
1350	0.426320
1351	0.425909
1352	0.425497
1353	0.425084
1354	0.424670
1355	0.424255
1356	0.423839
1357	0.423422
1358	0.423004
1359	0.422584
1360	0.422164
1361	0.421743
1362	0.421320
1363	0.420897
1364	0.420472
1365	0.420047
1366	0.419620
1367	0.419193
1368	0.418764
1369	0.418334
1370	0.417904
1371	0.417472
1372	0.417039
1373	0.416605
1374	0.416171
1375	0.415735
1376	0.415298
1377	0.414860
1378	0.414421
1379	0.413981
1380	0.413540
1381	0.413098
1382	0.412655
1383	0.412211
1384	0.411766
1385	0.411320
1386	0.410873
1387	0.410425
1388	0.409976
1389	0.409526
1390	0.409075
1391	0.408623
1392	0.408170
1393	0.407715
1394	0.407260
1395	0.406804
1396	0.406347
1397	0.405889
1398	0.405430
1399	0.404970
1400	0.404508
1401	0.404046
1402	0.403583
1403	0.403119
1404	0.402654
1405	0.402188
1406	0.401721
1407	0.401253
1408	0.400783
1409	0.400313
1410	0.399842
1411	0.399370
1412	0.398897
1413	0.398423
1414	0.397948
1415	0.397472
1416	0.396995
1417	0.396517
1418	0.396038
1419	0.395558
1420	0.395078
1421	0.394596
1422	0.394113
1423	0.393629
1424	0.393144
1425	0.392658
1426	0.392172
1427	0.391684
1428	0.391195
1429	0.390706
1430	0.390215
1431	0.389724
1432	0.389231
1433	0.388738
1434	0.388243
1435	0.387748
1436	0.387252
1437	0.386754
1438	0.386256
1439	0.385757
1440	0.385257
1441	0.384756
1442	0.384253
1443	0.383750
1444	0.383247
1445	0.382742
1446	0.382236
1447	0.381729
1448	0.381221
1449	0.380713
1450	0.380203
1451	0.379692
1452	0.379181
1453	0.378669
1454	0.378155
1455	0.377641
1456	0.377126
1457	0.376610
1458	0.376092
1459	0.375574
1460	0.375056
1461	0.374536
1462	0.374015
1463	0.373493
1464	0.372971
1465	0.372447
1466	0.371923
1467	0.371397
1468	0.370871
1469	0.370344
1470	0.369816
1471	0.369287
1472	0.368757
1473	0.368226
1474	0.367694
1475	0.367161
1476	0.366628
1477	0.366093
1478	0.365558
1479	0.365022
1480	0.364484
1481	0.363946
1482	0.363407
1483	0.362867
1484	0.362327
1485	0.361785
1486	0.361242
1487	0.360699
1488	0.360155
1489	0.359609
1490	0.359063
1491	0.358516
1492	0.357968
1493	0.357419
1494	0.356870
1495	0.356319
1496	0.355768
1497	0.355216
1498	0.354662
1499	0.354108
1500	0.353553
1501	0.352998
1502	0.352441
1503	0.351883
1504	0.351325
1505	0.350766
1506	0.350206
1507	0.349645
1508	0.349083
1509	0.348520
1510	0.347956
1511	0.347392
1512	0.346827
1513	0.346260
1514	0.345693
1515	0.345126
1516	0.344557
1517	0.343987
1518	0.343417
1519	0.342846
1520	0.342274
1521	0.341701
1522	0.341127
1523	0.340552
1524	0.339977
1525	0.339400
1526	0.338823
1527	0.338245
1528	0.337666
1529	0.337087
1530	0.336506
1531	0.335925
1532	0.335343
1533	0.334760
1534	0.334176
1535	0.333591
1536	0.333006
1537	0.332420
1538	0.331833
1539	0.331245
1540	0.330656
1541	0.330066
1542	0.329476
1543	0.328885
1544	0.328293
1545	0.327700
1546	0.327106
1547	0.326512
1548	0.325917
1549	0.325321
1550	0.324724
1551	0.324126
1552	0.323528
1553	0.322929
1554	0.322329
1555	0.321728
1556	0.321126
1557	0.320524
1558	0.319921
1559	0.319317
1560	0.318712
1561	0.318106
1562	0.317500
1563	0.316893
1564	0.316285
1565	0.315676
1566	0.315067
1567	0.314457
1568	0.313846
1569	0.313234
1570	0.312621
1571	0.312008
1572	0.311394
1573	0.310779
1574	0.310163
1575	0.309547
1576	0.308930
1577	0.308312
1578	0.307693
1579	0.307074
1580	0.306454
1581	0.305833
1582	0.305211
1583	0.304588
1584	0.303965
1585	0.303341
1586	0.302716
1587	0.302091
1588	0.301465
1589	0.300838
1590	0.300210
1591	0.299582
1592	0.298952
1593	0.298323
1594	0.297692
1595	0.297061
1596	0.296428
1597	0.295796
1598	0.295162
1599	0.294528
1600	0.293893
1601	0.293257
1602	0.292620
1603	0.291983
1604	0.291345
1605	0.290707
1606	0.290067
1607	0.289427
1608	0.288786
1609	0.288145
1610	0.287503
1611	0.286860
1612	0.286216
1613	0.285572
1614	0.284927
1615	0.284281
1616	0.283634
1617	0.282987
1618	0.282339
1619	0.281691
1620	0.281042
1621	0.280392
1622	0.279741
1623	0.279090
1624	0.278438
1625	0.277785
1626	0.277132
1627	0.276478
1628	0.275823
1629	0.275168
1630	0.274511
1631	0.273855
1632	0.273197
1633	0.272539
1634	0.271880
1635	0.271221
1636	0.270561
1637	0.269900
1638	0.269238
1639	0.268576
1640	0.267913
1641	0.267250
1642	0.266586
1643	0.265921
1644	0.265256
1645	0.264590
1646	0.263923
1647	0.263255
1648	0.262587
1649	0.261919
1650	0.261249
1651	0.260579
1652	0.259909
1653	0.259237
1654	0.258565
1655	0.257893
1656	0.257220
1657	0.256546
1658	0.255872
1659	0.255196
1660	0.254521
1661	0.253844
1662	0.253167
1663	0.252490
1664	0.251812
1665	0.251133
1666	0.250453
1667	0.249773
1668	0.249093
1669	0.248411
1670	0.247729
1671	0.247047
1672	0.246364
1673	0.245680
1674	0.244996
1675	0.244311
1676	0.243625
1677	0.242939
1678	0.242252
1679	0.241565
1680	0.240877
1681	0.240188
1682	0.239499
1683	0.238809
1684	0.238119
1685	0.237428
1686	0.236737
1687	0.236045
1688	0.235352
1689	0.234659
1690	0.233965
1691	0.233271
1692	0.232576
1693	0.231880
1694	0.231184
1695	0.230487
1696	0.229790
1697	0.229092
1698	0.228394
1699	0.227695
1700	0.226995
1701	0.226295
1702	0.225595
1703	0.224893
1704	0.224192
1705	0.223489
1706	0.222786
1707	0.222083
1708	0.221379
1709	0.220675
1710	0.219970
1711	0.219264
1712	0.218558
1713	0.217851
1714	0.217144
1715	0.216436
1716	0.215728
1717	0.215019
1718	0.214310
1719	0.213600
1720	0.212890
1721	0.212179
1722	0.211467
1723	0.210755
1724	0.210043
1725	0.209330
1726	0.208616
1727	0.207902
1728	0.207188
1729	0.206473
1730	0.205757
1731	0.205041
1732	0.204325
1733	0.203607
1734	0.202890
1735	0.202172
1736	0.201453
1737	0.200734
1738	0.200015
1739	0.199295
1740	0.198574
1741	0.197853
1742	0.197131
1743	0.196409
1744	0.195687
1745	0.194964
1746	0.194240
1747	0.193516
1748	0.192792
1749	0.192067
1750	0.191342
1751	0.190616
1752	0.189890
1753	0.189163
1754	0.188436
1755	0.187708
1756	0.186980
1757	0.186251
1758	0.185522
1759	0.184792
1760	0.184062
1761	0.183332
1762	0.182601
1763	0.181870
1764	0.181138
1765	0.180405
1766	0.179673
1767	0.178940
1768	0.178206
1769	0.177472
1770	0.176737
1771	0.176003
1772	0.175267
1773	0.174531
1774	0.173795
1775	0.173059
1776	0.172321
1777	0.171584
1778	0.170846
1779	0.170108
1780	0.169369
1781	0.168630
1782	0.167890
1783	0.167150
1784	0.166410
1785	0.165669
1786	0.164928
1787	0.164186
1788	0.163444
1789	0.162702
1790	0.161959
1791	0.161215
1792	0.160472
1793	0.159728
1794	0.158983
1795	0.158238
1796	0.157493
1797	0.156748
1798	0.156002
1799	0.155255
1800	0.154508
1801	0.153761
1802	0.153014
1803	0.152266
1804	0.151518
1805	0.150769
1806	0.150020
1807	0.149271
1808	0.148521
1809	0.147771
1810	0.147020
1811	0.146269
1812	0.145518
1813	0.144767
1814	0.144015
1815	0.143262
1816	0.142510
1817	0.141757
1818	0.141003
1819	0.140250
1820	0.139496
1821	0.138741
1822	0.137986
1823	0.137231
1824	0.136476
1825	0.135720
1826	0.134964
1827	0.134208
1828	0.133451
1829	0.132694
1830	0.131937
1831	0.131179
1832	0.130421
1833	0.129662
1834	0.128904
1835	0.128145
1836	0.127385
1837	0.126626
1838	0.125866
1839	0.125106
1840	0.124345
1841	0.123584
1842	0.122823
1843	0.122061
1844	0.121300
1845	0.120538
1846	0.119775
1847	0.119012
1848	0.118249
1849	0.117486
1850	0.116723
1851	0.115959
1852	0.115195
1853	0.114430
1854	0.113666
1855	0.112901
1856	0.112135
1857	0.111370
1858	0.110604
1859	0.109838
1860	0.109072
1861	0.108305
1862	0.107538
1863	0.106771
1864	0.106004
1865	0.105236
1866	0.104468
1867	0.103700
1868	0.102931
1869	0.102163
1870	0.101394
1871	0.100624
1872	0.099855
1873	0.099085
1874	0.098315
1875	0.097545
1876	0.096775
1877	0.096004
1878	0.095233
1879	0.094462
1880	0.093691
1881	0.092919
1882	0.092147
1883	0.091375
1884	0.090603
1885	0.089830
1886	0.089058
1887	0.088285
1888	0.087512
1889	0.086738
1890	0.085965
1891	0.085191
1892	0.084417
1893	0.083642
1894	0.082868
1895	0.082093
1896	0.081319
1897	0.080544
1898	0.079768
1899	0.078993
1900	0.078217
1901	0.077441
1902	0.076665
1903	0.075889
1904	0.075113
1905	0.074336
1906	0.073559
1907	0.072783
1908	0.072005
1909	0.071228
1910	0.070451
1911	0.069673
1912	0.068895
1913	0.068117
1914	0.067339
1915	0.066561
1916	0.065782
1917	0.065004
1918	0.064225
1919	0.063446
1920	0.062667
1921	0.061887
1922	0.061108
1923	0.060328
1924	0.059549
1925	0.058769
1926	0.057989
1927	0.057209
1928	0.056428
1929	0.055648
1930	0.054867
1931	0.054086
1932	0.053306
1933	0.052525
1934	0.051743
1935	0.050962
1936	0.050181
1937	0.049399
1938	0.048618
1939	0.047836
1940	0.047054
1941	0.046272
1942	0.045490
1943	0.044708
1944	0.043926
1945	0.043143
1946	0.042361
1947	0.041578
1948	0.040795
1949	0.040012
1950	0.039230
1951	0.038447
1952	0.037663
1953	0.036880
1954	0.036097
1955	0.035313
1956	0.034530
1957	0.033746
1958	0.032963
1959	0.032179
1960	0.031395
1961	0.030611
1962	0.029827
1963	0.029043
1964	0.028259
1965	0.027475
1966	0.026691
1967	0.025907
1968	0.025122
1969	0.024338
1970	0.023553
1971	0.022769
1972	0.021984
1973	0.021199
1974	0.020415
1975	0.019630
1976	0.018845
1977	0.018060
1978	0.017275
1979	0.016490
1980	0.015705
1981	0.014920
1982	0.014135
1983	0.013350
1984	0.012565
1985	0.011780
1986	0.010995
1987	0.010209
1988	0.009424
1989	0.008639
1990	0.007854
1991	0.007068
1992	0.006283
1993	0.005498
1994	0.004712
1995	0.003927
1996	0.003142
1997	0.002356
1998	0.001571
1999	0.000785
2000	0.000000
2001	0.000000
2002	0.000000
2003	0.000000
2004	0.000000
2005	0.000000
2006	0.000000
2007	0.000000
2008	0.000000
2009	0.000000
2010	0.000000
2011	0.000000
2012	0.000000
2013	0.000000
2014	0.000000
2015	0.000000
2016	0.000000
2017	0.000000
2018	0.000000
2019	0.000000
2020	0.000000
2021	0.000000
2022	0.000000
2023	0.000000
2024	0.000000
2025	0.000000
2026	0.000000
2027	0.000000
2028	0.000000
2029	0.000000
2030	0.000000
2031	0.000000
2032	0.000000
2033	0.000000
2034	0.000000
2035	0.000000
2036	0.000000
2037	0.000000
2038	0.000000
2039	0.000000
2040	0.000000
2041	0.000000
2042	0.000000
2043	0.000000
2044	0.000000
2045	0.000000
2046	0.000000
2047	0.000000
2048	0.000000
2049	0.000000
2050	0.000000
2051	0.000000
2052	0.000000
2053	0.000000
2054	0.000000
2055	0.000000
2056	0.000000
2057	0.000000
2058	0.000000
2059	0.000000
2060	0.000000
2061	0.000000
2062	0.000000
2063	0.000000
2064	0.000000
2065	0.000000
2066	0.000000
2067	0.000000
2068	0.000000
2069	0.000000
2070	0.000000
2071	0.000000
2072	0.000000
2073	0.000000
2074	0.000000
2075	0.000000
2076	0.000000
2077	0.000000
2078	0.000000
2079	0.000000
2080	0.000000
2081	0.000000
2082	0.000000
2083	0.000000
2084	0.000000
2085	0.000000
2086	0.000000
2087	0.000000
2088	0.000000
2089	0.000000
2090	0.000000
2091	0.000000
2092	0.000000
2093	0.000000
2094	0.000000
2095	0.000000
2096	0.000000
2097	0.000000
2098	0.000000
2099	0.000000
2100	0.000000
2101	0.000000
2102	0.000000
2103	0.000000
2104	0.000000
2105	0.000000
2106	0.000000
2107	0.000000
2108	0.000000
2109	0.000000
2110	0.000000
2111	0.000000
2112	0.000000
2113	0.000000
2114	0.000000
2115	0.000000
2116	0.000000
2117	0.000000
2118	0.000000
2119	0.000000
2120	0.000000
2121	0.000000
2122	0.000000
2123	0.000000
2124	0.000000
2125	0.000000
2126	0.000000
2127	0.000000
2128	0.000000
2129	0.000000
2130	0.000000
2131	0.000000
2132	0.000000
2133	0.000000
2134	0.000000
2135	0.000000
2136	0.000000
2137	0.000000
2138	0.000000
2139	0.000000
2140	0.000000
2141	0.000000
2142	0.000000
2143	0.000000
2144	0.000000
2145	0.000000
2146	0.000000
2147	0.000000
2148	0.000000
2149	0.000000
2150	0.000000
2151	0.000000
2152	0.000000
2153	0.000000
2154	0.000000
2155	0.000000
2156	0.000000
2157	0.000000
2158	0.000000
2159	0.000000
2160	0.000000
2161	0.000000
2162	0.000000
2163	0.000000
2164	0.000000
2165	0.000000
2166	0.000000
2167	0.000000
2168	0.000000
2169	0.000000
2170	0.000000
2171	0.000000
2172	0.000000
2173	0.000000
2174	0.000000
2175	0.000000
2176	0.000000
2177	0.000000
2178	0.000000
2179	0.000000
2180	0.000000
2181	0.000000
2182	0.000000
2183	0.000000
2184	0.000000
2185	0.000000
2186	0.000000
2187	0.000000
2188	0.000000
2189	0.000000
2190	0.000000
2191	0.000000
2192	0.000000
2193	0.000000
2194	0.000000
2195	0.000000
2196	0.000000
2197	0.000000
2198	0.000000
2199	0.000000
2200	0.000000
2201	0.000000
2202	0.000000
2203	0.000000
2204	0.000000
2205	0.000000
2206	0.000000
2207	0.000000
2208	0.000000
2209	0.000000
2210	0.000000
2211	0.000000
2212	0.000000
2213	0.000000
2214	0.000000
2215	0.000000
2216	0.000000
2217	0.000000
2218	0.000000
2219	0.000000
2220	0.000000
2221	0.000000
2222	0.000000
2223	0.000000
2224	0.000000
2225	0.000000
2226	0.000000
2227	0.000000
2228	0.000000
2229	0.000000
2230	0.000000
2231	0.000000
2232	0.000000
2233	0.000000
2234	0.000000
2235	0.000000
2236	0.000000
2237	0.000000
2238	0.000000
2239	0.000000
2240	0.000000
2241	0.000000
2242	0.000000
2243	0.000000
2244	0.000000
2245	0.000000
2246	0.000000
2247	0.000000
2248	0.000000
2249	0.000000
2250	0.000000
2251	0.000000
2252	0.000000
2253	0.000000
2254	0.000000
2255	0.000000
2256	0.000000
2257	0.000000
2258	0.000000
2259	0.000000
2260	0.000000
2261	0.000000
2262	0.000000
2263	0.000000
2264	0.000000
2265	0.000000
2266	0.000000
2267	0.000000
2268	0.000000
2269	0.000000
2270	0.000000
2271	0.000000
2272	0.000000
2273	0.000000
2274	0.000000
2275	0.000000
2276	0.000000
2277	0.000000
2278	0.000000
2279	0.000000
2280	0.000000
2281	0.000000
2282	0.000000
2283	0.000000
2284	0.000000
2285	0.000000
2286	0.000000
2287	0.000000
2288	0.000000
2289	0.000000
2290	0.000000
2291	0.000000
2292	0.000000
2293	0.000000
2294	0.000000
2295	0.000000
2296	0.000000
2297	0.000000
2298	0.000000
2299	0.000000
2300	0.000000
2301	0.000000
2302	0.000000
2303	0.000000
2304	0.000000
2305	0.000000
2306	0.000000
2307	0.000000
2308	0.000000
2309	0.000000
2310	0.000000
2311	0.000000
2312	0.000000
2313	0.000000
2314	0.000000
2315	0.000000
2316	0.000000
2317	0.000000
2318	0.000000
2319	0.000000
2320	0.000000
2321	0.000000
2322	0.000000
2323	0.000000
2324	0.000000
2325	0.000000
2326	0.000000
2327	0.000000
2328	0.000000
2329	0.000000
2330	0.000000
2331	0.000000
2332	0.000000
2333	0.000000
2334	0.000000
2335	0.000000
2336	0.000000
2337	0.000000
2338	0.000000
2339	0.000000
2340	0.000000
2341	0.000000
2342	0.000000
2343	0.000000
2344	0.000000
2345	0.000000
2346	0.000000
2347	0.000000
2348	0.000000
2349	0.000000
2350	0.000000
2351	0.000000
2352	0.000000
2353	0.000000
2354	0.000000
2355	0.000000
2356	0.000000
2357	0.000000
2358	0.000000
2359	0.000000
2360	0.000000
2361	0.000000
2362	0.000000
2363	0.000000
2364	0.000000
2365	0.000000
2366	0.000000
2367	0.000000
2368	0.000000
2369	0.000000
2370	0.000000
2371	0.000000
2372	0.000000
2373	0.000000
2374	0.000000
2375	0.000000
2376	0.000000
2377	0.000000
2378	0.000000
2379	0.000000
2380	0.000000
2381	0.000000
2382	0.000000
2383	0.000000
2384	0.000000
2385	0.000000
2386	0.000000
2387	0.000000
2388	0.000000
2389	0.000000
2390	0.000000
2391	0.000000
2392	0.000000
2393	0.000000
2394	0.000000
2395	0.000000
2396	0.000000
2397	0.000000
2398	0.000000
2399	0.000000
2400	0.000000
2401	0.000000
2402	0.000000
2403	0.000000
2404	0.000000
2405	0.000000
2406	0.000000
2407	0.000000
2408	0.000000
2409	0.000000
2410	0.000000
2411	0.000000
2412	0.000000
2413	0.000000
2414	0.000000
2415	0.000000
2416	0.000000
2417	0.000000
2418	0.000000
2419	0.000000
2420	0.000000
2421	0.000000
2422	0.000000
2423	0.000000
2424	0.000000
2425	0.000000
2426	0.000000
2427	0.000000
2428	0.000000
2429	0.000000
2430	0.000000
2431	0.000000
2432	0.000000
2433	0.000000
2434	0.000000
2435	0.000000
2436	0.000000
2437	0.000000
2438	0.000000
2439	0.000000
2440	0.000000
2441	0.000000
2442	0.000000
2443	0.000000
2444	0.000000
2445	0.000000
2446	0.000000
2447	0.000000
2448	0.000000
2449	0.000000
2450	0.000000
2451	0.000000
2452	0.000000
2453	0.000000
2454	0.000000
2455	0.000000
2456	0.000000
2457	0.000000
2458	0.000000
2459	0.000000
2460	0.000000
2461	0.000000
2462	0.000000
2463	0.000000
2464	0.000000
2465	0.000000
2466	0.000000
2467	0.000000
2468	0.000000
2469	0.000000
2470	0.000000
2471	0.000000
2472	0.000000
2473	0.000000
2474	0.000000
2475	0.000000
2476	0.000000
2477	0.000000
2478	0.000000
2479	0.000000
2480	0.000000
2481	0.000000
2482	0.000000
2483	0.000000
2484	0.000000
2485	0.000000
2486	0.000000
2487	0.000000
2488	0.000000
2489	0.000000
2490	0.000000
2491	0.000000
2492	0.000000
2493	0.000000
2494	0.000000
2495	0.000000
2496	0.000000
2497	0.000000
2498	0.000000
2499	0.000000
2500	0.000000
2501	0.000000
2502	0.000000
2503	0.000000
2504	0.000000
2505	0.000000
2506	0.000000
2507	0.000000
2508	0.000000
2509	0.000000
2510	0.000000
2511	0.000000
2512	0.000000
2513	0.000000
2514	0.000000
2515	0.000000
2516	0.000000
2517	0.000000
2518	0.000000
2519	0.000000
2520	0.000000
2521	0.000000
2522	0.000000
2523	0.000000
2524	0.000000
2525	0.000000
2526	0.000000
2527	0.000000
2528	0.000000
2529	0.000000
2530	0.000000
2531	0.000000
2532	0.000000
2533	0.000000
2534	0.000000
2535	0.000000
2536	0.000000
2537	0.000000
2538	0.000000
2539	0.000000
2540	0.000000
2541	0.000000
2542	0.000000
2543	0.000000
2544	0.000000
2545	0.000000
2546	0.000000
2547	0.000000
2548	0.000000
2549	0.000000
2550	0.000000
2551	0.000000
2552	0.000000
2553	0.000000
2554	0.000000
2555	0.000000
2556	0.000000
2557	0.000000
2558	0.000000
2559	0.000000
2560	0.000000
2561	0.000000
2562	0.000000
2563	0.000000
2564	0.000000
2565	0.000000
2566	0.000000
2567	0.000000
2568	0.000000
2569	0.000000
2570	0.000000
2571	0.000000
2572	0.000000
2573	0.000000
2574	0.000000
2575	0.000000
2576	0.000000
2577	0.000000
2578	0.000000
2579	0.000000
2580	0.000000
2581	0.000000
2582	0.000000
2583	0.000000
2584	0.000000
2585	0.000000
2586	0.000000
2587	0.000000
2588	0.000000
2589	0.000000
2590	0.000000
2591	0.000000
2592	0.000000
2593	0.000000
2594	0.000000
2595	0.000000
2596	0.000000
2597	0.000000
2598	0.000000
2599	0.000000
2600	0.000000
2601	0.000000
2602	0.000000
2603	0.000000
2604	0.000000
2605	0.000000
2606	0.000000
2607	0.000000
2608	0.000000
2609	0.000000
2610	0.000000
2611	0.000000
2612	0.000000
2613	0.000000
2614	0.000000
2615	0.000000
2616	0.000000
2617	0.000000
2618	0.000000
2619	0.000000
2620	0.000000
2621	0.000000
2622	0.000000
2623	0.000000
2624	0.000000
2625	0.000000
2626	0.000000
2627	0.000000
2628	0.000000
2629	0.000000
2630	0.000000
2631	0.000000
2632	0.000000
2633	0.000000
2634	0.000000
2635	0.000000
2636	0.000000
2637	0.000000
2638	0.000000
2639	0.000000
2640	0.000000
2641	0.000000
2642	0.000000
2643	0.000000
2644	0.000000
2645	0.000000
2646	0.000000
2647	0.000000
2648	0.000000
2649	0.000000
2650	0.000000
2651	0.000000
2652	0.000000
2653	0.000000
2654	0.000000
2655	0.000000
2656	0.000000
2657	0.000000
2658	0.000000
2659	0.000000
2660	0.000000
2661	0.000000
2662	0.000000
2663	0.000000
2664	0.000000
2665	0.000000
2666	0.000000
2667	0.000000
2668	0.000000
2669	0.000000
2670	0.000000
2671	0.000000
2672	0.000000
2673	0.000000
2674	0.000000
2675	0.000000
2676	0.000000
2677	0.000000
2678	0.000000
2679	0.000000
2680	0.000000
2681	0.000000
2682	0.000000
2683	0.000000
2684	0.000000
2685	0.000000
2686	0.000000
2687	0.000000
2688	0.000000
2689	0.000000
2690	0.000000
2691	0.000000
2692	0.000000
2693	0.000000
2694	0.000000
2695	0.000000
2696	0.000000
2697	0.000000
2698	0.000000
2699	0.000000
2700	0.000000
2701	0.000000
2702	0.000000
2703	0.000000
2704	0.000000
2705	0.000000
2706	0.000000
2707	0.000000
2708	0.000000
2709	0.000000
2710	0.000000
2711	0.000000
2712	0.000000
2713	0.000000
2714	0.000000
2715	0.000000
2716	0.000000
2717	0.000000
2718	0.000000
2719	0.000000
2720	0.000000
2721	0.000000
2722	0.000000
2723	0.000000
2724	0.000000
2725	0.000000
2726	0.000000
2727	0.000000
2728	0.000000
2729	0.000000
2730	0.000000
2731	0.000000
2732	0.000000
2733	0.000000
2734	0.000000
2735	0.000000
2736	0.000000
2737	0.000000
2738	0.000000
2739	0.000000
2740	0.000000
2741	0.000000
2742	0.000000
2743	0.000000
2744	0.000000
2745	0.000000
2746	0.000000
2747	0.000000
2748	0.000000
2749	0.000000
2750	0.000000
2751	0.000000
2752	0.000000
2753	0.000000
2754	0.000000
2755	0.000000
2756	0.000000
2757	0.000000
2758	0.000000
2759	0.000000
2760	0.000000
2761	0.000000
2762	0.000000
2763	0.000000
2764	0.000000
2765	0.000000
2766	0.000000
2767	0.000000
2768	0.000000
2769	0.000000
2770	0.000000
2771	0.000000
2772	0.000000
2773	0.000000
2774	0.000000
2775	0.000000
2776	0.000000
2777	0.000000
2778	0.000000
2779	0.000000
2780	0.000000
2781	0.000000
2782	0.000000
2783	0.000000
2784	0.000000
2785	0.000000
2786	0.000000
2787	0.000000
2788	0.000000
2789	0.000000
2790	0.000000
2791	0.000000
2792	0.000000
2793	0.000000
2794	0.000000
2795	0.000000
2796	0.000000
2797	0.000000
2798	0.000000
2799	0.000000
2800	0.000000
2801	0.000000
2802	0.000000
2803	0.000000
2804	0.000000
2805	0.000000
2806	0.000000
2807	0.000000
2808	0.000000
2809	0.000000
2810	0.000000
2811	0.000000
2812	0.000000
2813	0.000000
2814	0.000000
2815	0.000000
2816	0.000000
2817	0.000000
2818	0.000000
2819	0.000000
2820	0.000000
2821	0.000000
2822	0.000000
2823	0.000000
2824	0.000000
2825	0.000000
2826	0.000000
2827	0.000000
2828	0.000000
2829	0.000000
2830	0.000000
2831	0.000000
2832	0.000000
2833	0.000000
2834	0.000000
2835	0.000000
2836	0.000000
2837	0.000000
2838	0.000000
2839	0.000000
2840	0.000000
2841	0.000000
2842	0.000000
2843	0.000000
2844	0.000000
2845	0.000000
2846	0.000000
2847	0.000000
2848	0.000000
2849	0.000000
2850	0.000000
2851	0.000000
2852	0.000000
2853	0.000000
2854	0.000000
2855	0.000000
2856	0.000000
2857	0.000000
2858	0.000000
2859	0.000000
2860	0.000000
2861	0.000000
2862	0.000000
2863	0.000000
2864	0.000000
2865	0.000000
2866	0.000000
2867	0.000000
2868	0.000000
2869	0.000000
2870	0.000000
2871	0.000000
2872	0.000000
2873	0.000000
2874	0.000000
2875	0.000000
2876	0.000000
2877	0.000000
2878	0.000000
2879	0.000000
2880	0.000000
2881	0.000000
2882	0.000000
2883	0.000000
2884	0.000000
2885	0.000000
2886	0.000000
2887	0.000000
2888	0.000000
2889	0.000000
2890	0.000000
2891	0.000000
2892	0.000000
2893	0.000000
2894	0.000000
2895	0.000000
2896	0.000000
2897	0.000000
2898	0.000000
2899	0.000000
2900	0.000000
2901	0.000000
2902	0.000000
2903	0.000000
2904	0.000000
2905	0.000000
2906	0.000000
2907	0.000000
2908	0.000000
2909	0.000000
2910	0.000000
2911	0.000000
2912	0.000000
2913	0.000000
2914	0.000000
2915	0.000000
2916	0.000000
2917	0.000000
2918	0.000000
2919	0.000000
2920	0.000000
2921	0.000000
2922	0.000000
2923	0.000000
2924	0.000000
2925	0.000000
2926	0.000000
2927	0.000000
2928	0.000000
2929	0.000000
2930	0.000000
2931	0.000000
2932	0.000000
2933	0.000000
2934	0.000000
2935	0.000000
2936	0.000000
2937	0.000000
2938	0.000000
2939	0.000000
2940	0.000000
2941	0.000000
2942	0.000000
2943	0.000000
2944	0.000000
2945	0.000000
2946	0.000000
2947	0.000000
2948	0.000000
2949	0.000000
2950	0.000000
2951	0.000000
2952	0.000000
2953	0.000000
2954	0.000000
2955	0.000000
2956	0.000000
2957	0.000000
2958	0.000000
2959	0.000000
2960	0.000000
2961	0.000000
2962	0.000000
2963	0.000000
2964	0.000000
2965	0.000000
2966	0.000000
2967	0.000000
2968	0.000000
2969	0.000000
2970	0.000000
2971	0.000000
2972	0.000000
2973	0.000000
2974	0.000000
2975	0.000000
2976	0.000000
2977	0.000000
2978	0.000000
2979	0.000000
2980	0.000000
2981	0.000000
2982	0.000000
2983	0.000000
2984	0.000000
2985	0.000000
2986	0.000000
2987	0.000000
2988	0.000000
2989	0.000000
2990	0.000000
2991	0.000000
2992	0.000000
2993	0.000000
2994	0.000000
2995	0.000000
2996	0.000000
2997	0.000000
2998	0.000000
2999	0.000000
3000	0.000000
3001	0.000000
3002	0.000000
3003	0.000000
3004	0.000000
3005	0.000000
3006	0.000000
3007	0.000000
3008	0.000000
3009	0.000000
3010	0.000000
3011	0.000000
3012	0.000000
3013	0.000000
3014	0.000000
3015	0.000000
3016	0.000000
3017	0.000000
3018	0.000000
3019	0.000000
3020	0.000000
3021	0.000000
3022	0.000000
3023	0.000000
3024	0.000000
3025	0.000000
3026	0.000000
3027	0.000000
3028	0.000000
3029	0.000000
3030	0.000000
3031	0.000000
3032	0.000000
3033	0.000000
3034	0.000000
3035	0.000000
3036	0.000000
3037	0.000000
3038	0.000000
3039	0.000000
3040	0.000000
3041	0.000000
3042	0.000000
3043	0.000000
3044	0.000000
3045	0.000000
3046	0.000000
3047	0.000000
3048	0.000000
3049	0.000000
3050	0.000000
3051	0.000000
3052	0.000000
3053	0.000000
3054	0.000000
3055	0.000000
3056	0.000000
3057	0.000000
3058	0.000000
3059	0.000000
3060	0.000000
3061	0.000000
3062	0.000000
3063	0.000000
3064	0.000000
3065	0.000000
3066	0.000000
3067	0.000000
3068	0.000000
3069	0.000000
3070	0.000000
3071	0.000000
3072	0.000000
3073	0.000000
3074	0.000000
3075	0.000000
3076	0.000000
3077	0.000000
3078	0.000000
3079	0.000000
3080	0.000000
3081	0.000000
3082	0.000000
3083	0.000000
3084	0.000000
3085	0.000000
3086	0.000000
3087	0.000000
3088	0.000000
3089	0.000000
3090	0.000000
3091	0.000000
3092	0.000000
3093	0.000000
3094	0.000000
3095	0.000000
3096	0.000000
3097	0.000000
3098	0.000000
3099	0.000000
3100	0.000000
3101	0.000000
3102	0.000000
3103	0.000000
3104	0.000000
3105	0.000000
3106	0.000000
3107	0.000000
3108	0.000000
3109	0.000000
3110	0.000000
3111	0.000000
3112	0.000000
3113	0.000000
3114	0.000000
3115	0.000000
3116	0.000000
3117	0.000000
3118	0.000000
3119	0.000000
3120	0.000000
3121	0.000000
3122	0.000000
3123	0.000000
3124	0.000000
3125	0.000000
3126	0.000000
3127	0.000000
3128	0.000000
3129	0.000000
3130	0.000000
3131	0.000000
3132	0.000000
3133	0.000000
3134	0.000000
3135	0.000000
3136	0.000000
3137	0.000000
3138	0.000000
3139	0.000000
3140	0.000000
3141	0.000000
3142	0.000000
3143	0.000000
3144	0.000000
3145	0.000000
3146	0.000000
3147	0.000000
3148	0.000000
3149	0.000000
3150	0.000000
3151	0.000000
3152	0.000000
3153	0.000000
3154	0.000000
3155	0.000000
3156	0.000000
3157	0.000000
3158	0.000000
3159	0.000000
3160	0.000000
3161	0.000000
3162	0.000000
3163	0.000000
3164	0.000000
3165	0.000000
3166	0.000000
3167	0.000000
3168	0.000000
3169	0.000000
3170	0.000000
3171	0.000000
3172	0.000000
3173	0.000000
3174	0.000000
3175	0.000000
3176	0.000000
3177	0.000000
3178	0.000000
3179	0.000000
3180	0.000000
3181	0.000000
3182	0.000000
3183	0.000000
3184	0.000000
3185	0.000000
3186	0.000000
3187	0.000000
3188	0.000000
3189	0.000000
3190	0.000000
3191	0.000000
3192	0.000000
3193	0.000000
3194	0.000000
3195	0.000000
3196	0.000000
3197	0.000000
3198	0.000000
3199	0.000000
3200	0.000000
3201	0.000000
3202	0.000000
3203	0.000000
3204	0.000000
3205	0.000000
3206	0.000000
3207	0.000000
3208	0.000000
3209	0.000000
3210	0.000000
3211	0.000000
3212	0.000000
3213	0.000000
3214	0.000000
3215	0.000000
3216	0.000000
3217	0.000000
3218	0.000000
3219	0.000000
3220	0.000000
3221	0.000000
3222	0.000000
3223	0.000000
3224	0.000000
3225	0.000000
3226	0.000000
3227	0.000000
3228	0.000000
3229	0.000000
3230	0.000000
3231	0.000000
3232	0.000000
3233	0.000000
3234	0.000000
3235	0.000000
3236	0.000000
3237	0.000000
3238	0.000000
3239	0.000000
3240	0.000000
3241	0.000000
3242	0.000000
3243	0.000000
3244	0.000000
3245	0.000000
3246	0.000000
3247	0.000000
3248	0.000000
3249	0.000000
3250	0.000000
3251	0.000000
3252	0.000000
3253	0.000000
3254	0.000000
3255	0.000000
3256	0.000000
3257	0.000000
3258	0.000000
3259	0.000000
3260	0.000000
3261	0.000000
3262	0.000000
3263	0.000000
3264	0.000000
3265	0.000000
3266	0.000000
3267	0.000000
3268	0.000000
3269	0.000000
3270	0.000000
3271	0.000000
3272	0.000000
3273	0.000000
3274	0.000000
3275	0.000000
3276	0.000000
3277	0.000000
3278	0.000000
3279	0.000000
3280	0.000000
3281	0.000000
3282	0.000000
3283	0.000000
3284	0.000000
3285	0.000000
3286	0.000000
3287	0.000000
3288	0.000000
3289	0.000000
3290	0.000000
3291	0.000000
3292	0.000000
3293	0.000000
3294	0.000000
3295	0.000000
3296	0.000000
3297	0.000000
3298	0.000000
3299	0.000000
3300	0.000000
3301	0.000000
3302	0.000000
3303	0.000000
3304	0.000000
3305	0.000000
3306	0.000000
3307	0.000000
3308	0.000000
3309	0.000000
3310	0.000000
3311	0.000000
3312	0.000000
3313	0.000000
3314	0.000000
3315	0.000000
3316	0.000000
3317	0.000000
3318	0.000000
3319	0.000000
3320	0.000000
3321	0.000000
3322	0.000000
3323	0.000000
3324	0.000000
3325	0.000000
3326	0.000000
3327	0.000000
3328	0.000000
3329	0.000000
3330	0.000000
3331	0.000000
3332	0.000000
3333	0.000000
3334	0.000000
3335	0.000000
3336	0.000000
3337	0.000000
3338	0.000000
3339	0.000000
3340	0.000000
3341	0.000000
3342	0.000000
3343	0.000000
3344	0.000000
3345	0.000000
3346	0.000000
3347	0.000000
3348	0.000000
3349	0.000000
3350	0.000000
3351	0.000000
3352	0.000000
3353	0.000000
3354	0.000000
3355	0.000000
3356	0.000000
3357	0.000000
3358	0.000000
3359	0.000000
3360	0.000000
3361	0.000000
3362	0.000000
3363	0.000000
3364	0.000000
3365	0.000000
3366	0.000000
3367	0.000000
3368	0.000000
3369	0.000000
3370	0.000000
3371	0.000000
3372	0.000000
3373	0.000000
3374	0.000000
3375	0.000000
3376	0.000000
3377	0.000000
3378	0.000000
3379	0.000000
3380	0.000000
3381	0.000000
3382	0.000000
3383	0.000000
3384	0.000000
3385	0.000000
3386	0.000000
3387	0.000000
3388	0.000000
3389	0.000000
3390	0.000000
3391	0.000000
3392	0.000000
3393	0.000000
3394	0.000000
3395	0.000000
3396	0.000000
3397	0.000000
3398	0.000000
3399	0.000000
3400	0.000000
3401	0.000000
3402	0.000000
3403	0.000000
3404	0.000000
3405	0.000000
3406	0.000000
3407	0.000000
3408	0.000000
3409	0.000000
3410	0.000000
3411	0.000000
3412	0.000000
3413	0.000000
3414	0.000000
3415	0.000000
3416	0.000000
3417	0.000000
3418	0.000000
3419	0.000000
3420	0.000000
3421	0.000000
3422	0.000000
3423	0.000000
3424	0.000000
3425	0.000000
3426	0.000000
3427	0.000000
3428	0.000000
3429	0.000000
3430	0.000000
3431	0.000000
3432	0.000000
3433	0.000000
3434	0.000000
3435	0.000000
3436	0.000000
3437	0.000000
3438	0.000000
3439	0.000000
3440	0.000000
3441	0.000000
3442	0.000000
3443	0.000000
3444	0.000000
3445	0.000000
3446	0.000000
3447	0.000000
3448	0.000000
3449	0.000000
3450	0.000000
3451	0.000000
3452	0.000000
3453	0.000000
3454	0.000000
3455	0.000000
3456	0.000000
3457	0.000000
3458	0.000000
3459	0.000000
3460	0.000000
3461	0.000000
3462	0.000000
3463	0.000000
3464	0.000000
3465	0.000000
3466	0.000000
3467	0.000000
3468	0.000000
3469	0.000000
3470	0.000000
3471	0.000000
3472	0.000000
3473	0.000000
3474	0.000000
3475	0.000000
3476	0.000000
3477	0.000000
3478	0.000000
3479	0.000000
3480	0.000000
3481	0.000000
3482	0.000000
3483	0.000000
3484	0.000000
3485	0.000000
3486	0.000000
3487	0.000000
3488	0.000000
3489	0.000000
3490	0.000000
3491	0.000000
3492	0.000000
3493	0.000000
3494	0.000000
3495	0.000000
3496	0.000000
3497	0.000000
3498	0.000000
3499	0.000000
3500	0.000000
3501	0.000000
3502	0.000000
3503	0.000000
3504	0.000000
3505	0.000000
3506	0.000000
3507	0.000000
3508	0.000000
3509	0.000000
3510	0.000000
3511	0.000000
3512	0.000000
3513	0.000000
3514	0.000000
3515	0.000000
3516	0.000000
3517	0.000000
3518	0.000000
3519	0.000000
3520	0.000000
3521	0.000000
3522	0.000000
3523	0.000000
3524	0.000000
3525	0.000000
3526	0.000000
3527	0.000000
3528	0.000000
3529	0.000000
3530	0.000000
3531	0.000000
3532	0.000000
3533	0.000000
3534	0.000000
3535	0.000000
3536	0.000000
3537	0.000000
3538	0.000000
3539	0.000000
3540	0.000000
3541	0.000000
3542	0.000000
3543	0.000000
3544	0.000000
3545	0.000000
3546	0.000000
3547	0.000000
3548	0.000000
3549	0.000000
3550	0.000000
3551	0.000000
3552	0.000000
3553	0.000000
3554	0.000000
3555	0.000000
3556	0.000000
3557	0.000000
3558	0.000000
3559	0.000000
3560	0.000000
3561	0.000000
3562	0.000000
3563	0.000000
3564	0.000000
3565	0.000000
3566	0.000000
3567	0.000000
3568	0.000000
3569	0.000000
3570	0.000000
3571	0.000000
3572	0.000000
3573	0.000000
3574	0.000000
3575	0.000000
3576	0.000000
3577	0.000000
3578	0.000000
3579	0.000000
3580	0.000000
3581	0.000000
3582	0.000000
3583	0.000000
3584	0.000000
3585	0.000000
3586	0.000000
3587	0.000000
3588	0.000000
3589	0.000000
3590	0.000000
3591	0.000000
3592	0.000000
3593	0.000000
3594	0.000000
3595	0.000000
3596	0.000000
3597	0.000000
3598	0.000000
3599	0.000000
3600	0.000000
3601	0.000000
3602	0.000000
3603	0.000000
3604	0.000000
3605	0.000000
3606	0.000000
3607	0.000000
3608	0.000000
3609	0.000000
3610	0.000000
3611	0.000000
3612	0.000000
3613	0.000000
3614	0.000000
3615	0.000000
3616	0.000000
3617	0.000000
3618	0.000000
3619	0.000000
3620	0.000000
3621	0.000000
3622	0.000000
3623	0.000000
3624	0.000000
3625	0.000000
3626	0.000000
3627	0.000000
3628	0.000000
3629	0.000000
3630	0.000000
3631	0.000000
3632	0.000000
3633	0.000000
3634	0.000000
3635	0.000000
3636	0.000000
3637	0.000000
3638	0.000000
3639	0.000000
3640	0.000000
3641	0.000000
3642	0.000000
3643	0.000000
3644	0.000000
3645	0.000000
3646	0.000000
3647	0.000000
3648	0.000000
3649	0.000000
3650	0.000000
3651	0.000000
3652	0.000000
3653	0.000000
3654	0.000000
3655	0.000000
3656	0.000000
3657	0.000000
3658	0.000000
3659	0.000000
3660	0.000000
3661	0.000000
3662	0.000000
3663	0.000000
3664	0.000000
3665	0.000000
3666	0.000000
3667	0.000000
3668	0.000000
3669	0.000000
3670	0.000000
3671	0.000000
3672	0.000000
3673	0.000000
3674	0.000000
3675	0.000000
3676	0.000000
3677	0.000000
3678	0.000000
3679	0.000000
3680	0.000000
3681	0.000000
3682	0.000000
3683	0.000000
3684	0.000000
3685	0.000000
3686	0.000000
3687	0.000000
3688	0.000000
3689	0.000000
3690	0.000000
3691	0.000000
3692	0.000000
3693	0.000000
3694	0.000000
3695	0.000000
3696	0.000000
3697	0.000000
3698	0.000000
3699	0.000000
3700	0.000000
3701	0.000000
3702	0.000000
3703	0.000000
3704	0.000000
3705	0.000000
3706	0.000000
3707	0.000000
3708	0.000000
3709	0.000000
3710	0.000000
3711	0.000000
3712	0.000000
3713	0.000000
3714	0.000000
3715	0.000000
3716	0.000000
3717	0.000000
3718	0.000000
3719	0.000000
3720	0.000000
3721	0.000000
3722	0.000000
3723	0.000000
3724	0.000000
3725	0.000000
3726	0.000000
3727	0.000000
3728	0.000000
3729	0.000000
3730	0.000000
3731	0.000000
3732	0.000000
3733	0.000000
3734	0.000000
3735	0.000000
3736	0.000000
3737	0.000000
3738	0.000000
3739	0.000000
3740	0.000000
3741	0.000000
3742	0.000000
3743	0.000000
3744	0.000000
3745	0.000000
3746	0.000000
3747	0.000000
3748	0.000000
3749	0.000000
3750	0.000000
3751	0.000000
3752	0.000000
3753	0.000000
3754	0.000000
3755	0.000000
3756	0.000000
3757	0.000000
3758	0.000000
3759	0.000000
3760	0.000000
3761	0.000000
3762	0.000000
3763	0.000000
3764	0.000000
3765	0.000000
3766	0.000000
3767	0.000000
3768	0.000000
3769	0.000000
3770	0.000000
3771	0.000000
3772	0.000000
3773	0.000000
3774	0.000000
3775	0.000000
3776	0.000000
3777	0.000000
3778	0.000000
3779	0.000000
3780	0.000000
3781	0.000000
3782	0.000000
3783	0.000000
3784	0.000000
3785	0.000000
3786	0.000000
3787	0.000000
3788	0.000000
3789	0.000000
3790	0.000000
3791	0.000000
3792	0.000000
3793	0.000000
3794	0.000000
3795	0.000000
3796	0.000000
3797	0.000000
3798	0.000000
3799	0.000000
3800	0.000000
3801	0.000000
3802	0.000000
3803	0.000000
3804	0.000000
3805	0.000000
3806	0.000000
3807	0.000000
3808	0.000000
3809	0.000000
3810	0.000000
3811	0.000000
3812	0.000000
3813	0.000000
3814	0.000000
3815	0.000000
3816	0.000000
3817	0.000000
3818	0.000000
3819	0.000000
3820	0.000000
3821	0.000000
3822	0.000000
3823	0.000000
3824	0.000000
3825	0.000000
3826	0.000000
3827	0.000000
3828	0.000000
3829	0.000000
3830	0.000000
3831	0.000000
3832	0.000000
3833	0.000000
3834	0.000000
3835	0.000000
3836	0.000000
3837	0.000000
3838	0.000000
3839	0.000000
3840	0.000000
3841	0.000000
3842	0.000000
3843	0.000000
3844	0.000000
3845	0.000000
3846	0.000000
3847	0.000000
3848	0.000000
3849	0.000000
3850	0.000000
3851	0.000000
3852	0.000000
3853	0.000000
3854	0.000000
3855	0.000000
3856	0.000000
3857	0.000000
3858	0.000000
3859	0.000000
3860	0.000000
3861	0.000000
3862	0.000000
3863	0.000000
3864	0.000000
3865	0.000000
3866	0.000000
3867	0.000000
3868	0.000000
3869	0.000000
3870	0.000000
3871	0.000000
3872	0.000000
3873	0.000000
3874	0.000000
3875	0.000000
3876	0.000000
3877	0.000000
3878	0.000000
3879	0.000000
3880	0.000000
3881	0.000000
3882	0.000000
3883	0.000000
3884	0.000000
3885	0.000000
3886	0.000000
3887	0.000000
3888	0.000000
3889	0.000000
3890	0.000000
3891	0.000000
3892	0.000000
3893	0.000000
3894	0.000000
3895	0.000000
3896	0.000000
3897	0.000000
3898	0.000000
3899	0.000000
3900	0.000000
3901	0.000000
3902	0.000000
3903	0.000000
3904	0.000000
3905	0.000000
3906	0.000000
3907	0.000000
3908	0.000000
3909	0.000000
3910	0.000000
3911	0.000000
3912	0.000000
3913	0.000000
3914	0.000000
3915	0.000000
3916	0.000000
3917	0.000000
3918	0.000000
3919	0.000000
3920	0.000000
3921	0.000000
3922	0.000000
3923	0.000000
3924	0.000000
3925	0.000000
3926	0.000000
3927	0.000000
3928	0.000000
3929	0.000000
3930	0.000000
3931	0.000000
3932	0.000000
3933	0.000000
3934	0.000000
3935	0.000000
3936	0.000000
3937	0.000000
3938	0.000000
3939	0.000000
3940	0.000000
3941	0.000000
3942	0.000000
3943	0.000000
3944	0.000000
3945	0.000000
3946	0.000000
3947	0.000000
3948	0.000000
3949	0.000000
3950	0.000000
3951	0.000000
3952	0.000000
3953	0.000000
3954	0.000000
3955	0.000000
3956	0.000000
3957	0.000000
3958	0.000000
3959	0.000000
3960	0.000000
3961	0.000000
3962	0.000000
3963	0.000000
3964	0.000000
3965	0.000000
3966	0.000000
3967	0.000000
3968	0.000000
3969	0.000000
3970	0.000000
3971	0.000000
3972	0.000000
3973	0.000000
3974	0.000000
3975	0.000000
3976	0.000000
3977	0.000000
3978	0.000000
3979	0.000000
3980	0.000000
3981	0.000000
3982	0.000000
3983	0.000000
3984	0.000000
3985	0.000000
3986	0.000000
3987	0.000000
3988	0.000000
3989	0.000000
3990	0.000000
3991	0.000000
3992	0.000000
3993	0.000000
3994	0.000000
3995	0.000000
3996	0.000000
3997	0.000000
3998	0.000000
3999	0.000000
4000	0.000000
4001	0.000000
