0	0.000000
1	0.000000
2	0.000000
3	0.000000
4	0.000000
5	0.000000
6	0.000000
7	0.000000
8	0.000000
9	0.000000
10	0.000000
11	0.000000
12	0.000000
13	0.000000
14	0.000000
15	0.000000
16	0.000000
17	0.000000
18	0.000000
19	0.000000
20	0.000000
21	0.000000
22	0.000000
23	0.000000
24	0.000000
25	0.000000
26	0.000000
27	0.000000
28	0.000000
29	0.000000
30	0.000000
31	0.000000
32	0.000000
33	0.000000
34	0.000000
35	0.000000
36	0.000000
37	0.000000
38	0.000000
39	0.000000
40	0.000000
41	0.000000
42	0.000000
43	0.000000
44	0.000000
45	0.000000
46	0.000000
47	0.000000
48	0.000000
49	0.000000
50	0.000000
51	0.000000
52	0.000000
53	0.000000
54	0.000000
55	0.000000
56	0.000000
57	0.000000
58	0.000000
59	0.000000
60	0.000000
61	0.000000
62	0.000000
63	0.000000
64	0.000000
65	0.000000
66	0.000000
67	0.000000
68	0.000000
69	0.000000
70	0.000000
71	0.000000
72	0.000000
73	0.000000
74	0.000000
75	0.000000
76	0.000000
77	0.000000
78	0.000000
79	0.000000
80	0.000000
81	0.000000
82	0.000000
83	0.000000
84	0.000000
85	0.000000
86	0.000000
87	0.000000
88	0.000000
89	0.000000
90	0.000000
91	0.000000
92	0.000000
93	0.000000
94	0.000000
95	0.000000
96	0.000000
97	0.000000
98	0.000000
99	0.000000
100	0.000000
101	0.000000
102	0.000000
103	0.000000
104	0.000000
105	0.000000
106	0.000000
107	0.000000
108	0.000000
109	0.000000
110	0.000000
111	0.000000
112	0.000000
113	0.000000
114	0.000000
115	0.000000
116	0.000000
117	0.000000
118	0.000000
119	0.000000
120	0.000000
121	0.000000
122	0.000000
123	0.000000
124	0.000000
125	0.000000
126	0.000000
127	0.000000
128	0.000000
129	0.000000
130	0.000000
131	0.000000
132	0.000000
133	0.000000
134	0.000000
135	0.000000
136	0.000000
137	0.000000
138	0.000000
139	0.000000
140	0.000000
141	0.000000
142	0.000000
143	0.000000
144	0.000000
145	0.000000
146	0.000000
147	0.000000
148	0.000000
149	0.000000
150	0.000000
151	0.000000
152	0.000000
153	0.000000
154	0.000000
155	0.000000
156	0.000000
157	0.000000
158	0.000000
159	0.000000
160	0.000000
161	0.000000
162	0.000000
163	0.000000
164	0.000000
165	0.000000
166	0.000000
167	0.000000
168	0.000000
169	0.000000
170	0.000000
171	0.000000
172	0.000000
173	0.000000
174	0.000000
175	0.000000
176	0.000000
177	0.000000
178	0.000000
179	0.000000
180	0.000000
181	0.000000
182	0.000000
183	0.000000
184	0.000000
185	0.000000
186	0.000000
187	0.000000
188	0.000000
189	0.000000
190	0.000000
191	0.000000
192	0.000000
193	0.000000
194	0.000000
195	0.000000
196	0.000000
197	0.000000
198	0.000000
199	0.000000
200	0.000000
201	0.000000
202	0.000000
203	0.000000
204	0.000000
205	0.000000
206	0.000000
207	0.000000
208	0.000000
209	0.000000
210	0.000000
211	0.000000
212	0.000000
213	0.000000
214	0.000000
215	0.000000
216	0.000000
217	0.000000
218	0.000000
219	0.000000
220	0.000000
221	0.000000
222	0.000000
223	0.000000
224	0.000000
225	0.000000
226	0.000000
227	0.000000
228	0.000000
229	0.000000
230	0.000000
231	0.000000
232	0.000000
233	0.000000
234	0.000000
235	0.000000
236	0.000000
237	0.000000
238	0.000000
239	0.000000
240	0.000000
241	0.000000
242	0.000000
243	0.000000
244	0.000000
245	0.000000
246	0.000000
247	0.000000
248	0.000000
249	0.000000
250	0.000000
251	0.000000
252	0.000000
253	0.000000
254	0.000000
255	0.000000
256	0.000000
257	0.000000
258	0.000000
259	0.000000
260	0.000000
261	0.000000
262	0.000000
263	0.000000
264	0.000000
265	0.000000
266	0.000000
267	0.000000
268	0.000000
269	0.000000
270	0.000000
271	0.000000
272	0.000000
273	0.000000
274	0.000000
275	0.000000
276	0.000000
277	0.000000
278	0.000000
279	0.000000
280	0.000000
281	0.000000
282	0.000000
283	0.000000
284	0.000000
285	0.000000
286	0.000000
287	0.000000
288	0.000000
289	0.000000
290	0.000000
291	0.000000
292	0.000000
293	0.000000
294	0.000000
295	0.000000
296	0.000000
297	0.000000
298	0.000000
299	0.000000
300	0.000000
301	0.000000
302	0.000000
303	0.000000
304	0.000000
305	0.000000
306	0.000000
307	0.000000
308	0.000000
309	0.000000
310	0.000000
311	0.000000
312	0.000000
313	0.000000
314	0.000000
315	0.000000
316	0.000000
317	0.000000
318	0.000000
319	0.000000
320	0.000000
321	0.000000
322	0.000000
323	0.000000
324	0.000000
325	0.000000
326	0.000000
327	0.000000
328	0.000000
329	0.000000
330	0.000000
331	0.000000
332	0.000000
333	0.000000
334	0.000000
335	0.000000
336	0.000000
337	0.000000
338	0.000000
339	0.000000
340	0.000000
341	0.000000
342	0.000000
343	0.000000
344	0.000000
345	0.000000
346	0.000000
347	0.000000
348	0.000000
349	0.000000
350	0.000000
351	0.000000
352	0.000000
353	0.000000
354	0.000000
355	0.000000
356	0.000000
357	0.000000
358	0.000000
359	0.000000
360	0.000000
361	0.000000
362	0.000000
363	0.000000
364	0.000000
365	0.000000
366	0.000000
367	0.000000
368	0.000000
369	0.000000
370	0.000000
371	0.000000
372	0.000000
373	0.000000
374	0.000000
375	0.000000
376	0.000000
377	0.000000
378	0.000000
379	0.000000
380	0.000000
381	0.000000
382	0.000000
383	0.000000
384	0.000000
385	0.000000
386	0.000000
387	0.000000
388	0.000000
389	0.000000
390	0.000000
391	0.000000
392	0.000000
393	0.000000
394	0.000000
395	0.000000
396	0.000000
397	0.000000
398	0.000000
399	0.000000
400	0.000000
401	0.000000
402	0.000000
403	0.000000
404	0.000000
405	0.000000
406	0.000000
407	0.000000
408	0.000000
409	0.000000
410	0.000000
411	0.000000
412	0.000000
413	0.000000
414	0.000000
415	0.000000
416	0.000000
417	0.000000
418	0.000000
419	0.000000
420	0.000000
421	0.000000
422	0.000000
423	0.000000
424	0.000000
425	0.000000
426	0.000000
427	0.000000
428	0.000000
429	0.000000
430	0.000000
431	0.000000
432	0.000000
433	0.000000
434	0.000000
435	0.000000
436	0.000000
437	0.000000
438	0.000000
439	0.000000
440	0.000000
441	0.000000
442	0.000000
443	0.000000
444	0.000000
445	0.000000
446	0.000000
447	0.000000
448	0.000000
449	0.000000
450	0.000000
451	0.000000
452	0.000000
453	0.000000
454	0.000000
455	0.000000
456	0.000000
457	0.000000
458	0.000000
459	0.000000
460	0.000000
461	0.000000
462	0.000000
463	0.000000
464	0.000000
465	0.000000
466	0.000000
467	0.000000
468	0.000000
469	0.000000
470	0.000000
471	0.000000
472	0.000000
473	0.000000
474	0.000000
475	0.000000
476	0.000000
477	0.000000
478	0.000000
479	0.000000
480	0.000000
481	0.000000
482	0.000000
483	0.000000
484	0.000000
485	0.000000
486	0.000000
487	0.000000
488	0.000000
489	0.000000
490	0.000000
491	0.000000
492	0.000000
493	0.000000
494	0.000000
495	0.000000
496	0.000000
497	0.000000
498	0.000000
499	0.000000
500	0.000000
501	0.000000
502	0.000000
503	0.000000
504	0.000000
505	0.000000
506	0.000000
507	0.000000
508	0.000000
509	0.000000
510	0.000000
511	0.000000
512	0.000000
513	0.000000
514	0.000000
515	0.000000
516	0.000000
517	0.000000
518	0.000000
519	0.000000
520	0.000000
521	0.000000
522	0.000000
523	0.000000
524	0.000000
525	0.000000
526	0.000000
527	0.000000
528	0.000000
529	0.000000
530	0.000000
531	0.000000
532	0.000000
533	0.000000
534	0.000000
535	0.000000
536	0.000000
537	0.000000
538	0.000000
539	0.000000
540	0.000000
541	0.000000
542	0.000000
543	0.000000
544	0.000000
545	0.000000
546	0.000000
547	0.000000
548	0.000000
549	0.000000
550	0.000000
551	0.000000
552	0.000000
553	0.000000
554	0.000000
555	0.000000
556	0.000000
557	0.000000
558	0.000000
559	0.000000
560	0.000000
561	0.000000
562	0.000000
563	0.000000
564	0.000000
565	0.000000
566	0.000000
567	0.000000
568	0.000000
569	0.000000
570	0.000000
571	0.000000
572	0.000000
573	0.000000
574	0.000000
575	0.000000
576	0.000000
577	0.000000
578	0.000000
579	0.000000
580	0.000000
581	0.000000
582	0.000000
583	0.000000
584	0.000000
585	0.000000
586	0.000000
587	0.000000
588	0.000000
589	0.000000
590	0.000000
591	0.000000
592	0.000000
593	0.000000
594	0.000000
595	0.000000
596	0.000000
597	0.000000
598	0.000000
599	0.000000
600	0.000000
601	0.000000
602	0.000000
603	0.000000
604	0.000000
605	0.000000
606	0.000000
607	0.000000
608	0.000000
609	0.000000
610	0.000000
611	0.000000
612	0.000000
613	0.000000
614	0.000000
615	0.000000
616	0.000000
617	0.000000
618	0.000000
619	0.000000
620	0.000000
621	0.000000
622	0.000000
623	0.000000
624	0.000000
625	0.000000
626	0.000000
627	0.000000
628	0.000000
629	0.000000
630	0.000000
631	0.000000
632	0.000000
633	0.000000
634	0.000000
635	0.000000
636	0.000000
637	0.000000
638	0.000000
639	0.000000
640	0.000000
641	0.000000
642	0.000000
643	0.000000
644	0.000000
645	0.000000
646	0.000000
647	0.000000
648	0.000000
649	0.000000
650	0.000000
651	0.000000
652	0.000000
653	0.000000
654	0.000000
655	0.000000
656	0.000000
657	0.000000
658	0.000000
659	0.000000
660	0.000000
661	0.000000
662	0.000000
663	0.000000
664	0.000000
665	0.000000
666	0.000000
667	0.000000
668	0.000000
669	0.000000
670	0.000000
671	0.000000
672	0.000000
673	0.000000
674	0.000000
675	0.000000
676	0.000000
677	0.000000
678	0.000000
679	0.000000
680	0.000000
681	0.000000
682	0.000000
683	0.000000
684	0.000000
685	0.000000
686	0.000000
687	0.000000
688	0.000000
689	0.000000
690	0.000000
691	0.000000
692	0.000000
693	0.000000
694	0.000000
695	0.000000
696	0.000000
697	0.000000
698	0.000000
699	0.000000
700	0.000000
701	0.000000
702	0.000000
703	0.000000
704	0.000000
705	0.000000
706	0.000000
707	0.000000
708	0.000000
709	0.000000
710	0.000000
711	0.000000
712	0.000000
713	0.000000
714	0.000000
715	0.000000
716	0.000000
717	0.000000
718	0.000000
719	0.000000
720	0.000000
721	0.000000
722	0.000000
723	0.000000
724	0.000000
725	0.000000
726	0.000000
727	0.000000
728	0.000000
729	0.000000
730	0.000000
731	0.000000
732	0.000000
733	0.000000
734	0.000000
735	0.000000
736	0.000000
737	0.000000
738	0.000000
739	0.000000
740	0.000000
741	0.000000
742	0.000000
743	0.000000
744	0.000000
745	0.000000
746	0.000000
747	0.000000
748	0.000000
749	0.000000
750	0.000000
751	0.000000
752	0.000000
753	0.000000
754	0.000000
755	0.000000
756	0.000000
757	0.000000
758	0.000000
759	0.000000
760	0.000000
761	0.000000
762	0.000000
763	0.000000
764	0.000000
765	0.000000
766	0.000000
767	0.000000
768	0.000000
769	0.000000
770	0.000000
771	0.000000
772	0.000000
773	0.000000
774	0.000000
775	0.000000
776	0.000000
777	0.000000
778	0.000000
779	0.000000
780	0.000000
781	0.000000
782	0.000000
783	0.000000
784	0.000000
785	0.000000
786	0.000000
787	0.000000
788	0.000000
789	0.000000
790	0.000000
791	0.000000
792	0.000000
793	0.000000
794	0.000000
795	0.000000
796	0.000000
797	0.000000
798	0.000000
799	0.000000
800	0.000000
801	0.000000
802	0.000000
803	0.000000
804	0.000000
805	0.000000
806	0.000000
807	0.000000
808	0.000000
809	0.000000
810	0.000000
811	0.000000
812	0.000000
813	0.000000
814	0.000000
815	0.000000
816	0.000000
817	0.000000
818	0.000000
819	0.000000
820	0.000000
821	0.000000
822	0.000000
823	0.000000
824	0.000000
825	0.000000
826	0.000000
827	0.000000
828	0.000000
829	0.000000
830	0.000000
831	0.000000
832	0.000000
833	0.000000
834	0.000000
835	0.000000
836	0.000000
837	0.000000
838	0.000000
839	0.000000
840	0.000000
841	0.000000
842	0.000000
843	0.000000
844	0.000000
845	0.000000
846	0.000000
847	0.000000
848	0.000000
849	0.000000
850	0.000000
851	0.000000
852	0.000000
853	0.000000
854	0.000000
855	0.000000
856	0.000000
857	0.000000
858	0.000000
859	0.000000
860	0.000000
861	0.000000
862	0.000000
863	0.000000
864	0.000000
865	0.000000
866	0.000000
867	0.000000
868	0.000000
869	0.000000
870	0.000000
871	0.000000
872	0.000000
873	0.000000
874	0.000000
875	0.000000
876	0.000000
877	0.000000
878	0.000000
879	0.000000
880	0.000000
881	0.000000
882	0.000000
883	0.000000
884	0.000000
885	0.000000
886	0.000000
887	0.000000
888	0.000000
889	0.000000
890	0.000000
891	0.000000
892	0.000000
893	0.000000
894	0.000000
895	0.000000
896	0.000000
897	0.000000
898	0.000000
899	0.000000
900	0.000000
901	0.000000
902	0.000000
903	0.000000
904	0.000000
905	0.000000
906	0.000000
907	0.000000
908	0.000000
909	0.000000
910	0.000000
911	0.000000
912	0.000000
913	0.000000
914	0.000000
915	0.000000
916	0.000000
917	0.000000
918	0.000000
919	0.000000
920	0.000000
921	0.000000
922	0.000000
923	0.000000
924	0.000000
925	0.000000
926	0.000000
927	0.000000
928	0.000000
929	0.000000
930	0.000000
931	0.000000
932	0.000000
933	0.000000
934	0.000000
935	0.000000
936	0.000000
937	0.000000
938	0.000000
939	0.000000
940	0.000000
941	0.000000
942	0.000000
943	0.000000
944	0.000000
945	0.000000
946	0.000000
947	0.000000
948	0.000000
949	0.000000
950	0.000000
951	0.000000
952	0.000000
953	0.000000
954	0.000000
955	0.000000
956	0.000000
957	0.000000
958	0.000000
959	0.000000
960	0.000000
961	0.000000
962	0.000000
963	0.000000
964	0.000000
965	0.000000
966	0.000000
967	0.000000
968	0.000000
969	0.000000
970	0.000000
971	0.000000
972	0.000000
973	0.000000
974	0.000000
975	0.000000
976	0.000000
977	0.000000
978	0.000000
979	0.000000
980	0.000000
981	0.000000
982	0.000000
983	0.000000
984	0.000000
985	0.000000
986	0.000000
987	0.000000
988	0.000000
989	0.000000
990	0.000000
991	0.000000
992	0.000000
993	0.000000
994	0.000000
995	0.000000
996	0.000000
997	0.000000
998	0.000000
999	0.000000
1000	0.000000
1001	0.000000
1002	0.000000
1003	0.000000
1004	0.000000
1005	0.000000
1006	0.000000
1007	0.000000
1008	0.000000
1009	0.000000
1010	0.000000
1011	0.000000
1012	0.000000
1013	0.000000
1014	0.000000
1015	0.000000
1016	0.000000
1017	0.000000
1018	0.000000
1019	0.000000
1020	0.000000
1021	0.000000
1022	0.000000
1023	0.000000
1024	0.000000
1025	0.000000
1026	0.000000
1027	0.000000
1028	0.000000
1029	0.000000
1030	0.000000
1031	0.000000
1032	0.000000
1033	0.000000
1034	0.000000
1035	0.000000
1036	0.000000
1037	0.000000
1038	0.000000
1039	0.000000
1040	0.000000
1041	0.000000
1042	0.000000
1043	0.000000
1044	0.000000
1045	0.000000
1046	0.000000
1047	0.000000
1048	0.000000
1049	0.000000
1050	0.000000
1051	0.000000
1052	0.000000
1053	0.000000
1054	0.000000
1055	0.000000
1056	0.000000
1057	0.000000
1058	0.000000
1059	0.000000
1060	0.000000
1061	0.000000
1062	0.000000
1063	0.000000
1064	0.000000
1065	0.000000
1066	0.000000
1067	0.000000
1068	0.000000
1069	0.000000
1070	0.000000
1071	0.000000
1072	0.000000
1073	0.000000
1074	0.000000
1075	0.000000
1076	0.000000
1077	0.000000
1078	0.000000
1079	0.000000
1080	0.000000
1081	0.000000
1082	0.000000
1083	0.000000
1084	0.000000
1085	0.000000
1086	0.000000
1087	0.000000
1088	0.000000
1089	0.000000
1090	0.000000
1091	0.000000
1092	0.000000
1093	0.000000
1094	0.000000
1095	0.000000
1096	0.000000
1097	0.000000
1098	0.000000
1099	0.000000
1100	0.000000
1101	0.000000
1102	0.000000
1103	0.000000
1104	0.000000
1105	0.000000
1106	0.000000
1107	0.000000
1108	0.000000
1109	0.000000
1110	0.000000
1111	0.000000
1112	0.000000
1113	0.000000
1114	0.000000
1115	0.000000
1116	0.000000
1117	0.000000
1118	0.000000
1119	0.000000
1120	0.000000
1121	0.000000
1122	0.000000
1123	0.000000
1124	0.000000
1125	0.000000
1126	0.000000
1127	0.000000
1128	0.000000
1129	0.000000
1130	0.000000
1131	0.000000
1132	0.000000
1133	0.000000
1134	0.000000
1135	0.000000
1136	0.000000
1137	0.000000
1138	0.000000
1139	0.000000
1140	0.000000
1141	0.000000
1142	0.000000
1143	0.000000
1144	0.000000
1145	0.000000
1146	0.000000
1147	0.000000
1148	0.000000
1149	0.000000
1150	0.000000
1151	0.000000
1152	0.000000
1153	0.000000
1154	0.000000
1155	0.000000
1156	0.000000
1157	0.000000
1158	0.000000
1159	0.000000
1160	0.000000
1161	0.000000
1162	0.000000
1163	0.000000
1164	0.000000
1165	0.000000
1166	0.000000
1167	0.000000
1168	0.000000
1169	0.000000
1170	0.000000
1171	0.000000
1172	0.000000
1173	0.000000
1174	0.000000
1175	0.000000
1176	0.000000
1177	0.000000
1178	0.000000
1179	0.000000
1180	0.000000
1181	0.000000
1182	0.000000
1183	0.000000
1184	0.000000
1185	0.000000
1186	0.000000
1187	0.000000
1188	0.000000
1189	0.000000
1190	0.000000
1191	0.000000
1192	0.000000
1193	0.000000
1194	0.000000
1195	0.000000
1196	0.000000
1197	0.000000
1198	0.000000
1199	0.000000
1200	0.000000
1201	0.000000
1202	0.000000
1203	0.000000
1204	0.000000
1205	0.000000
1206	0.000000
1207	0.000000
1208	0.000000
1209	0.000000
1210	0.000000
1211	0.000000
1212	0.000000
1213	0.000000
1214	0.000000
1215	0.000000
1216	0.000000
1217	0.000000
1218	0.000000
1219	0.000000
1220	0.000000
1221	0.000000
1222	0.000000
1223	0.000000
1224	0.000000
1225	0.000000
1226	0.000000
1227	0.000000
1228	0.000000
1229	0.000000
1230	0.000000
1231	0.000000
1232	0.000000
1233	0.000000
1234	0.000000
1235	0.000000
1236	0.000000
1237	0.000000
1238	0.000000
1239	0.000000
1240	0.000000
1241	0.000000
1242	0.000000
1243	0.000000
1244	0.000000
1245	0.000000
1246	0.000000
1247	0.000000
1248	0.000000
1249	0.000000
1250	0.000000
1251	0.000000
1252	0.000000
1253	0.000000
1254	0.000000
1255	0.000000
1256	0.000000
1257	0.000000
1258	0.000000
1259	0.000000
1260	0.000000
1261	0.000000
1262	0.000000
1263	0.000000
1264	0.000000
1265	0.000000
1266	0.000000
1267	0.000000
1268	0.000000
1269	0.000000
1270	0.000000
1271	0.000000
1272	0.000000
1273	0.000000
1274	0.000000
1275	0.000000
1276	0.000000
1277	0.000000
1278	0.000000
1279	0.000000
1280	0.000000
1281	0.000000
1282	0.000000
1283	0.000000
1284	0.000000
1285	0.000000
1286	0.000000
1287	0.000000
1288	0.000000
1289	0.000000
1290	0.000000
1291	0.000000
1292	0.000000
1293	0.000000
1294	0.000000
1295	0.000000
1296	0.000000
1297	0.000000
1298	0.000000
1299	0.000000
1300	0.000000
1301	0.000000
1302	0.000000
1303	0.000000
1304	0.000000
1305	0.000000
1306	0.000000
1307	0.000000
1308	0.000000
1309	0.000000
1310	0.000000
1311	0.000000
1312	0.000000
1313	0.000000
1314	0.000000
1315	0.000000
1316	0.000000
1317	0.000000
1318	0.000000
1319	0.000000
1320	0.000000
1321	0.000000
1322	0.000000
1323	0.000000
1324	0.000000
1325	0.000000
1326	0.000000
1327	0.000000
1328	0.000000
1329	0.000000
1330	0.000000
1331	0.000000
1332	0.000000
1333	0.000000
1334	0.000000
1335	0.000000
1336	0.000000
1337	0.000000
1338	0.000000
1339	0.000000
1340	0.000000
1341	0.000000
1342	0.000000
1343	0.000000
1344	0.000000
1345	0.000000
1346	0.000000
1347	0.000000
1348	0.000000
1349	0.000000
1350	0.000000
1351	0.000000
1352	0.000000
1353	0.000000
1354	0.000000
1355	0.000000
1356	0.000000
1357	0.000000
1358	0.000000
1359	0.000000
1360	0.000000
1361	0.000000
1362	0.000000
1363	0.000000
1364	0.000000
1365	0.000000
1366	0.000000
1367	0.000000
1368	0.000000
1369	0.000000
1370	0.000000
1371	0.000000
1372	0.000000
1373	0.000000
1374	0.000000
1375	0.000000
1376	0.000000
1377	0.000000
1378	0.000000
1379	0.000000
1380	0.000000
1381	0.000000
1382	0.000000
1383	0.000000
1384	0.000000
1385	0.000000
1386	0.000000
1387	0.000000
1388	0.000000
1389	0.000000
1390	0.000000
1391	0.000000
1392	0.000000
1393	0.000000
1394	0.000000
1395	0.000000
1396	0.000000
1397	0.000000
1398	0.000000
1399	0.000000
1400	0.000000
1401	0.000000
1402	0.000000
1403	0.000000
1404	0.000000
1405	0.000000
1406	0.000000
1407	0.000000
1408	0.000000
1409	0.000000
1410	0.000000
1411	0.000000
1412	0.000000
1413	0.000000
1414	0.000000
1415	0.000000
1416	0.000000
1417	0.000000
1418	0.000000
1419	0.000000
1420	0.000000
1421	0.000000
1422	0.000000
1423	0.000000
1424	0.000000
1425	0.000000
1426	0.000000
1427	0.000000
1428	0.000000
1429	0.000000
1430	0.000000
1431	0.000000
1432	0.000000
1433	0.000000
1434	0.000000
1435	0.000000
1436	0.000000
1437	0.000000
1438	0.000000
1439	0.000000
1440	0.000000
1441	0.000000
1442	0.000000
1443	0.000000
1444	0.000000
1445	0.000000
1446	0.000000
1447	0.000000
1448	0.000000
1449	0.000000
1450	0.000000
1451	0.000000
1452	0.000000
1453	0.000000
1454	0.000000
1455	0.000000
1456	0.000000
1457	0.000000
1458	0.000000
1459	0.000000
1460	0.000000
1461	0.000000
1462	0.000000
1463	0.000000
1464	0.000000
1465	0.000000
1466	0.000000
1467	0.000000
1468	0.000000
1469	0.000000
1470	0.000000
1471	0.000000
1472	0.000000
1473	0.000000
1474	0.000000
1475	0.000000
1476	0.000000
1477	0.000000
1478	0.000000
1479	0.000000
1480	0.000000
1481	0.000000
1482	0.000000
1483	0.000000
1484	0.000000
1485	0.000000
1486	0.000000
1487	0.000000
1488	0.000000
1489	0.000000
1490	0.000000
1491	0.000000
1492	0.000000
1493	0.000000
1494	0.000000
1495	0.000000
1496	0.000000
1497	0.000000
1498	0.000000
1499	0.000000
1500	0.000000
1501	0.000000
1502	0.000000
1503	0.000000
1504	0.000000
1505	0.000000
1506	0.000000
1507	0.000000
1508	0.000000
1509	0.000000
1510	0.000000
1511	0.000000
1512	0.000000
1513	0.000000
1514	0.000000
1515	0.000000
1516	0.000000
1517	0.000000
1518	0.000000
1519	0.000000
1520	0.000000
1521	0.000000
1522	0.000000
1523	0.000000
1524	0.000000
1525	0.000000
1526	0.000000
1527	0.000000
1528	0.000000
1529	0.000000
1530	0.000000
1531	0.000000
1532	0.000000
1533	0.000000
1534	0.000000
1535	0.000000
1536	0.000000
1537	0.000000
1538	0.000000
1539	0.000000
1540	0.000000
1541	0.000000
1542	0.000000
1543	0.000000
1544	0.000000
1545	0.000000
1546	0.000000
1547	0.000000
1548	0.000000
1549	0.000000
1550	0.000000
1551	0.000000
1552	0.000000
1553	0.000000
1554	0.000000
1555	0.000000
1556	0.000000
1557	0.000000
1558	0.000000
1559	0.000000
1560	0.000000
1561	0.000000
1562	0.000000
1563	0.000000
1564	0.000000
1565	0.000000
1566	0.000000
1567	0.000000
1568	0.000000
1569	0.000000
1570	0.000000
1571	0.000000
1572	0.000000
1573	0.000000
1574	0.000000
1575	0.000000
1576	0.000000
1577	0.000000
1578	0.000000
1579	0.000000
1580	0.000000
1581	0.000000
1582	0.000000
1583	0.000000
1584	0.000000
1585	0.000000
1586	0.000000
1587	0.000000
1588	0.000000
1589	0.000000
1590	0.000000
1591	0.000000
1592	0.000000
1593	0.000000
1594	0.000000
1595	0.000000
1596	0.000000
1597	0.000000
1598	0.000000
1599	0.000000
1600	0.000000
1601	0.000000
1602	0.000000
1603	0.000000
1604	0.000000
1605	0.000000
1606	0.000000
1607	0.000000
1608	0.000000
1609	0.000000
1610	0.000000
1611	0.000000
1612	0.000000
1613	0.000000
1614	0.000000
1615	0.000000
1616	0.000000
1617	0.000000
1618	0.000000
1619	0.000000
1620	0.000000
1621	0.000000
1622	0.000000
1623	0.000000
1624	0.000000
1625	0.000000
1626	0.000000
1627	0.000000
1628	0.000000
1629	0.000000
1630	0.000000
1631	0.000000
1632	0.000000
1633	0.000000
1634	0.000000
1635	0.000000
1636	0.000000
1637	0.000000
1638	0.000000
1639	0.000000
1640	0.000000
1641	0.000000
1642	0.000000
1643	0.000000
1644	0.000000
1645	0.000000
1646	0.000000
1647	0.000000
1648	0.000000
1649	0.000000
1650	0.000000
1651	0.000000
1652	0.000000
1653	0.000000
1654	0.000000
1655	0.000000
1656	0.000000
1657	0.000000
1658	0.000000
1659	0.000000
1660	0.000000
1661	0.000000
1662	0.000000
1663	0.000000
1664	0.000000
1665	0.000000
1666	0.000000
1667	0.000000
1668	0.000000
1669	0.000000
1670	0.000000
1671	0.000001
1672	0.000001
1673	0.000001
1674	0.000002
1675	0.000003
1676	0.000004
1677	0.000006
1678	0.000009
1679	0.000014
1680	0.000020
1681	0.000029
1682	0.000042
1683	0.000062
1684	0.000090
1685	0.000132
1686	0.000192
1687	0.000281
1688	0.000410
1689	0.000599
1690	0.000874
1691	0.001275
1692	0.001859
1693	0.002709
1694	0.003942
1695	0.005728
1696	0.008306
1697	0.012009
1698	0.017288
1699	0.024742
1700	0.035117
1701	0.049281
1702	0.068115
1703	0.092311
1704	0.122064
1705	0.156765
1706	0.194856
1707	0.234017
1708	0.271698
1709	0.305744
1710	0.334820
1711	0.358490
1712	0.377023
1713	0.391093
1714	0.401525
1715	0.409119
1716	0.414568
1717	0.418433
1718	0.421145
1719	0.423029
1720	0.424320
1721	0.425192
1722	0.425766
1723	0.426132
1724	0.426349
1725	0.426463
1726	0.426505
1727	0.426495
1728	0.426449
1729	0.426378
1730	0.426289
1731	0.426188
1732	0.426078
1733	0.425962
1734	0.425842
1735	0.425718
1736	0.425593
1737	0.425466
1738	0.425337
1739	0.425209
1740	0.425079
1741	0.424949
1742	0.424819
1743	0.424689
1744	0.424558
1745	0.424428
1746	0.424297
1747	0.424166
1748	0.424035
1749	0.423905
1750	0.423774
1751	0.423643
1752	0.423512
1753	0.423381
1754	0.423249
1755	0.423118
1756	0.422987
1757	0.422856
1758	0.422725
1759	0.422593
1760	0.422462
1761	0.422331
1762	0.422199
1763	0.422068
1764	0.421936
1765	0.421805
1766	0.421673
1767	0.421542
1768	0.421410
1769	0.421279
1770	0.421147
1771	0.421015
1772	0.420884
1773	0.420752
1774	0.420620
1775	0.420488
1776	0.420356
1777	0.420224
1778	0.420093
1779	0.419961
1780	0.419829
1781	0.419697
1782	0.419565
1783	0.419433
1784	0.419300
1785	0.419168
1786	0.419036
1787	0.418904
1788	0.418772
1789	0.418639
1790	0.418507
1791	0.418375
1792	0.418242
1793	0.418110
1794	0.417978
1795	0.417845
1796	0.417713
1797	0.417580
1798	0.417448
1799	0.417315
1800	0.417182
1801	0.417050
1802	0.416917
1803	0.416784
1804	0.416652
1805	0.416519
1806	0.416386
1807	0.416253
1808	0.416120
1809	0.415987
1810	0.415855
1811	0.415722
1812	0.415589
1813	0.415456
1814	0.415323
1815	0.415189
1816	0.415056
1817	0.414923
1818	0.414790
1819	0.414657
1820	0.414524
1821	0.414390
1822	0.414257
1823	0.414124
1824	0.413990
1825	0.413857
1826	0.413724
1827	0.413590
1828	0.413457
1829	0.413323
1830	0.413190
1831	0.413056
1832	0.412923
1833	0.412789
1834	0.412655
1835	0.412522
1836	0.412388
1837	0.412254
1838	0.412121
1839	0.411987
1840	0.411853
1841	0.411719
1842	0.411585
1843	0.411451
1844	0.411317
1845	0.411183
1846	0.411050
1847	0.410915
1848	0.410781
1849	0.410647
1850	0.410513
1851	0.410379
1852	0.410245
1853	0.410111
1854	0.409977
1855	0.409842
1856	0.409708
1857	0.409574
1858	0.409440
1859	0.409305
1860	0.409171
1861	0.409036
1862	0.408902
1863	0.408767
1864	0.408633
1865	0.408498
1866	0.408364
1867	0.408229
1868	0.408095
1869	0.407960
1870	0.407825
1871	0.407691
1872	0.407556
1873	0.407421
1874	0.407287
1875	0.407152
1876	0.407017
1877	0.406882
1878	0.406747
1879	0.406612
1880	0.406477
1881	0.406343
1882	0.406208
1883	0.406073
1884	0.405937
1885	0.405802
1886	0.405667
1887	0.405532
1888	0.405397
1889	0.405262
1890	0.405127
1891	0.404992
1892	0.404856
1893	0.404721
1894	0.404586
1895	0.404450
1896	0.404315
1897	0.404180
1898	0.404044
1899	0.403909
1900	0.403773
1901	0.403638
1902	0.403502
1903	0.403367
1904	0.403231
1905	0.403096
1906	0.402960
1907	0.402825
1908	0.402689
1909	0.402553
1910	0.402417
1911	0.402282
1912	0.402146
1913	0.402010
1914	0.401874
1915	0.401739
1916	0.401603
1917	0.401467
1918	0.401331
1919	0.401195
1920	0.401059
1921	0.400923
1922	0.400787
1923	0.400651
1924	0.400515
1925	0.400379
1926	0.400243
1927	0.400107
1928	0.399970
1929	0.399834
1930	0.399698
1931	0.399562
1932	0.399425
1933	0.399289
1934	0.399153
1935	0.399017
1936	0.398880
1937	0.398744
1938	0.398607
1939	0.398471
1940	0.398335
1941	0.398198
1942	0.398062
1943	0.397925
1944	0.397788
1945	0.397652
1946	0.397515
1947	0.397379
1948	0.397242
1949	0.397105
1950	0.396969
1951	0.396832
1952	0.396695
1953	0.396558
1954	0.396422
1955	0.396285
1956	0.396148
1957	0.396011
1958	0.395874
1959	0.395737
1960	0.395600
1961	0.395463
1962	0.395326
1963	0.395189
1964	0.395052
1965	0.394915
1966	0.394778
1967	0.394641
1968	0.394504
1969	0.394367
1970	0.394230
1971	0.394093
1972	0.393955
1973	0.393818
1974	0.393681
1975	0.393544
1976	0.393406
1977	0.393269
1978	0.393132
1979	0.392994
1980	0.392857
1981	0.392719
1982	0.392582
1983	0.392445
1984	0.392307
1985	0.392170
1986	0.392032
1987	0.391894
1988	0.391757
1989	0.391619
1990	0.391482
1991	0.391344
1992	0.391206
1993	0.391069
1994	0.390931
1995	0.390793
1996	0.390655
1997	0.390518
1998	0.390380
1999	0.390242
2000	0.390104
2001	0.389966
2002	0.389828
2003	0.389691
2004	0.389553
2005	0.389415
2006	0.389277
2007	0.389139
2008	0.389001
2009	0.388863
2010	0.388725
2011	0.388587
2012	0.388448
2013	0.388310
2014	0.388172
2015	0.388034
2016	0.387896
2017	0.387758
2018	0.387619
2019	0.387481
2020	0.387343
2021	0.387205
2022	0.387066
2023	0.386928
2024	0.386789
2025	0.386651
2026	0.386513
2027	0.386374
2028	0.386236
2029	0.386097
2030	0.385959
2031	0.385820
2032	0.385682
2033	0.385543
2034	0.385405
2035	0.385266
2036	0.385128
2037	0.384989
2038	0.384850
2039	0.384712
2040	0.384573
2041	0.384434
2042	0.384295
2043	0.384157
2044	0.384018
2045	0.383879
2046	0.383740
2047	0.383601
2048	0.383463
2049	0.383324
2050	0.383185
2051	0.383046
2052	0.382907
2053	0.382768
2054	0.382629
2055	0.382490
2056	0.382351
2057	0.382212
2058	0.382073
2059	0.381934
2060	0.381795
2061	0.381656
2062	0.381516
2063	0.381377
2064	0.381238
2065	0.381099
2066	0.380960
2067	0.380820
2068	0.380681
2069	0.380542
2070	0.380403
2071	0.380263
2072	0.380124
2073	0.379984
2074	0.379845
2075	0.379706
2076	0.379566
2077	0.379427
2078	0.379287
2079	0.379148
2080	0.379008
2081	0.378869
2082	0.378729
2083	0.378590
2084	0.378450
2085	0.378311
2086	0.378171
2087	0.378031
2088	0.377892
2089	0.377752
2090	0.377612
2091	0.377473
2092	0.377333
2093	0.377193
2094	0.377053
2095	0.376914
2096	0.376774
2097	0.376634
2098	0.376494
2099	0.376354
2100	0.376214
2101	0.376074
2102	0.375935
2103	0.375795
2104	0.375655
2105	0.375515
2106	0.375375
2107	0.375235
2108	0.375095
2109	0.374955
2110	0.374815
2111	0.374674
2112	0.374534
2113	0.374394
2114	0.374254
2115	0.374114
2116	0.373974
2117	0.373834
2118	0.373693
2119	0.373553
2120	0.373413
2121	0.373273
2122	0.373132
2123	0.372992
2124	0.372852
2125	0.372711
2126	0.372571
2127	0.372430
2128	0.372290
2129	0.372150
2130	0.372009
2131	0.371869
2132	0.371728
2133	0.371588
2134	0.371447
2135	0.371307
2136	0.371166
2137	0.371026
2138	0.370885
2139	0.370744
2140	0.370604
2141	0.370463
2142	0.370323
2143	0.370182
2144	0.370041
2145	0.369901
2146	0.369760
2147	0.369619
2148	0.369478
2149	0.369338
2150	0.369197
2151	0.369056
2152	0.368915
2153	0.368774
2154	0.368633
2155	0.368492
2156	0.368352
2157	0.368211
2158	0.368070
2159	0.367929
2160	0.367788
2161	0.367647
2162	0.367506
2163	0.367365
2164	0.367224
2165	0.367083
2166	0.366942
2167	0.366801
2168	0.366659
2169	0.366518
2170	0.366377
2171	0.366236
2172	0.366095
2173	0.365954
2174	0.365812
2175	0.365671
2176	0.365530
2177	0.365389
2178	0.365247
2179	0.365106
2180	0.364965
2181	0.364823
2182	0.364682
2183	0.364541
2184	0.364399
2185	0.364258
2186	0.364117
2187	0.363975
2188	0.363834
2189	0.363692
2190	0.363551
2191	0.363409
2192	0.363268
2193	0.363126
2194	0.362985
2195	0.362843
2196	0.362702
2197	0.362560
2198	0.362418
2199	0.362277
2200	0.362135
2201	0.361993
2202	0.361852
2203	0.361710
2204	0.361568
2205	0.361427
2206	0.361285
2207	0.361143
2208	0.361001
2209	0.360860
2210	0.360718
2211	0.360576
2212	0.360434
2213	0.360292
2214	0.360150
2215	0.360008
2216	0.359867
2217	0.359725
2218	0.359583
2219	0.359441
2220	0.359299
2221	0.359157
2222	0.359015
2223	0.358873
2224	0.358731
2225	0.358589
2226	0.358447
2227	0.358305
2228	0.358162
2229	0.358020
2230	0.357878
2231	0.357736
2232	0.357594
2233	0.357452
2234	0.357310
2235	0.357167
2236	0.357025
2237	0.356883
2238	0.356741
2239	0.356598
2240	0.356456
2241	0.356314
2242	0.356171
2243	0.356029
2244	0.355887
2245	0.355744
2246	0.355602
2247	0.355460
2248	0.355317
2249	0.355175
2250	0.355032
2251	0.354890
2252	0.354747
2253	0.354605
2254	0.354462
2255	0.354320
2256	0.354177
2257	0.354035
2258	0.353892
2259	0.353750
2260	0.353607
2261	0.353465
2262	0.353322
2263	0.353179
2264	0.353037
2265	0.352894
2266	0.352751
2267	0.352609
2268	0.352466
2269	0.352323
2270	0.352180
2271	0.352038
2272	0.351895
2273	0.351752
2274	0.351609
2275	0.351466
2276	0.351324
2277	0.351181
2278	0.351038
2279	0.350895
2280	0.350752
2281	0.350609
2282	0.350466
2283	0.350323
2284	0.350180
2285	0.350037
2286	0.349894
2287	0.349751
2288	0.349608
2289	0.349465
2290	0.349322
2291	0.349179
2292	0.349036
2293	0.348893
2294	0.348750
2295	0.348607
2296	0.348464
2297	0.348321
2298	0.348178
2299	0.348034
2300	0.347891
2301	0.347748
2302	0.347605
2303	0.347462
2304	0.347318
2305	0.347175
2306	0.347032
2307	0.346889
2308	0.346745
2309	0.346602
2310	0.346459
2311	0.346315
2312	0.346172
2313	0.346029
2314	0.345885
2315	0.345742
2316	0.345598
2317	0.345455
2318	0.345312
2319	0.345168
2320	0.345025
2321	0.344881
2322	0.344738
2323	0.344594
2324	0.344451
2325	0.344307
2326	0.344164
2327	0.344020
2328	0.343876
2329	0.343733
2330	0.343589
2331	0.343446
2332	0.343302
2333	0.343158
2334	0.343015
2335	0.342871
2336	0.342727
2337	0.342584
2338	0.342440
2339	0.342296
2340	0.342152
2341	0.342009
2342	0.341865
2343	0.341721
2344	0.341577
2345	0.341434
2346	0.341290
2347	0.341146
2348	0.341002
2349	0.340858
2350	0.340714
2351	0.340570
2352	0.340426
2353	0.340283
2354	0.340139
2355	0.339995
2356	0.339851
2357	0.339707
2358	0.339563
2359	0.339419
2360	0.339275
2361	0.339131
2362	0.338987
2363	0.338843
2364	0.338699
2365	0.338554
2366	0.338410
2367	0.338266
2368	0.338122
2369	0.337978
2370	0.337834
2371	0.337690
2372	0.337546
2373	0.337401
2374	0.337257
2375	0.337113
2376	0.336969
2377	0.336825
2378	0.336680
2379	0.336536
2380	0.336392
2381	0.336247
2382	0.336103
2383	0.335959
2384	0.335815
2385	0.335670
2386	0.335526
2387	0.335381
2388	0.335237
2389	0.335093
2390	0.334948
2391	0.334804
2392	0.334659
2393	0.334515
2394	0.334371
2395	0.334226
2396	0.334082
2397	0.333937
2398	0.333793
2399	0.333648
2400	0.333504
2401	0.333359
2402	0.333214
2403	0.333070
2404	0.332925
2405	0.332781
2406	0.332636
2407	0.332491
2408	0.332347
2409	0.332202
2410	0.332058
2411	0.331913
2412	0.331768
2413	0.331624
2414	0.331479
2415	0.331334
2416	0.331189
2417	0.331045
2418	0.330900
2419	0.330755
2420	0.330610
2421	0.330466
2422	0.330321
2423	0.330176
2424	0.330031
2425	0.329886
2426	0.329741
2427	0.329596
2428	0.329452
2429	0.329307
2430	0.329162
2431	0.329017
2432	0.328872
2433	0.328727
2434	0.328582
2435	0.328437
2436	0.328292
2437	0.328147
2438	0.328002
2439	0.327857
2440	0.327712
2441	0.327567
2442	0.327422
2443	0.327277
2444	0.327132
2445	0.326987
2446	0.326842
2447	0.326697
2448	0.326551
2449	0.326406
2450	0.326261
2451	0.326116
2452	0.325971
2453	0.325826
2454	0.325680
2455	0.325535
2456	0.325390
2457	0.325245
2458	0.325100
2459	0.324954
2460	0.324809
2461	0.324664
2462	0.324519
2463	0.324373
2464	0.324228
2465	0.324083
2466	0.323937
2467	0.323792
2468	0.323647
2469	0.323501
2470	0.323356
2471	0.323210
2472	0.323065
2473	0.322920
2474	0.322774
2475	0.322629
2476	0.322483
2477	0.322338
2478	0.322192
2479	0.322047
2480	0.321901
2481	0.321756
2482	0.321610
2483	0.321465
2484	0.321319
2485	0.321174
2486	0.321028
2487	0.320883
2488	0.320737
2489	0.320591
2490	0.320446
2491	0.320300
2492	0.320155
2493	0.320009
2494	0.319863
2495	0.319718
2496	0.319572
2497	0.319426
2498	0.319280
2499	0.319135
2500	0.318989
2501	0.318843
2502	0.318698
2503	0.318552
2504	0.318406
2505	0.318260
2506	0.318114
2507	0.317969
2508	0.317823
2509	0.317677
2510	0.317531
2511	0.317385
2512	0.317239
2513	0.317094
2514	0.316948
2515	0.316802
2516	0.316656
2517	0.316510
2518	0.316364
2519	0.316218
2520	0.316072
2521	0.315926
2522	0.315780
2523	0.315634
2524	0.315488
2525	0.315342
2526	0.315196
2527	0.315050
2528	0.314904
2529	0.314758
2530	0.314612
2531	0.314466
2532	0.314320
2533	0.314174
2534	0.314028
2535	0.313882
2536	0.313736
2537	0.313589
2538	0.313443
2539	0.313297
2540	0.313151
2541	0.313005
2542	0.312859
2543	0.312712
2544	0.312566
2545	0.312420
2546	0.312274
2547	0.312128
2548	0.311981
2549	0.311835
2550	0.311689
2551	0.311543
2552	0.311396
2553	0.311250
2554	0.311104
2555	0.310957
2556	0.310811
2557	0.310665
2558	0.310518
2559	0.310372
2560	0.310226
2561	0.310079
2562	0.309933
2563	0.309786
2564	0.309640
2565	0.309494
2566	0.309347
2567	0.309201
2568	0.309054
2569	0.308908
2570	0.308761
2571	0.308615
2572	0.308468
2573	0.308322
2574	0.308175
2575	0.308029
2576	0.307882
2577	0.307736
2578	0.307589
2579	0.307442
2580	0.307296
2581	0.307149
2582	0.307003
2583	0.306856
2584	0.306709
2585	0.306563
2586	0.306416
2587	0.306270
2588	0.306123
2589	0.305976
2590	0.305830
2591	0.305683
2592	0.305536
2593	0.305389
2594	0.305243
2595	0.305096
2596	0.304949
2597	0.304802
2598	0.304656
2599	0.304509
2600	0.304362
2601	0.304215
2602	0.304069
2603	0.303922
2604	0.303775
2605	0.303628
2606	0.303481
2607	0.303334
2608	0.303188
2609	0.303041
2610	0.302894
2611	0.302747
2612	0.302600
2613	0.302453
2614	0.302306
2615	0.302159
2616	0.302012
2617	0.301865
2618	0.301718
2619	0.301571
2620	0.301424
2621	0.301277
2622	0.301130
2623	0.300983
2624	0.300836
2625	0.300689
2626	0.300542
2627	0.300395
2628	0.300248
2629	0.300101
2630	0.299954
2631	0.299807
2632	0.299660
2633	0.299513
2634	0.299366
2635	0.299219
2636	0.299071
2637	0.298924
2638	0.298777
2639	0.298630
2640	0.298483
2641	0.298336
2642	0.298188
2643	0.298041
2644	0.297894
2645	0.297747
2646	0.297599
2647	0.297452
2648	0.297305
2649	0.297158
2650	0.297010
2651	0.296863
2652	0.296716
2653	0.296569
2654	0.296421
2655	0.296274
2656	0.296127
2657	0.295979
2658	0.295832
2659	0.295685
2660	0.295537
2661	0.295390
2662	0.295243
2663	0.295095
2664	0.294948
2665	0.294800
2666	0.294653
2667	0.294505
2668	0.294358
2669	0.294211
2670	0.294063
2671	0.293916
2672	0.293768
2673	0.293621
2674	0.293473
2675	0.293326
2676	0.293178
2677	0.293031
2678	0.292883
2679	0.292736
2680	0.292588
2681	0.292441
2682	0.292293
2683	0.292145
2684	0.291998
2685	0.291850
2686	0.291703
2687	0.291555
2688	0.291407
2689	0.291260
2690	0.291112
2691	0.290964
2692	0.290817
2693	0.290669
2694	0.290521
2695	0.290374
2696	0.290226
2697	0.290078
2698	0.289931
2699	0.289783
2700	0.289635
2701	0.289487
2702	0.289340
2703	0.289192
2704	0.289044
2705	0.288896
2706	0.288749
2707	0.288601
2708	0.288453
2709	0.288305
2710	0.288157
2711	0.288010
2712	0.287862
2713	0.287714
2714	0.287566
2715	0.287418
2716	0.287270
2717	0.287122
2718	0.286975
2719	0.286827
2720	0.286679
2721	0.286531
2722	0.286383
2723	0.286235
2724	0.286087
2725	0.285939
2726	0.285791
2727	0.285643
2728	0.285495
2729	0.285347
2730	0.285199
2731	0.285051
2732	0.284903
2733	0.284755
2734	0.284607
2735	0.284459
2736	0.284311
2737	0.284163
2738	0.284015
2739	0.283867
2740	0.283719
2741	0.283571
2742	0.283423
2743	0.283275
2744	0.283126
2745	0.282978
2746	0.282830
2747	0.282682
2748	0.282534
2749	0.282386
2750	0.282238
2751	0.282089
2752	0.281941
2753	0.281793
2754	0.281645
2755	0.281497
2756	0.281348
2757	0.281200
2758	0.281052
2759	0.280904
2760	0.280756
2761	0.280607
2762	0.280459
2763	0.280311
2764	0.280162
2765	0.280014
2766	0.279866
2767	0.279718
2768	0.279569
2769	0.279421
2770	0.279273
2771	0.279124
2772	0.278976
2773	0.278828
2774	0.278679
2775	0.278531
2776	0.278382
2777	0.278234
2778	0.278086
2779	0.277937
2780	0.277789
2781	0.277640
2782	0.277492
2783	0.277344
2784	0.277195
2785	0.277047
2786	0.276898
2787	0.276750
2788	0.276601
2789	0.276453
2790	0.276304
2791	0.276156
2792	0.276007
2793	0.275859
2794	0.275710
2795	0.275562
2796	0.275413
2797	0.275265
2798	0.275116
2799	0.274968
2800	0.274819
2801	0.274670
2802	0.274522
2803	0.274373
2804	0.274225
2805	0.274076
2806	0.273927
2807	0.273779
2808	0.273630
2809	0.273481
2810	0.273333
2811	0.273184
2812	0.273035
2813	0.272887
2814	0.272738
2815	0.272589
2816	0.272441
2817	0.272292
2818	0.272143
2819	0.271995
2820	0.271846
2821	0.271697
2822	0.271548
2823	0.271400
2824	0.271251
2825	0.271102
2826	0.270953
2827	0.270804
2828	0.270656
2829	0.270507
2830	0.270358
2831	0.270209
2832	0.270060
2833	0.269912
2834	0.269763
2835	0.269614
2836	0.269465
2837	0.269316
2838	0.269167
2839	0.269018
2840	0.268870
2841	0.268721
2842	0.268572
2843	0.268423
2844	0.268274
2845	0.268125
2846	0.267976
2847	0.267827
2848	0.267678
2849	0.267529
2850	0.267380
2851	0.267231
2852	0.267082
2853	0.266933
2854	0.266784
2855	0.266635
2856	0.266486
2857	0.266337
2858	0.266188
2859	0.266039
2860	0.265890
2861	0.265741
2862	0.265592
2863	0.265443
2864	0.265294
2865	0.265145
2866	0.264996
2867	0.264847
2868	0.264698
2869	0.264549
2870	0.264399
2871	0.264250
2872	0.264101
2873	0.263952
2874	0.263803
2875	0.263654
2876	0.263505
2877	0.263355
2878	0.263206
2879	0.263057
2880	0.262908
2881	0.262759
2882	0.262610
2883	0.262460
2884	0.262311
2885	0.262162
2886	0.262013
2887	0.261863
2888	0.261714
2889	0.261565
2890	0.261416
2891	0.261266
2892	0.261117
2893	0.260968
2894	0.260819
2895	0.260669
2896	0.260520
2897	0.260371
2898	0.260221
2899	0.260072
2900	0.259923
2901	0.259773
2902	0.259624
2903	0.259475
2904	0.259325
2905	0.259176
2906	0.259027
2907	0.258877
2908	0.258728
2909	0.258578
2910	0.258429
2911	0.258280
2912	0.258130
2913	0.257981
2914	0.257831
2915	0.257682
2916	0.257532
2917	0.257383
2918	0.257233
2919	0.257084
2920	0.256935
2921	0.256785
2922	0.256636
2923	0.256486
2924	0.256337
2925	0.256187
2926	0.256038
2927	0.255888
2928	0.255739
2929	0.255589
2930	0.255439
2931	0.255290
2932	0.255140
2933	0.254991
2934	0.254841
2935	0.254692
2936	0.254542
2937	0.254392
2938	0.254243
2939	0.254093
2940	0.253944
2941	0.253794
2942	0.253644
2943	0.253495
2944	0.253345
2945	0.253195
2946	0.253046
2947	0.252896
2948	0.252746
2949	0.252597
2950	0.252447
2951	0.252297
2952	0.252148
2953	0.251998
2954	0.251848
2955	0.251699
2956	0.251549
2957	0.251399
2958	0.251249
2959	0.251100
2960	0.250950
2961	0.250800
2962	0.250650
2963	0.250501
2964	0.250351
2965	0.250201
2966	0.250051
2967	0.249902
2968	0.249752
2969	0.249602
2970	0.249452
2971	0.249302
2972	0.249152
2973	0.249003
2974	0.248853
2975	0.248703
2976	0.248553
2977	0.248403
2978	0.248253
2979	0.248103
2980	0.247954
2981	0.247804
2982	0.247654
2983	0.247504
2984	0.247354
2985	0.247204
2986	0.247054
2987	0.246904
2988	0.246754
2989	0.246604
2990	0.246454
2991	0.246304
2992	0.246154
2993	0.246005
2994	0.245855
2995	0.245705
2996	0.245555
2997	0.245405
2998	0.245255
2999	0.245105
3000	0.244955
3001	0.244805
3002	0.244655
3003	0.244505
3004	0.244354
3005	0.244204
3006	0.244054
3007	0.243904
3008	0.243754
3009	0.243604
3010	0.243454
3011	0.243304
3012	0.243154
3013	0.243004
3014	0.242854
3015	0.242704
3016	0.242554
3017	0.242403
3018	0.242253
3019	0.242103
3020	0.241953
3021	0.241803
3022	0.241653
3023	0.241503
3024	0.241352
3025	0.241202
3026	0.241052
3027	0.240902
3028	0.240752
3029	0.240601
3030	0.240451
3031	0.240301
3032	0.240151
3033	0.240001
3034	0.239850
3035	0.239700
3036	0.239550
3037	0.239400
3038	0.239249
3039	0.239099
3040	0.238949
3041	0.238799
3042	0.238648
3043	0.238498
3044	0.238348
3045	0.238198
3046	0.238047
3047	0.237897
3048	0.237747
3049	0.237596
3050	0.237446
3051	0.237296
3052	0.237145
3053	0.236995
3054	0.236845
3055	0.236694
3056	0.236544
3057	0.236393
3058	0.236243
3059	0.236093
3060	0.235942
3061	0.235792
3062	0.235642
3063	0.235491
3064	0.235341
3065	0.235190
3066	0.235040
3067	0.234889
3068	0.234739
3069	0.234589
3070	0.234438
3071	0.234288
3072	0.234137
3073	0.233987
3074	0.233836
3075	0.233686
3076	0.233535
3077	0.233385
3078	0.233234
3079	0.233084
3080	0.232933
3081	0.232783
3082	0.232632
3083	0.232482
3084	0.232331
3085	0.232181
3086	0.232030
3087	0.231880
3088	0.231729
3089	0.231579
3090	0.231428
3091	0.231277
3092	0.231127
3093	0.230976
3094	0.230826
3095	0.230675
3096	0.230524
3097	0.230374
3098	0.230223
3099	0.230073
3100	0.229922
3101	0.229771
3102	0.229621
3103	0.229470
3104	0.229319
3105	0.229169
3106	0.229018
3107	0.228867
3108	0.228717
3109	0.228566
3110	0.228415
3111	0.228265
3112	0.228114
3113	0.227963
3114	0.227813
3115	0.227662
3116	0.227511
3117	0.227361
3118	0.227210
3119	0.227059
3120	0.226908
3121	0.226758
3122	0.226607
3123	0.226456
3124	0.226305
3125	0.226155
3126	0.226004
3127	0.225853
3128	0.225702
3129	0.225551
3130	0.225401
3131	0.225250
3132	0.225099
3133	0.224948
3134	0.224797
3135	0.224647
3136	0.224496
3137	0.224345
3138	0.224194
3139	0.224043
3140	0.223892
3141	0.223742
3142	0.223591
3143	0.223440
3144	0.223289
3145	0.223138
3146	0.222987
3147	0.222836
3148	0.222685
3149	0.222535
3150	0.222384
3151	0.222233
3152	0.222082
3153	0.221931
3154	0.221780
3155	0.221629
3156	0.221478
3157	0.221327
3158	0.221176
3159	0.221025
3160	0.220874
3161	0.220723
3162	0.220572
3163	0.220421
3164	0.220270
3165	0.220119
3166	0.219968
3167	0.219817
3168	0.219666
3169	0.219515
3170	0.219364
3171	0.219213
3172	0.219062
3173	0.218911
3174	0.218760
3175	0.218609
3176	0.218458
3177	0.218307
3178	0.218156
3179	0.218005
3180	0.217854
3181	0.217703
3182	0.217552
3183	0.217401
3184	0.217250
3185	0.217099
3186	0.216947
3187	0.216796
3188	0.216645
3189	0.216494
3190	0.216343
3191	0.216192
3192	0.216041
3193	0.215890
3194	0.215738
3195	0.215587
3196	0.215436
3197	0.215285
3198	0.215134
3199	0.214983
3200	0.214832
3201	0.214680
3202	0.214529
3203	0.214378
3204	0.214227
3205	0.214076
3206	0.213924
3207	0.213773
3208	0.213622
3209	0.213471
3210	0.213320
3211	0.213168
3212	0.213017
3213	0.212866
3214	0.212715
3215	0.212563
3216	0.212412
3217	0.212261
3218	0.212110
3219	0.211958
3220	0.211807
3221	0.211656
3222	0.211504
3223	0.211353
3224	0.211202
3225	0.211051
3226	0.210899
3227	0.210748
3228	0.210597
3229	0.210445
3230	0.210294
3231	0.210143
3232	0.209991
3233	0.209840
3234	0.209689
3235	0.209537
3236	0.209386
3237	0.209235
3238	0.209083
3239	0.208932
3240	0.208780
3241	0.208629
3242	0.208478
3243	0.208326
3244	0.208175
3245	0.208023
3246	0.207872
3247	0.207721
3248	0.207569
3249	0.207418
3250	0.207266
3251	0.207115
3252	0.206964
3253	0.206812
3254	0.206661
3255	0.206509
3256	0.206358
3257	0.206206
3258	0.206055
3259	0.205903
3260	0.205752
3261	0.205600
3262	0.205449
3263	0.205297
3264	0.205146
3265	0.204994
3266	0.204843
3267	0.204691
3268	0.204540
3269	0.204388
3270	0.204237
3271	0.204085
3272	0.203934
3273	0.203782
3274	0.203631
3275	0.203479
3276	0.203328
3277	0.203176
3278	0.203025
3279	0.202873
3280	0.202721
3281	0.202570
3282	0.202418
3283	0.202267
3284	0.202115
3285	0.201963
3286	0.201812
3287	0.201660
3288	0.201509
3289	0.201357
3290	0.201205
3291	0.201054
3292	0.200902
3293	0.200751
3294	0.200599
3295	0.200447
3296	0.200296
3297	0.200144
3298	0.199992
3299	0.199841
3300	0.199689
3301	0.199537
3302	0.199386
3303	0.199234
3304	0.199082
3305	0.198931
3306	0.198779
3307	0.198627
3308	0.198476
3309	0.198324
3310	0.198172
3311	0.198020
3312	0.197869
3313	0.197717
3314	0.197565
3315	0.197413
3316	0.197262
3317	0.197110
3318	0.196958
3319	0.196806
3320	0.196655
3321	0.196503
3322	0.196351
3323	0.196199
3324	0.196048
3325	0.195896
3326	0.195744
3327	0.195592
3328	0.195441
3329	0.195289
3330	0.195137
3331	0.194985
3332	0.194833
3333	0.194681
3334	0.194530
3335	0.194378
3336	0.194226
3337	0.194074
3338	0.193922
3339	0.193770
3340	0.193619
3341	0.193467
3342	0.193315
3343	0.193163
3344	0.193011
3345	0.192859
3346	0.192707
3347	0.192556
3348	0.192404
3349	0.192252
3350	0.192100
3351	0.191948
3352	0.191796
3353	0.191644
3354	0.191492
3355	0.191340
3356	0.191188
3357	0.191037
3358	0.190885
3359	0.190733
3360	0.190581
3361	0.190429
3362	0.190277
3363	0.190125
3364	0.189973
3365	0.189821
3366	0.189669
3367	0.189517
3368	0.189365
3369	0.189213
3370	0.189061
3371	0.188909
3372	0.188757
3373	0.188605
3374	0.188453
3375	0.188301
3376	0.188149
3377	0.187997
3378	0.187845
3379	0.187693
3380	0.187541
3381	0.187389
3382	0.187237
3383	0.187085
3384	0.186933
3385	0.186781
3386	0.186629
3387	0.186477
3388	0.186325
3389	0.186173
3390	0.186021
3391	0.185869
3392	0.185717
3393	0.185564
3394	0.185412
3395	0.185260
3396	0.185108
3397	0.184956
3398	0.184804
3399	0.184652
3400	0.184500
3401	0.184348
3402	0.184196
3403	0.184043
3404	0.183891
3405	0.183739
3406	0.183587
3407	0.183435
3408	0.183283
3409	0.183131
3410	0.182979
3411	0.182826
3412	0.182674
3413	0.182522
3414	0.182370
3415	0.182218
3416	0.182066
3417	0.181913
3418	0.181761
3419	0.181609
3420	0.181457
3421	0.181305
3422	0.181152
3423	0.181000
3424	0.180848
3425	0.180696
3426	0.180544
3427	0.180391
3428	0.180239
3429	0.180087
3430	0.179935
3431	0.179782
3432	0.179630
3433	0.179478
3434	0.179326
3435	0.179174
3436	0.179021
3437	0.178869
3438	0.178717
3439	0.178564
3440	0.178412
3441	0.178260
3442	0.178108
3443	0.177955
3444	0.177803
3445	0.177651
3446	0.177499
3447	0.177346
3448	0.177194
3449	0.177042
3450	0.176889
3451	0.176737
3452	0.176585
3453	0.176432
3454	0.176280
3455	0.176128
3456	0.175975
3457	0.175823
3458	0.175671
3459	0.175518
3460	0.175366
3461	0.175214
3462	0.175061
3463	0.174909
3464	0.174757
3465	0.174604
3466	0.174452
3467	0.174299
3468	0.174147
3469	0.173995
3470	0.173842
3471	0.173690
3472	0.173538
3473	0.173385
3474	0.173233
3475	0.173080
3476	0.172928
3477	0.172776
3478	0.172623
3479	0.172471
3480	0.172318
3481	0.172166
3482	0.172013
3483	0.171861
3484	0.171709
3485	0.171556
3486	0.171404
3487	0.171251
3488	0.171099
3489	0.170946
3490	0.170794
3491	0.170641
3492	0.170489
3493	0.170336
3494	0.170184
3495	0.170031
3496	0.169879
3497	0.169726
3498	0.169574
3499	0.169421
3500	0.169269
3501	0.169116
3502	0.168964
3503	0.168811
3504	0.168659
3505	0.168506
3506	0.168354
3507	0.168201
3508	0.168049
3509	0.167896
3510	0.167744
3511	0.167591
3512	0.167439
3513	0.167286
3514	0.167134
3515	0.166981
3516	0.166828
3517	0.166676
3518	0.166523
3519	0.166371
3520	0.166218
3521	0.166066
3522	0.165913
3523	0.165760
3524	0.165608
3525	0.165455
3526	0.165303
3527	0.165150
3528	0.164997
3529	0.164845
3530	0.164692
3531	0.164540
3532	0.164387
3533	0.164234
3534	0.164082
3535	0.163929
3536	0.163777
3537	0.163624
3538	0.163471
3539	0.163319
3540	0.163166
3541	0.163013
3542	0.162861
3543	0.162708
3544	0.162555
3545	0.162403
3546	0.162250
3547	0.162097
3548	0.161945
3549	0.161792
3550	0.161639
3551	0.161487
3552	0.161334
3553	0.161181
3554	0.161029
3555	0.160876
3556	0.160723
3557	0.160570
3558	0.160418
3559	0.160265
3560	0.160112
3561	0.159960
3562	0.159807
3563	0.159654
3564	0.159501
3565	0.159349
3566	0.159196
3567	0.159043
3568	0.158890
3569	0.158738
3570	0.158585
3571	0.158432
3572	0.158279
3573	0.158127
3574	0.157974
3575	0.157821
3576	0.157668
3577	0.157516
3578	0.157363
3579	0.157210
3580	0.157057
3581	0.156905
3582	0.156752
3583	0.156599
3584	0.156446
3585	0.156293
3586	0.156141
3587	0.155988
3588	0.155835
3589	0.155682
3590	0.155529
3591	0.155376
3592	0.155224
3593	0.155071
3594	0.154918
3595	0.154765
3596	0.154612
3597	0.154459
3598	0.154307
3599	0.154154
3600	0.154001
3601	0.153848
3602	0.153695
3603	0.153542
3604	0.153389
3605	0.153237
3606	0.153084
3607	0.152931
3608	0.152778
3609	0.152625
3610	0.152472
3611	0.152319
3612	0.152166
3613	0.152014
3614	0.151861
3615	0.151708
3616	0.151555
3617	0.151402
3618	0.151249
3619	0.151096
3620	0.150943
3621	0.150790
3622	0.150637
3623	0.150484
3624	0.150332
3625	0.150179
3626	0.150026
3627	0.149873
3628	0.149720
3629	0.149567
3630	0.149414
3631	0.149261
3632	0.149108
3633	0.148955
3634	0.148802
3635	0.148649
3636	0.148496
3637	0.148343
3638	0.148190
3639	0.148037
3640	0.147884
3641	0.147731
3642	0.147578
3643	0.147425
3644	0.147272
3645	0.147119
3646	0.146966
3647	0.146813
3648	0.146660
3649	0.146507
3650	0.146354
3651	0.146201
3652	0.146048
3653	0.145895
3654	0.145742
3655	0.145589
3656	0.145436
3657	0.145283
3658	0.145130
3659	0.144977
3660	0.144824
3661	0.144671
3662	0.144518
3663	0.144365
3664	0.144212
3665	0.144059
3666	0.143906
3667	0.143753
3668	0.143600
3669	0.143447
3670	0.143293
3671	0.143140
3672	0.142987
3673	0.142834
3674	0.142681
3675	0.142528
3676	0.142375
3677	0.142222
3678	0.142069
3679	0.141916
3680	0.141763
3681	0.141609
3682	0.141456
3683	0.141303
3684	0.141150
3685	0.140997
3686	0.140844
3687	0.140691
3688	0.140538
3689	0.140385
3690	0.140231
3691	0.140078
3692	0.139925
3693	0.139772
3694	0.139619
3695	0.139466
3696	0.139313
3697	0.139159
3698	0.139006
3699	0.138853
3700	0.138700
3701	0.138547
3702	0.138394
3703	0.138240
3704	0.138087
3705	0.137934
3706	0.137781
3707	0.137628
3708	0.137475
3709	0.137321
3710	0.137168
3711	0.137015
3712	0.136862
3713	0.136709
3714	0.136555
3715	0.136402
3716	0.136249
3717	0.136096
3718	0.135943
3719	0.135789
3720	0.135636
3721	0.135483
3722	0.135330
3723	0.135177
3724	0.135023
3725	0.134870
3726	0.134717
3727	0.134564
3728	0.134410
3729	0.134257
3730	0.134104
3731	0.133951
3732	0.133797
3733	0.133644
3734	0.133491
3735	0.133338
3736	0.133184
3737	0.133031
3738	0.132878
3739	0.132725
3740	0.132571
3741	0.132418
3742	0.132265
3743	0.132111
3744	0.131958
3745	0.131805
3746	0.131652
3747	0.131498
3748	0.131345
3749	0.131192
3750	0.131038
3751	0.130885
3752	0.130732
3753	0.130578
3754	0.130425
3755	0.130272
3756	0.130119
3757	0.129965
3758	0.129812
3759	0.129659
3760	0.129505
3761	0.129352
3762	0.129199
3763	0.129045
3764	0.128892
3765	0.128739
3766	0.128585
3767	0.128432
3768	0.128279
3769	0.128125
3770	0.127972
3771	0.127818
3772	0.127665
3773	0.127512
3774	0.127358
3775	0.127205
3776	0.127052
3777	0.126898
3778	0.126745
3779	0.126592
3780	0.126438
3781	0.126285
3782	0.126131
3783	0.125978
3784	0.125825
3785	0.125671
3786	0.125518
3787	0.125364
3788	0.125211
3789	0.125058
3790	0.124904
3791	0.124751
3792	0.124597
3793	0.124444
3794	0.124291
3795	0.124137
3796	0.123984
3797	0.123830
3798	0.123677
3799	0.123523
3800	0.123370
3801	0.123217
3802	0.123063
3803	0.122910
3804	0.122756
3805	0.122603
3806	0.122449
3807	0.122296
3808	0.122143
3809	0.121989
3810	0.121836
3811	0.121682
3812	0.121529
3813	0.121375
3814	0.121222
3815	0.121068
3816	0.120915
3817	0.120761
3818	0.120608
3819	0.120454
3820	0.120301
3821	0.120147
3822	0.119994
3823	0.119840
3824	0.119687
3825	0.119533
3826	0.119380
3827	0.119226
3828	0.119073
3829	0.118919
3830	0.118766
3831	0.118612
3832	0.118459
3833	0.118305
3834	0.118152
3835	0.117998
3836	0.117845
3837	0.117691
3838	0.117538
3839	0.117384
3840	0.117231
3841	0.117077
3842	0.116924
3843	0.116770
3844	0.116617
3845	0.116463
3846	0.116310
3847	0.116156
3848	0.116002
3849	0.115849
3850	0.115695
3851	0.115542
3852	0.115388
3853	0.115235
3854	0.115081
3855	0.114928
3856	0.114774
3857	0.114620
3858	0.114467
3859	0.114313
3860	0.114160
3861	0.114006
3862	0.113853
3863	0.113699
3864	0.113545
3865	0.113392
3866	0.113238
3867	0.113085
3868	0.112931
3869	0.112777
3870	0.112624
3871	0.112470
3872	0.112317
3873	0.112163
3874	0.112009
3875	0.111856
3876	0.111702
3877	0.111549
3878	0.111395
3879	0.111241
3880	0.111088
3881	0.110934
3882	0.110780
3883	0.110627
3884	0.110473
3885	0.110320
3886	0.110166
3887	0.110012
3888	0.109859
3889	0.109705
3890	0.109551
3891	0.109398
3892	0.109244
3893	0.109090
3894	0.108937
3895	0.108783
3896	0.108630
3897	0.108476
3898	0.108322
3899	0.108169
3900	0.108015
3901	0.107861
3902	0.107708
3903	0.107554
3904	0.107400
3905	0.107247
3906	0.107093
3907	0.106939
3908	0.106785
3909	0.106632
3910	0.106478
3911	0.106324
3912	0.106171
3913	0.106017
3914	0.105863
3915	0.105710
3916	0.105556
3917	0.105402
3918	0.105249
3919	0.105095
3920	0.104941
3921	0.104787
3922	0.104634
3923	0.104480
3924	0.104326
3925	0.104173
3926	0.104019
3927	0.103865
3928	0.103711
3929	0.103558
3930	0.103404
3931	0.103250
3932	0.103096
3933	0.102943
3934	0.102789
3935	0.102635
3936	0.102482
3937	0.102328
3938	0.102174
3939	0.102020
3940	0.101867
3941	0.101713
3942	0.101559
3943	0.101405
3944	0.101252
3945	0.101098
3946	0.100944
3947	0.100790
3948	0.100637
3949	0.100483
3950	0.100329
3951	0.100175
3952	0.100021
3953	0.099868
3954	0.099714
3955	0.099560
3956	0.099406
3957	0.099253
3958	0.099099
3959	0.098945
3960	0.098791
3961	0.098637
3962	0.098484
3963	0.098330
3964	0.098176
3965	0.098022
3966	0.097868
3967	0.097715
3968	0.097561
3969	0.097407
3970	0.097253
3971	0.097099
3972	0.096946
3973	0.096792
3974	0.096638
3975	0.096484
3976	0.096330
3977	0.096177
3978	0.096023
3979	0.095869
3980	0.095715
3981	0.095561
3982	0.095407
3983	0.095253
3984	0.095098
3985	0.094943
3986	0.094786
3987	0.094626
3988	0.094460
3989	0.094283
3990	0.094082
3991	0.093837
3992	0.093503
3993	0.092993
3994	0.092137
3995	0.090597
3996	0.087697
3997	0.082078
3998	0.070939
3999	0.048264
4000	0.000000
4001	0.000000
