0	0.000000
1	0.000000
2	0.000000
3	0.000000
4	0.000000
5	0.000000
6	0.000000
7	0.000000
8	0.000000
9	0.000000
10	0.000000
11	0.000000
12	0.000000
13	0.000000
14	0.000000
15	0.000000
16	0.000000
17	0.000000
18	0.000000
19	0.000000
20	0.000000
21	0.000000
22	0.000000
23	0.000000
24	0.000000
25	0.000000
26	0.000000
27	0.000000
28	0.000000
29	0.000000
30	0.000000
31	0.000000
32	0.000000
33	0.000000
34	0.000000
35	0.000000
36	0.000000
37	0.000000
38	0.000000
39	0.000000
40	0.000000
41	0.000000
42	0.000000
43	0.000000
44	0.000000
45	0.000000
46	0.000000
47	0.000000
48	0.000000
49	0.000000
50	0.000000
51	0.000000
52	0.000000
53	0.000000
54	0.000000
55	0.000000
56	0.000000
57	0.000000
58	0.000000
59	0.000000
60	0.000000
61	0.000000
62	0.000000
63	0.000000
64	0.000000
65	0.000000
66	0.000000
67	0.000000
68	0.000000
69	0.000000
70	0.000000
71	0.000000
72	0.000000
73	0.000000
74	0.000000
75	0.000000
76	0.000000
77	0.000000
78	0.000000
79	0.000000
80	0.000000
81	0.000000
82	0.000000
83	0.000000
84	0.000000
85	0.000000
86	0.000000
87	0.000000
88	0.000000
89	0.000000
90	0.000000
91	0.000000
92	0.000000
93	0.000000
94	0.000000
95	0.000000
96	0.000000
97	0.000000
98	0.000000
99	0.000000
100	0.000000
101	0.000000
102	0.000000
103	0.000000
104	0.000000
105	0.000000
106	0.000000
107	0.000000
108	0.000000
109	0.000000
110	0.000000
111	0.000000
112	0.000000
113	0.000000
114	0.000000
115	0.000000
116	0.000000
117	0.000000
118	0.000000
119	0.000000
120	0.000000
121	0.000000
122	0.000000
123	0.000000
124	0.000000
125	0.000000
126	0.000000
127	0.000000
128	0.000000
129	0.000000
130	0.000000
131	0.000000
132	0.000000
133	0.000000
134	0.000000
135	0.000000
136	0.000000
137	0.000000
138	0.000000
139	0.000000
140	0.000000
141	0.000000
142	0.000000
143	0.000000
144	0.000000
145	0.000000
146	0.000000
147	0.000000
148	0.000000
149	0.000000
150	0.000000
151	0.000000
152	0.000000
153	0.000000
154	0.000000
155	0.000000
156	0.000000
157	0.000000
158	0.000000
159	0.000000
160	0.000000
161	0.000000
162	0.000000
163	0.000000
164	0.000000
165	0.000000
166	0.000000
167	0.000000
168	0.000000
169	0.000000
170	0.000000
171	0.000000
172	0.000000
173	0.000000
174	0.000000
175	0.000000
176	0.000000
177	0.000000
178	0.000000
179	0.000000
180	0.000000
181	0.000000
182	0.000000
183	0.000000
184	0.000000
185	0.000000
186	0.000000
187	0.000000
188	0.000000
189	0.000000
190	0.000000
191	0.000000
192	0.000000
193	0.000000
194	0.000000
195	0.000000
196	0.000000
197	0.000000
198	0.000000
199	0.000000
200	0.000000
201	0.000000
202	0.000000
203	0.000000
204	0.000000
205	0.000000
206	0.000000
207	0.000000
208	0.000000
209	0.000000
210	0.000000
211	0.000000
212	0.000000
213	0.000000
214	0.000000
215	0.000000
216	0.000000
217	0.000000
218	0.000000
219	0.000000
220	0.000000
221	0.000000
222	0.000000
223	0.000000
224	0.000000
225	0.000000
226	0.000000
227	0.000000
228	0.000000
229	0.000000
230	0.000000
231	0.000000
232	0.000000
233	0.000000
234	0.000000
235	0.000000
236	0.000000
237	0.000000
238	0.000000
239	0.000000
240	0.000000
241	0.000000
242	0.000000
243	0.000000
244	0.000000
245	0.000000
246	0.000000
247	0.000000
248	0.000000
249	0.000000
250	0.000000
251	0.000000
252	0.000000
253	0.000000
254	0.000000
255	0.000000
256	0.000000
257	0.000000
258	0.000000
259	0.000000
260	0.000000
261	0.000000
262	0.000000
263	0.000000
264	0.000000
265	0.000000
266	0.000000
267	0.000000
268	0.000000
269	0.000000
270	0.000000
271	0.000000
272	0.000000
273	0.000000
274	0.000000
275	0.000000
276	0.000000
277	0.000000
278	0.000000
279	0.000000
280	0.000000
281	0.000000
282	0.000000
283	0.000000
284	0.000000
285	0.000000
286	0.000000
287	0.000000
288	0.000000
289	0.000000
290	0.000000
291	0.000000
292	0.000000
293	0.000000
294	0.000000
295	0.000000
296	0.000000
297	0.000000
298	0.000000
299	0.000000
300	0.000000
301	0.000000
302	0.000000
303	0.000000
304	0.000000
305	0.000000
306	0.000000
307	0.000000
308	0.000000
309	0.000000
310	0.000000
311	0.000000
312	0.000000
313	0.000000
314	0.000000
315	0.000000
316	0.000000
317	0.000000
318	0.000000
319	0.000000
320	0.000000
321	0.000000
322	0.000000
323	0.000000
324	0.000000
325	0.000000
326	0.000000
327	0.000000
328	0.000000
329	0.000000
330	0.000000
331	0.000000
332	0.000000
333	0.000000
334	0.000000
335	0.000000
336	0.000000
337	0.000000
338	0.000000
339	0.000000
340	0.000000
341	0.000000
342	0.000000
343	0.000000
344	0.000000
345	0.000000
346	0.000000
347	0.000000
348	0.000000
349	0.000000
350	0.000000
351	0.000000
352	0.000000
353	0.000000
354	0.000000
355	0.000000
356	0.000000
357	0.000000
358	0.000000
359	0.000000
360	0.000000
361	0.000000
362	0.000000
363	0.000000
364	0.000000
365	0.000000
366	0.000000
367	0.000000
368	0.000000
369	0.000000
370	0.000000
371	0.000000
372	0.000000
373	0.000000
374	0.000000
375	0.000000
376	0.000000
377	0.000000
378	0.000000
379	0.000000
380	0.000000
381	0.000000
382	0.000000
383	0.000000
384	0.000000
385	0.000000
386	0.000000
387	0.000000
388	0.000000
389	0.000000
390	0.000000
391	0.000000
392	0.000000
393	0.000000
394	0.000000
395	0.000000
396	0.000000
397	0.000000
398	0.000000
399	0.000000
400	0.000000
401	0.000000
402	0.000000
403	0.000000
404	0.000000
405	0.000000
406	0.000000
407	0.000000
408	0.000000
409	0.000000
410	0.000000
411	0.000000
412	0.000000
413	0.000000
414	0.000000
415	0.000000
416	0.000000
417	0.000000
418	0.000000
419	0.000000
420	0.000000
421	0.000000
422	0.000000
423	0.000000
424	0.000000
425	0.000000
426	0.000000
427	0.000000
428	0.000000
429	0.000000
430	0.000000
431	0.000000
432	0.000000
433	0.000000
434	0.000000
435	0.000000
436	0.000000
437	0.000000
438	0.000000
439	0.000000
440	0.000000
441	0.000000
442	0.000000
443	0.000000
444	0.000000
445	0.000000
446	0.000000
447	0.000000
448	0.000000
449	0.000000
450	0.000000
451	0.000000
452	0.000000
453	0.000000
454	0.000000
455	0.000000
456	0.000000
457	0.000000
458	0.000000
459	0.000000
460	0.000000
461	0.000000
462	0.000000
463	0.000000
464	0.000000
465	0.000000
466	0.000000
467	0.000000
468	0.000000
469	0.000000
470	0.000000
471	0.000000
472	0.000000
473	0.000000
474	0.000000
475	0.000000
476	0.000000
477	0.000000
478	0.000000
479	0.000000
480	0.000000
481	0.000000
482	0.000000
483	0.000000
484	0.000000
485	0.000000
486	0.000000
487	0.000000
488	0.000000
489	0.000000
490	0.000000
491	0.000000
492	0.000000
493	0.000000
494	0.000000
495	0.000000
496	0.000000
497	0.000000
498	0.000000
499	0.000000
500	0.000000
501	0.000000
502	0.000000
503	0.000000
504	0.000000
505	0.000000
506	0.000000
507	0.000000
508	0.000000
509	0.000000
510	0.000000
511	0.000000
512	0.000000
513	0.000000
514	0.000000
515	0.000000
516	0.000000
517	0.000000
518	0.000000
519	0.000000
520	0.000000
521	0.000000
522	0.000000
523	0.000000
524	0.000000
525	0.000000
526	0.000000
527	0.000000
528	0.000000
529	0.000000
530	0.000000
531	0.000000
532	0.000000
533	0.000000
534	0.000000
535	0.000000
536	0.000000
537	0.000000
538	0.000000
539	0.000000
540	0.000000
541	0.000000
542	0.000000
543	0.000000
544	0.000000
545	0.000000
546	0.000000
547	0.000000
548	0.000000
549	0.000000
550	0.000000
551	0.000000
552	0.000000
553	0.000000
554	0.000000
555	0.000000
556	0.000000
557	0.000000
558	0.000000
559	0.000000
560	0.000000
561	0.000000
562	0.000000
563	0.000000
564	0.000000
565	0.000000
566	0.000000
567	0.000000
568	0.000000
569	0.000000
570	0.000000
571	0.000000
572	0.000000
573	0.000000
574	0.000000
575	0.000000
576	0.000000
577	0.000000
578	0.000000
579	0.000000
580	0.000000
581	0.000000
582	0.000000
583	0.000000
584	0.000000
585	0.000000
586	0.000000
587	0.000000
588	0.000000
589	0.000000
590	0.000000
591	0.000000
592	0.000000
593	0.000000
594	0.000000
595	0.000000
596	0.000000
597	0.000000
598	0.000000
599	0.000000
600	0.000000
601	0.000000
602	0.000000
603	0.000000
604	0.000000
605	0.000000
606	0.000000
607	0.000000
608	0.000000
609	0.000000
610	0.000000
611	0.000000
612	0.000000
613	0.000000
614	0.000000
615	0.000000
616	0.000000
617	0.000000
618	0.000000
619	0.000000
620	0.000000
621	0.000000
622	0.000000
623	0.000000
624	0.000000
625	0.000000
626	0.000000
627	0.000000
628	0.000000
629	0.000000
630	0.000000
631	0.000000
632	0.000000
633	0.000000
634	0.000000
635	0.000000
636	0.000000
637	0.000000
638	0.000000
639	0.000000
640	0.000000
641	0.000000
642	0.000000
643	0.000000
644	0.000000
645	0.000000
646	0.000000
647	0.000000
648	0.000000
649	0.000000
650	0.000000
651	0.000000
652	0.000000
653	0.000000
654	0.000000
655	0.000000
656	0.000000
657	0.000000
658	0.000000
659	0.000000
660	0.000000
661	0.000000
662	0.000000
663	0.000000
664	0.000000
665	0.000000
666	0.000000
667	0.000000
668	0.000000
669	0.000000
670	0.000000
671	0.000000
672	0.000000
673	0.000000
674	0.000000
675	0.000000
676	0.000000
677	0.000000
678	0.000000
679	0.000000
680	0.000000
681	0.000000
682	0.000000
683	0.000000
684	0.000000
685	0.000000
686	0.000000
687	0.000000
688	0.000000
689	0.000000
690	0.000000
691	0.000000
692	0.000000
693	0.000000
694	0.000000
695	0.000000
696	0.000000
697	0.000000
698	0.000000
699	0.000000
700	0.000000
701	0.000000
702	0.000000
703	0.000000
704	0.000000
705	0.000000
706	0.000000
707	0.000000
708	0.000000
709	0.000000
710	0.000000
711	0.000000
712	0.000000
713	0.000000
714	0.000000
715	0.000000
716	0.000000
717	0.000000
718	0.000000
719	0.000000
720	0.000000
721	0.000000
722	0.000000
723	0.000000
724	0.000000
725	0.000000
726	0.000000
727	0.000000
728	0.000000
729	0.000000
730	0.000000
731	0.000000
732	0.000000
733	0.000000
734	0.000000
735	0.000000
736	0.000000
737	0.000000
738	0.000000
739	0.000000
740	0.000000
741	0.000000
742	0.000000
743	0.000000
744	0.000000
745	0.000000
746	0.000000
747	0.000000
748	0.000000
749	0.000000
750	0.000000
751	0.000000
752	0.000000
753	0.000000
754	0.000000
755	0.000000
756	0.000000
757	0.000000
758	0.000000
759	0.000000
760	0.000000
761	0.000000
762	0.000000
763	0.000000
764	0.000000
765	0.000000
766	0.000000
767	0.000000
768	0.000000
769	0.000000
770	0.000000
771	0.000000
772	0.000000
773	0.000000
774	0.000000
775	0.000000
776	0.000000
777	0.000000
778	0.000000
779	0.000000
780	0.000000
781	0.000000
782	0.000000
783	0.000000
784	0.000000
785	0.000000
786	0.000000
787	0.000000
788	0.000000
789	0.000000
790	0.000000
791	0.000000
792	0.000000
793	0.000000
794	0.000000
795	0.000000
796	0.000000
797	0.000000
798	0.000000
799	0.000000
800	0.000000
801	0.000000
802	0.000000
803	0.000000
804	0.000000
805	0.000000
806	0.000000
807	0.000000
808	0.000000
809	0.000000
810	0.000000
811	0.000000
812	0.000000
813	0.000000
814	0.000000
815	0.000000
816	0.000000
817	0.000000
818	0.000000
819	0.000000
820	0.000000
821	0.000000
822	0.000000
823	0.000000
824	0.000000
825	0.000000
826	0.000000
827	0.000000
828	0.000000
829	0.000000
830	0.000000
831	0.000000
832	0.000000
833	0.000000
834	0.000000
835	0.000000
836	0.000000
837	0.000000
838	0.000000
839	0.000000
840	0.000000
841	0.000000
842	0.000000
843	0.000000
844	0.000000
845	0.000000
846	0.000000
847	0.000000
848	0.000000
849	0.000000
850	0.000000
851	0.000000
852	0.000000
853	0.000000
854	0.000000
855	0.000000
856	0.000000
857	0.000000
858	0.000000
859	0.000000
860	0.000000
861	0.000000
862	0.000000
863	0.000000
864	0.000000
865	0.000000
866	0.000000
867	0.000000
868	0.000000
869	0.000000
870	0.000000
871	0.000000
872	0.000000
873	0.000000
874	0.000000
875	0.000000
876	0.000000
877	0.000000
878	0.000000
879	0.000000
880	0.000000
881	0.000000
882	0.000000
883	0.000000
884	0.000000
885	0.000000
886	0.000000
887	0.000000
888	0.000000
889	0.000000
890	0.000000
891	0.000000
892	0.000000
893	0.000000
894	0.000000
895	0.000000
896	0.000000
897	0.000000
898	0.000000
899	0.000000
900	0.000000
901	0.000000
902	0.000000
903	0.000000
904	0.000000
905	0.000000
906	0.000000
907	0.000000
908	0.000000
909	0.000000
910	0.000000
911	0.000000
912	0.000000
913	0.000000
914	0.000000
915	0.000000
916	0.000000
917	0.000000
918	0.000000
919	0.000000
920	0.000000
921	0.000000
922	0.000000
923	0.000000
924	0.000000
925	0.000000
926	0.000000
927	0.000000
928	0.000000
929	0.000000
930	0.000000
931	0.000000
932	0.000001
933	0.000001
934	0.000002
935	0.000003
936	0.000004
937	0.000006
938	0.000010
939	0.000015
940	0.000023
941	0.000036
942	0.000056
943	0.000086
944	0.000132
945	0.000203
946	0.000312
947	0.000481
948	0.000740
949	0.001139
950	0.001753
951	0.002694
952	0.004138
953	0.006345
954	0.009706
955	0.014790
956	0.022409
957	0.033665
958	0.049952
959	0.072817
960	0.103612
961	0.142858
962	0.189544
963	0.240796
964	0.292408
965	0.340130
966	0.380952
967	0.413643
968	0.438488
969	0.456637
970	0.469520
971	0.478485
972	0.484640
973	0.488830
974	0.491668
975	0.493586
976	0.494884
977	0.495765
978	0.496366
979	0.496780
980	0.497069
981	0.497273
982	0.497422
983	0.497532
984	0.497617
985	0.497683
986	0.497738
987	0.497784
988	0.497823
989	0.497858
990	0.497889
991	0.497918
992	0.497944
993	0.497968
994	0.497989
995	0.498010
996	0.498028
997	0.498045
998	0.498061
999	0.498075
1000	0.498088
1001	0.498099
1002	0.498109
1003	0.498117
1004	0.498124
1005	0.498130
1006	0.498135
1007	0.498138
1008	0.498140
1009	0.498140
1010	0.498140
1011	0.498138
1012	0.498135
1013	0.498130
1014	0.498125
1015	0.498118
1016	0.498110
1017	0.498101
1018	0.498090
1019	0.498079
1020	0.498066
1021	0.498053
1022	0.498038
1023	0.498022
1024	0.498004
1025	0.497986
1026	0.497967
1027	0.497946
1028	0.497925
1029	0.497902
1030	0.497878
1031	0.497854
1032	0.497828
1033	0.497801
1034	0.497773
1035	0.497744
1036	0.497715
1037	0.497684
1038	0.497652
1039	0.497619
1040	0.497585
1041	0.497550
1042	0.497515
1043	0.497478
1044	0.497440
1045	0.497402
1046	0.497362
1047	0.497322
1048	0.497280
1049	0.497238
1050	0.497195
1051	0.497151
1052	0.497106
1053	0.497060
1054	0.497013
1055	0.496966
1056	0.496917
1057	0.496868
1058	0.496818
1059	0.496767
1060	0.496715
1061	0.496662
1062	0.496609
1063	0.496554
1064	0.496499
1065	0.496443
1066	0.496386
1067	0.496329
1068	0.496270
1069	0.496211
1070	0.496151
1071	0.496090
1072	0.496029
1073	0.495966
1074	0.495903
1075	0.495840
1076	0.495775
1077	0.495710
1078	0.495644
1079	0.495577
1080	0.495509
1081	0.495441
1082	0.495372
1083	0.495302
1084	0.495232
1085	0.495161
1086	0.495089
1087	0.495016
1088	0.494943
1089	0.494869
1090	0.494794
1091	0.494719
1092	0.494643
1093	0.494566
1094	0.494489
1095	0.494411
1096	0.494332
1097	0.494253
1098	0.494173
1099	0.494092
1100	0.494011
1101	0.493929
1102	0.493847
1103	0.493763
1104	0.493680
1105	0.493595
1106	0.493510
1107	0.493424
1108	0.493338
1109	0.493251
1110	0.493163
1111	0.493075
1112	0.492987
1113	0.492897
1114	0.492807
1115	0.492717
1116	0.492625
1117	0.492534
1118	0.492441
1119	0.492349
1120	0.492255
1121	0.492161
1122	0.492066
1123	0.491971
1124	0.491875
1125	0.491779
1126	0.491682
1127	0.491585
1128	0.491487
1129	0.491388
1130	0.491289
1131	0.491190
1132	0.491090
1133	0.490989
1134	0.490888
1135	0.490786
1136	0.490684
1137	0.490581
1138	0.490477
1139	0.490374
1140	0.490269
1141	0.490164
1142	0.490059
1143	0.489953
1144	0.489847
1145	0.489740
1146	0.489632
1147	0.489524
1148	0.489416
1149	0.489307
1150	0.489198
1151	0.489088
1152	0.488977
1153	0.488867
1154	0.488755
1155	0.488643
1156	0.488531
1157	0.488418
1158	0.488305
1159	0.488191
1160	0.488077
1161	0.487963
1162	0.487848
1163	0.487732
1164	0.487616
1165	0.487499
1166	0.487383
1167	0.487265
1168	0.487147
1169	0.487029
1170	0.486910
1171	0.486791
1172	0.486672
1173	0.486551
1174	0.486431
1175	0.486310
1176	0.486189
1177	0.486067
1178	0.485945
1179	0.485822
1180	0.485699
1181	0.485575
1182	0.485452
1183	0.485327
1184	0.485203
1185	0.485077
1186	0.484952
1187	0.484826
1188	0.484699
1189	0.484573
1190	0.484445
1191	0.484318
1192	0.484190
1193	0.484061
1194	0.483932
1195	0.483803
1196	0.483674
1197	0.483544
1198	0.483413
1199	0.483282
1200	0.483151
1201	0.483020
1202	0.482888
1203	0.482755
1204	0.482623
1205	0.482490
1206	0.482356
1207	0.482222
1208	0.482088
1209	0.481954
1210	0.481819
1211	0.481683
1212	0.481548
1213	0.481411
1214	0.481275
1215	0.481138
1216	0.481001
1217	0.480864
1218	0.480726
1219	0.480587
1220	0.480449
1221	0.480310
1222	0.480171
1223	0.480031
1224	0.479891
1225	0.479751
1226	0.479610
1227	0.479469
1228	0.479327
1229	0.479186
1230	0.479044
1231	0.478901
1232	0.478758
1233	0.478615
1234	0.478472
1235	0.478328
1236	0.478184
1237	0.478040
1238	0.477895
1239	0.477750
1240	0.477604
1241	0.477458
1242	0.477312
1243	0.477166
1244	0.477019
1245	0.476872
1246	0.476725
1247	0.476577
1248	0.476429
1249	0.476281
1250	0.476132
1251	0.475983
1252	0.475834
1253	0.475684
1254	0.475534
1255	0.475384
1256	0.475234
1257	0.475083
1258	0.474932
1259	0.474780
1260	0.474629
1261	0.474477
1262	0.474324
1263	0.474172
1264	0.474019
1265	0.473865
1266	0.473712
1267	0.473558
1268	0.473404
1269	0.473249
1270	0.473095
1271	0.472940
1272	0.472784
1273	0.472629
1274	0.472473
1275	0.472317
1276	0.472160
1277	0.472004
1278	0.471846
1279	0.471689
1280	0.471532
1281	0.471374
1282	0.471216
1283	0.471057
1284	0.470898
1285	0.470739
1286	0.470580
1287	0.470421
1288	0.470261
1289	0.470101
1290	0.469940
1291	0.469780
1292	0.469619
1293	0.469458
1294	0.469296
1295	0.469135
1296	0.468973
1297	0.468810
1298	0.468648
1299	0.468485
1300	0.468322
1301	0.468159
1302	0.467995
1303	0.467831
1304	0.467667
1305	0.467503
1306	0.467338
1307	0.467173
1308	0.467008
1309	0.466843
1310	0.466677
1311	0.466512
1312	0.466345
1313	0.466179
1314	0.466012
1315	0.465846
1316	0.465678
1317	0.465511
1318	0.465343
1319	0.465176
1320	0.465007
1321	0.464839
1322	0.464671
1323	0.464502
1324	0.464333
1325	0.464163
1326	0.463994
1327	0.463824
1328	0.463654
1329	0.463484
1330	0.463313
1331	0.463142
1332	0.462971
1333	0.462800
1334	0.462629
1335	0.462457
1336	0.462285
1337	0.462113
1338	0.461940
1339	0.461768
1340	0.461595
1341	0.461422
1342	0.461249
1343	0.461075
1344	0.460901
1345	0.460727
1346	0.460553
1347	0.460379
1348	0.460204
1349	0.460029
1350	0.459854
1351	0.459679
1352	0.459503
1353	0.459327
1354	0.459151
1355	0.458975
1356	0.458799
1357	0.458622
1358	0.458445
1359	0.458268
1360	0.458091
1361	0.457913
1362	0.457735
1363	0.457557
1364	0.457379
1365	0.457201
1366	0.457022
1367	0.456843
1368	0.456664
1369	0.456485
1370	0.456306
1371	0.456126
1372	0.455946
1373	0.455766
1374	0.455586
1375	0.455406
1376	0.455225
1377	0.455044
1378	0.454863
1379	0.454682
1380	0.454500
1381	0.454318
1382	0.454137
1383	0.453954
1384	0.453772
1385	0.453590
1386	0.453407
1387	0.453224
1388	0.453041
1389	0.452858
1390	0.452674
1391	0.452490
1392	0.452307
1393	0.452122
1394	0.451938
1395	0.451754
1396	0.451569
1397	0.451384
1398	0.451199
1399	0.451014
1400	0.450829
1401	0.450643
1402	0.450457
1403	0.450271
1404	0.450085
1405	0.449899
1406	0.449712
1407	0.449525
1408	0.449338
1409	0.449151
1410	0.448964
1411	0.448776
1412	0.448589
1413	0.448401
1414	0.448213
1415	0.448024
1416	0.447836
1417	0.447647
1418	0.447459
1419	0.447270
1420	0.447081
1421	0.446891
1422	0.446702
1423	0.446512
1424	0.446322
1425	0.446132
1426	0.445942
1427	0.445751
1428	0.445561
1429	0.445370
1430	0.445179
1431	0.444988
1432	0.444797
1433	0.444605
1434	0.444414
1435	0.444222
1436	0.444030
1437	0.443838
1438	0.443646
1439	0.443453
1440	0.443260
1441	0.443068
1442	0.442875
1443	0.442681
1444	0.442488
1445	0.442295
1446	0.442101
1447	0.441907
1448	0.441713
1449	0.441519
1450	0.441324
1451	0.441130
1452	0.440935
1453	0.440740
1454	0.440545
1455	0.440350
1456	0.440155
1457	0.439959
1458	0.439764
1459	0.439568
1460	0.439372
1461	0.439176
1462	0.438980
1463	0.438783
1464	0.438586
1465	0.438390
1466	0.438193
1467	0.437996
1468	0.437798
1469	0.437601
1470	0.437403
1471	0.437206
1472	0.437008
1473	0.436810
1474	0.436611
1475	0.436413
1476	0.436214
1477	0.436016
1478	0.435817
1479	0.435618
1480	0.435419
1481	0.435220
1482	0.435020
1483	0.434821
1484	0.434621
1485	0.434421
1486	0.434221
1487	0.434021
1488	0.433820
1489	0.433620
1490	0.433419
1491	0.433218
1492	0.433017
1493	0.432816
1494	0.432615
1495	0.432414
1496	0.432212
1497	0.432010
1498	0.431808
1499	0.431607
1500	0.431404
1501	0.431202
1502	0.431000
1503	0.430797
1504	0.430594
1505	0.430392
1506	0.430189
1507	0.429985
1508	0.429782
1509	0.429579
1510	0.429375
1511	0.429171
1512	0.428967
1513	0.428763
1514	0.428559
1515	0.428355
1516	0.428151
1517	0.427946
1518	0.427741
1519	0.427537
1520	0.427332
1521	0.427126
1522	0.426921
1523	0.426716
1524	0.426510
1525	0.426305
1526	0.426099
1527	0.425893
1528	0.425687
1529	0.425481
1530	0.425274
1531	0.425068
1532	0.424861
1533	0.424654
1534	0.424447
1535	0.424240
1536	0.424033
1537	0.423826
1538	0.423618
1539	0.423411
1540	0.423203
1541	0.422995
1542	0.422787
1543	0.422579
1544	0.422371
1545	0.422163
1546	0.421954
1547	0.421746
1548	0.421537
1549	0.421328
1550	0.421119
1551	0.420910
1552	0.420701
1553	0.420491
1554	0.420282
1555	0.420072
1556	0.419862
1557	0.419652
1558	0.419442
1559	0.419232
1560	0.419022
1561	0.418812
1562	0.418601
1563	0.418390
1564	0.418180
1565	0.417969
1566	0.417758
1567	0.417547
1568	0.417335
1569	0.417124
1570	0.416912
1571	0.416701
1572	0.416489
1573	0.416277
1574	0.416065
1575	0.415853
1576	0.415641
1577	0.415428
1578	0.415216
1579	0.415003
1580	0.414790
1581	0.414578
1582	0.414365
1583	0.414151
1584	0.413938
1585	0.413725
1586	0.413511
1587	0.413298
1588	0.413084
1589	0.412870
1590	0.412656
1591	0.412442
1592	0.412228
1593	0.412014
1594	0.411800
1595	0.411585
1596	0.411370
1597	0.411156
1598	0.410941
1599	0.410726
1600	0.410511
1601	0.410295
1602	0.410080
1603	0.409865
1604	0.409649
1605	0.409433
1606	0.409218
1607	0.409002
1608	0.408786
1609	0.408570
1610	0.408353
1611	0.408137
1612	0.407921
1613	0.407704
1614	0.407487
1615	0.407271
1616	0.407054
1617	0.406837
1618	0.406620
1619	0.406402
1620	0.406185
1621	0.405968
1622	0.405750
1623	0.405532
1624	0.405314
1625	0.405097
1626	0.404879
1627	0.404660
1628	0.404442
1629	0.404224
1630	0.404005
1631	0.403787
1632	0.403568
1633	0.403350
1634	0.403131
1635	0.402912
1636	0.402693
1637	0.402473
1638	0.402254
1639	0.402035
1640	0.401815
1641	0.401596
1642	0.401376
1643	0.401156
1644	0.400936
1645	0.400716
1646	0.400496
1647	0.400276
1648	0.400055
1649	0.399835
1650	0.399614
1651	0.399394
1652	0.399173
1653	0.398952
1654	0.398731
1655	0.398510
1656	0.398289
1657	0.398068
1658	0.397846
1659	0.397625
1660	0.397403
1661	0.397182
1662	0.396960
1663	0.396738
1664	0.396516
1665	0.396294
1666	0.396072
1667	0.395850
1668	0.395627
1669	0.395405
1670	0.395182
1671	0.394959
1672	0.394737
1673	0.394514
1674	0.394291
1675	0.394068
1676	0.393845
1677	0.393621
1678	0.393398
1679	0.393175
1680	0.392951
1681	0.392727
1682	0.392504
1683	0.392280
1684	0.392056
1685	0.391832
1686	0.391608
1687	0.391384
1688	0.391159
1689	0.390935
1690	0.390710
1691	0.390486
1692	0.390261
1693	0.390036
1694	0.389811
1695	0.389586
1696	0.389361
1697	0.389136
1698	0.388911
1699	0.388686
1700	0.388460
1701	0.388235
1702	0.388009
1703	0.387783
1704	0.387557
1705	0.387332
1706	0.387106
1707	0.386879
1708	0.386653
1709	0.386427
1710	0.386201
1711	0.385974
1712	0.385748
1713	0.385521
1714	0.385294
1715	0.385067
1716	0.384841
1717	0.384614
1718	0.384387
1719	0.384159
1720	0.383932
1721	0.383705
1722	0.383477
1723	0.383250
1724	0.383022
1725	0.382794
1726	0.382567
1727	0.382339
1728	0.382111
1729	0.381883
1730	0.381655
1731	0.381426
1732	0.381198
1733	0.380970
1734	0.380741
1735	0.380513
1736	0.380284
1737	0.380055
1738	0.379826
1739	0.379597
1740	0.379368
1741	0.379139
1742	0.378910
1743	0.378681
1744	0.378451
1745	0.378222
1746	0.377992
1747	0.377763
1748	0.377533
1749	0.377303
1750	0.377073
1751	0.376844
1752	0.376614
1753	0.376383
1754	0.376153
1755	0.375923
1756	0.375693
1757	0.375462
1758	0.375232
1759	0.375001
1760	0.374770
1761	0.374540
1762	0.374309
1763	0.374078
1764	0.373847
1765	0.373616
1766	0.373384
1767	0.373153
1768	0.372922
1769	0.372690
1770	0.372459
1771	0.372227
1772	0.371996
1773	0.371764
1774	0.371532
1775	0.371300
1776	0.371068
1777	0.370836
1778	0.370604
1779	0.370372
1780	0.370139
1781	0.369907
1782	0.369674
1783	0.369442
1784	0.369209
1785	0.368977
1786	0.368744
1787	0.368511
1788	0.368278
1789	0.368045
1790	0.367812
1791	0.367579
1792	0.367345
1793	0.367112
1794	0.366879
1795	0.366645
1796	0.366412
1797	0.366178
1798	0.365944
1799	0.365710
1800	0.365477
1801	0.365243
1802	0.365009
1803	0.364775
1804	0.364540
1805	0.364306
1806	0.364072
1807	0.363837
1808	0.363603
1809	0.363368
1810	0.363134
1811	0.362899
1812	0.362664
1813	0.362429
1814	0.362195
1815	0.361960
1816	0.361724
1817	0.361489
1818	0.361254
1819	0.361019
1820	0.360783
1821	0.360548
1822	0.360312
1823	0.360077
1824	0.359841
1825	0.359605
1826	0.359370
1827	0.359134
1828	0.358898
1829	0.358662
1830	0.358426
1831	0.358190
1832	0.357953
1833	0.357717
1834	0.357481
1835	0.357244
1836	0.357008
1837	0.356771
1838	0.356534
1839	0.356298
1840	0.356061
1841	0.355824
1842	0.355587
1843	0.355350
1844	0.355113
1845	0.354876
1846	0.354638
1847	0.354401
1848	0.354164
1849	0.353926
1850	0.353689
1851	0.353451
1852	0.353214
1853	0.352976
1854	0.352738
1855	0.352500
1856	0.352262
1857	0.352024
1858	0.351786
1859	0.351548
1860	0.351310
1861	0.351072
1862	0.350833
1863	0.350595
1864	0.350356
1865	0.350118
1866	0.349879
1867	0.349641
1868	0.349402
1869	0.349163
1870	0.348924
1871	0.348685
1872	0.348446
1873	0.348207
1874	0.347968
1875	0.347729
1876	0.347490
1877	0.347250
1878	0.347011
1879	0.346771
1880	0.346532
1881	0.346292
1882	0.346052
1883	0.345813
1884	0.345573
1885	0.345333
1886	0.345093
1887	0.344853
1888	0.344613
1889	0.344373
1890	0.344133
1891	0.343892
1892	0.343652
1893	0.343412
1894	0.343171
1895	0.342931
1896	0.342690
1897	0.342450
1898	0.342209
1899	0.341968
1900	0.341727
1901	0.341486
1902	0.341245
1903	0.341004
1904	0.340763
1905	0.340522
1906	0.340281
1907	0.340040
1908	0.339798
1909	0.339557
1910	0.339315
1911	0.339074
1912	0.338832
1913	0.338591
1914	0.338349
1915	0.338107
1916	0.337865
1917	0.337623
1918	0.337382
1919	0.337139
1920	0.336897
1921	0.336655
1922	0.336413
1923	0.336171
1924	0.335928
1925	0.335686
1926	0.335444
1927	0.335201
1928	0.334959
1929	0.334716
1930	0.334473
1931	0.334230
1932	0.333988
1933	0.333745
1934	0.333502
1935	0.333259
1936	0.333016
1937	0.332773
1938	0.332530
1939	0.332286
1940	0.332043
1941	0.331800
1942	0.331556
1943	0.331313
1944	0.331069
1945	0.330826
1946	0.330582
1947	0.330338
1948	0.330095
1949	0.329851
1950	0.329607
1951	0.329363
1952	0.329119
1953	0.328875
1954	0.328631
1955	0.328387
1956	0.328142
1957	0.327898
1958	0.327654
1959	0.327409
1960	0.327165
1961	0.326921
1962	0.326676
1963	0.326431
1964	0.326187
1965	0.325942
1966	0.325697
1967	0.325452
1968	0.325207
1969	0.324962
1970	0.324717
1971	0.324472
1972	0.324227
1973	0.323982
1974	0.323737
1975	0.323491
1976	0.323246
1977	0.323001
1978	0.322755
1979	0.322510
1980	0.322264
1981	0.322019
1982	0.321773
1983	0.321527
1984	0.321281
1985	0.321035
1986	0.320790
1987	0.320544
1988	0.320298
1989	0.320052
1990	0.319805
1991	0.319559
1992	0.319313
1993	0.319067
1994	0.318820
1995	0.318574
1996	0.318328
1997	0.318081
1998	0.317835
1999	0.317588
2000	0.317341
2001	0.317095
2002	0.316848
2003	0.316601
2004	0.316354
2005	0.316107
2006	0.315860
2007	0.315613
2008	0.315366
2009	0.315119
2010	0.314872
2011	0.314625
2012	0.314377
2013	0.314130
2014	0.313883
2015	0.313635
2016	0.313388
2017	0.313140
2018	0.312892
2019	0.312645
2020	0.312397
2021	0.312149
2022	0.311902
2023	0.311654
2024	0.311406
2025	0.311158
2026	0.310910
2027	0.310662
2028	0.310414
2029	0.310165
2030	0.309917
2031	0.309669
2032	0.309421
2033	0.309172
2034	0.308924
2035	0.308675
2036	0.308427
2037	0.308178
2038	0.307930
2039	0.307681
2040	0.307432
2041	0.307184
2042	0.306935
2043	0.306686
2044	0.306437
2045	0.306188
2046	0.305939
2047	0.305690
2048	0.305441
2049	0.305192
2050	0.304942
2051	0.304693
2052	0.304444
2053	0.304195
2054	0.303945
2055	0.303696
2056	0.303446
2057	0.303197
2058	0.302947
2059	0.302697
2060	0.302448
2061	0.302198
2062	0.301948
2063	0.301698
2064	0.301448
2065	0.301198
2066	0.300948
2067	0.300698
2068	0.300448
2069	0.300198
2070	0.299948
2071	0.299698
2072	0.299448
2073	0.299197
2074	0.298947
2075	0.298697
2076	0.298446
2077	0.298196
2078	0.297945
2079	0.297694
2080	0.297444
2081	0.297193
2082	0.296942
2083	0.296692
2084	0.296441
2085	0.296190
2086	0.295939
2087	0.295688
2088	0.295437
2089	0.295186
2090	0.294935
2091	0.294684
2092	0.294432
2093	0.294181
2094	0.293930
2095	0.293679
2096	0.293427
2097	0.293176
2098	0.292924
2099	0.292673
2100	0.292421
2101	0.292170
2102	0.291918
2103	0.291666
2104	0.291415
2105	0.291163
2106	0.290911
2107	0.290659
2108	0.290407
2109	0.290155
2110	0.289903
2111	0.289651
2112	0.289399
2113	0.289147
2114	0.288895
2115	0.288643
2116	0.288390
2117	0.288138
2118	0.287886
2119	0.287633
2120	0.287381
2121	0.287128
2122	0.286876
2123	0.286623
2124	0.286371
2125	0.286118
2126	0.285865
2127	0.285613
2128	0.285360
2129	0.285107
2130	0.284854
2131	0.284601
2132	0.284348
2133	0.284095
2134	0.283842
2135	0.283589
2136	0.283336
2137	0.283083
2138	0.282830
2139	0.282576
2140	0.282323
2141	0.282070
2142	0.281816
2143	0.281563
2144	0.281309
2145	0.281056
2146	0.280802
2147	0.280549
2148	0.280295
2149	0.280041
2150	0.279788
2151	0.279534
2152	0.279280
2153	0.279026
2154	0.278772
2155	0.278519
2156	0.278265
2157	0.278011
2158	0.277757
2159	0.277502
2160	0.277248
2161	0.276994
2162	0.276740
2163	0.276486
2164	0.276231
2165	0.275977
2166	0.275723
2167	0.275468
2168	0.275214
2169	0.274959
2170	0.274705
2171	0.274450
2172	0.274196
2173	0.273941
2174	0.273686
2175	0.273432
2176	0.273177
2177	0.272922
2178	0.272667
2179	0.272412
2180	0.272157
2181	0.271902
2182	0.271647
2183	0.271392
2184	0.271137
2185	0.270882
2186	0.270627
2187	0.270372
2188	0.270117
2189	0.269861
2190	0.269606
2191	0.269351
2192	0.269095
2193	0.268840
2194	0.268584
2195	0.268329
2196	0.268073
2197	0.267818
2198	0.267562
2199	0.267306
2200	0.267051
2201	0.266795
2202	0.266539
2203	0.266283
2204	0.266028
2205	0.265772
2206	0.265516
2207	0.265260
2208	0.265004
2209	0.264748
2210	0.264492
2211	0.264236
2212	0.263979
2213	0.263723
2214	0.263467
2215	0.263211
2216	0.262954
2217	0.262698
2218	0.262442
2219	0.262185
2220	0.261929
2221	0.261672
2222	0.261416
2223	0.261159
2224	0.260903
2225	0.260646
2226	0.260389
2227	0.260133
2228	0.259876
2229	0.259619
2230	0.259362
2231	0.259106
2232	0.258849
2233	0.258592
2234	0.258335
2235	0.258078
2236	0.257821
2237	0.257564
2238	0.257307
2239	0.257049
2240	0.256792
2241	0.256535
2242	0.256278
2243	0.256021
2244	0.255763
2245	0.255506
2246	0.255249
2247	0.254991
2248	0.254734
2249	0.254476
2250	0.254219
2251	0.253961
2252	0.253704
2253	0.253446
2254	0.253188
2255	0.252931
2256	0.252673
2257	0.252415
2258	0.252157
2259	0.251899
2260	0.251642
2261	0.251384
2262	0.251126
2263	0.250868
2264	0.250610
2265	0.250352
2266	0.250094
2267	0.249835
2268	0.249577
2269	0.249319
2270	0.249061
2271	0.248803
2272	0.248544
2273	0.248286
2274	0.248028
2275	0.247769
2276	0.247511
2277	0.247253
2278	0.246994
2279	0.246736
2280	0.246477
2281	0.246218
2282	0.245960
2283	0.245701
2284	0.245442
2285	0.245184
2286	0.244925
2287	0.244666
2288	0.244407
2289	0.244149
2290	0.243890
2291	0.243631
2292	0.243372
2293	0.243113
2294	0.242854
2295	0.242595
2296	0.242336
2297	0.242077
2298	0.241817
2299	0.241558
2300	0.241299
2301	0.241040
2302	0.240781
2303	0.240521
2304	0.240262
2305	0.240003
2306	0.239743
2307	0.239484
2308	0.239224
2309	0.238965
2310	0.238705
2311	0.238446
2312	0.238186
2313	0.237927
2314	0.237667
2315	0.237407
2316	0.237148
2317	0.236888
2318	0.236628
2319	0.236368
2320	0.236108
2321	0.235849
2322	0.235589
2323	0.235329
2324	0.235069
2325	0.234809
2326	0.234549
2327	0.234289
2328	0.234029
2329	0.233768
2330	0.233508
2331	0.233248
2332	0.232988
2333	0.232728
2334	0.232467
2335	0.232207
2336	0.231947
2337	0.231686
2338	0.231426
2339	0.231166
2340	0.230905
2341	0.230645
2342	0.230384
2343	0.230124
2344	0.229863
2345	0.229603
2346	0.229342
2347	0.229081
2348	0.228821
2349	0.228560
2350	0.228299
2351	0.228038
2352	0.227778
2353	0.227517
2354	0.227256
2355	0.226995
2356	0.226734
2357	0.226473
2358	0.226212
2359	0.225951
2360	0.225690
2361	0.225429
2362	0.225168
2363	0.224907
2364	0.224646
2365	0.224384
2366	0.224123
2367	0.223862
2368	0.223601
2369	0.223339
2370	0.223078
2371	0.222817
2372	0.222555
2373	0.222294
2374	0.222032
2375	0.221771
2376	0.221509
2377	0.221248
2378	0.220986
2379	0.220725
2380	0.220463
2381	0.220202
2382	0.219940
2383	0.219678
2384	0.219416
2385	0.219155
2386	0.218893
2387	0.218631
2388	0.218369
2389	0.218107
2390	0.217846
2391	0.217584
2392	0.217322
2393	0.217060
2394	0.216798
2395	0.216536
2396	0.216274
2397	0.216012
2398	0.215749
2399	0.215487
2400	0.215225
2401	0.214963
2402	0.214701
2403	0.214439
2404	0.214176
2405	0.213914
2406	0.213652
2407	0.213389
2408	0.213127
2409	0.212864
2410	0.212602
2411	0.212340
2412	0.212077
2413	0.211815
2414	0.211552
2415	0.211290
2416	0.211027
2417	0.210764
2418	0.210502
2419	0.210239
2420	0.209976
2421	0.209714
2422	0.209451
2423	0.209188
2424	0.208925
2425	0.208662
2426	0.208400
2427	0.208137
2428	0.207874
2429	0.207611
2430	0.207348
2431	0.207085
2432	0.206822
2433	0.206559
2434	0.206296
2435	0.206033
2436	0.205770
2437	0.205507
2438	0.205243
2439	0.204980
2440	0.204717
2441	0.204454
2442	0.204190
2443	0.203927
2444	0.203664
2445	0.203401
2446	0.203137
2447	0.202874
2448	0.202610
2449	0.202347
2450	0.202083
2451	0.201820
2452	0.201556
2453	0.201293
2454	0.201029
2455	0.200766
2456	0.200502
2457	0.200239
2458	0.199975
2459	0.199711
2460	0.199447
2461	0.199184
2462	0.198920
2463	0.198656
2464	0.198392
2465	0.198129
2466	0.197865
2467	0.197601
2468	0.197337
2469	0.197073
2470	0.196809
2471	0.196545
2472	0.196281
2473	0.196017
2474	0.195753
2475	0.195489
2476	0.195225
2477	0.194961
2478	0.194697
2479	0.194432
2480	0.194168
2481	0.193904
2482	0.193640
2483	0.193376
2484	0.193111
2485	0.192847
2486	0.192583
2487	0.192318
2488	0.192054
2489	0.191790
2490	0.191525
2491	0.191261
2492	0.190996
2493	0.190732
2494	0.190467
2495	0.190203
2496	0.189938
2497	0.189674
2498	0.189409
2499	0.189144
2500	0.188880
2501	0.188615
2502	0.188350
2503	0.188086
2504	0.187821
2505	0.187556
2506	0.187291
2507	0.187027
2508	0.186762
2509	0.186497
2510	0.186232
2511	0.185967
2512	0.185702
2513	0.185437
2514	0.185172
2515	0.184907
2516	0.184642
2517	0.184377
2518	0.184112
2519	0.183847
2520	0.183582
2521	0.183317
2522	0.183052
2523	0.182787
2524	0.182521
2525	0.182256
2526	0.181991
2527	0.181726
2528	0.181460
2529	0.181195
2530	0.180930
2531	0.180665
2532	0.180399
2533	0.180134
2534	0.179868
2535	0.179603
2536	0.179338
2537	0.179072
2538	0.178807
2539	0.178541
2540	0.178276
2541	0.178010
2542	0.177745
2543	0.177479
2544	0.177213
2545	0.176948
2546	0.176682
2547	0.176416
2548	0.176151
2549	0.175885
2550	0.175619
2551	0.175353
2552	0.175088
2553	0.174822
2554	0.174556
2555	0.174290
2556	0.174024
2557	0.173759
2558	0.173493
2559	0.173227
2560	0.172961
2561	0.172695
2562	0.172429
2563	0.172163
2564	0.171897
2565	0.171631
2566	0.171365
2567	0.171099
2568	0.170833
2569	0.170566
2570	0.170300
2571	0.170034
2572	0.169768
2573	0.169502
2574	0.169236
2575	0.168969
2576	0.168703
2577	0.168437
2578	0.168171
2579	0.167904
2580	0.167638
2581	0.167372
2582	0.167105
2583	0.166839
2584	0.166572
2585	0.166306
2586	0.166039
2587	0.165773
2588	0.165507
2589	0.165240
2590	0.164974
2591	0.164707
2592	0.164440
2593	0.164174
2594	0.163907
2595	0.163641
2596	0.163374
2597	0.163107
2598	0.162841
2599	0.162574
2600	0.162307
2601	0.162040
2602	0.161774
2603	0.161507
2604	0.161240
2605	0.160973
2606	0.160707
2607	0.160440
2608	0.160173
2609	0.159906
2610	0.159639
2611	0.159372
2612	0.159105
2613	0.158838
2614	0.158571
2615	0.158304
2616	0.158037
2617	0.157770
2618	0.157503
2619	0.157236
2620	0.156969
2621	0.156702
2622	0.156435
2623	0.156168
2624	0.155901
2625	0.155633
2626	0.155366
2627	0.155099
2628	0.154832
2629	0.154565
2630	0.154297
2631	0.154030
2632	0.153763
2633	0.153495
2634	0.153228
2635	0.152961
2636	0.152693
2637	0.152426
2638	0.152159
2639	0.151891
2640	0.151624
2641	0.151356
2642	0.151089
2643	0.150821
2644	0.150554
2645	0.150286
2646	0.150019
2647	0.149751
2648	0.149484
2649	0.149216
2650	0.148948
2651	0.148681
2652	0.148413
2653	0.148145
2654	0.147878
2655	0.147610
2656	0.147342
2657	0.147075
2658	0.146807
2659	0.146539
2660	0.146271
2661	0.146004
2662	0.145736
2663	0.145468
2664	0.145200
2665	0.144932
2666	0.144664
2667	0.144397
2668	0.144129
2669	0.143861
2670	0.143593
2671	0.143325
2672	0.143057
2673	0.142789
2674	0.142521
2675	0.142253
2676	0.141985
2677	0.141717
2678	0.141449
2679	0.141181
2680	0.140913
2681	0.140644
2682	0.140376
2683	0.140108
2684	0.139840
2685	0.139572
2686	0.139304
2687	0.139036
2688	0.138767
2689	0.138499
2690	0.138231
2691	0.137963
2692	0.137694
2693	0.137426
2694	0.137158
2695	0.136889
2696	0.136621
2697	0.136353
2698	0.136084
2699	0.135816
2700	0.135547
2701	0.135279
2702	0.135011
2703	0.134742
2704	0.134474
2705	0.134205
2706	0.133937
2707	0.133668
2708	0.133400
2709	0.133131
2710	0.132863
2711	0.132594
2712	0.132325
2713	0.132057
2714	0.131788
2715	0.131520
2716	0.131251
2717	0.130982
2718	0.130714
2719	0.130445
2720	0.130176
2721	0.129908
2722	0.129639
2723	0.129370
2724	0.129101
2725	0.128833
2726	0.128564
2727	0.128295
2728	0.128026
2729	0.127757
2730	0.127488
2731	0.127220
2732	0.126951
2733	0.126682
2734	0.126413
2735	0.126144
2736	0.125875
2737	0.125606
2738	0.125337
2739	0.125068
2740	0.124799
2741	0.124530
2742	0.124261
2743	0.123992
2744	0.123723
2745	0.123454
2746	0.123185
2747	0.122916
2748	0.122647
2749	0.122378
2750	0.122109
2751	0.121840
2752	0.121570
2753	0.121301
2754	0.121032
2755	0.120763
2756	0.120494
2757	0.120225
2758	0.119955
2759	0.119686
2760	0.119417
2761	0.119148
2762	0.118878
2763	0.118609
2764	0.118340
2765	0.118070
2766	0.117801
2767	0.117532
2768	0.117262
2769	0.116993
2770	0.116724
2771	0.116454
2772	0.116185
2773	0.115915
2774	0.115646
2775	0.115377
2776	0.115107
2777	0.114838
2778	0.114568
2779	0.114299
2780	0.114029
2781	0.113760
2782	0.113490
2783	0.113221
2784	0.112951
2785	0.112681
2786	0.112412
2787	0.112142
2788	0.111873
2789	0.111603
2790	0.111333
2791	0.111064
2792	0.110794
2793	0.110524
2794	0.110255
2795	0.109985
2796	0.109715
2797	0.109446
2798	0.109176
2799	0.108906
2800	0.108636
2801	0.108367
2802	0.108097
2803	0.107827
2804	0.107557
2805	0.107288
2806	0.107018
2807	0.106748
2808	0.106478
2809	0.106208
2810	0.105938
2811	0.105668
2812	0.105399
2813	0.105129
2814	0.104859
2815	0.104589
2816	0.104319
2817	0.104049
2818	0.103779
2819	0.103509
2820	0.103239
2821	0.102969
2822	0.102699
2823	0.102429
2824	0.102159
2825	0.101889
2826	0.101619
2827	0.101349
2828	0.101079
2829	0.100809
2830	0.100539
2831	0.100269
2832	0.099998
2833	0.099728
2834	0.099458
2835	0.099188
2836	0.098918
2837	0.098648
2838	0.098378
2839	0.098107
2840	0.097837
2841	0.097567
2842	0.097297
2843	0.097027
2844	0.096756
2845	0.096486
2846	0.096216
2847	0.095946
2848	0.095675
2849	0.095405
2850	0.095135
2851	0.094864
2852	0.094594
2853	0.094324
2854	0.094053
2855	0.093783
2856	0.093513
2857	0.093242
2858	0.092972
2859	0.092702
2860	0.092431
2861	0.092161
2862	0.091890
2863	0.091620
2864	0.091350
2865	0.091079
2866	0.090809
2867	0.090538
2868	0.090268
2869	0.089997
2870	0.089727
2871	0.089456
2872	0.089186
2873	0.088915
2874	0.088645
2875	0.088374
2876	0.088104
2877	0.087833
2878	0.087562
2879	0.087292
2880	0.087021
2881	0.086751
2882	0.086480
2883	0.086210
2884	0.085939
2885	0.085668
2886	0.085398
2887	0.085127
2888	0.084856
2889	0.084586
2890	0.084315
2891	0.084044
2892	0.083774
2893	0.083503
2894	0.083232
2895	0.082962
2896	0.082691
2897	0.082420
2898	0.082149
2899	0.081879
2900	0.081608
2901	0.081337
2902	0.081066
2903	0.080796
2904	0.080525
2905	0.080254
2906	0.079983
2907	0.079713
2908	0.079442
2909	0.079171
2910	0.078900
2911	0.078629
2912	0.078359
2913	0.078088
2914	0.077817
2915	0.077546
2916	0.077275
2917	0.077004
2918	0.076733
2919	0.076463
2920	0.076192
2921	0.075921
2922	0.075650
2923	0.075379
2924	0.075108
2925	0.074837
2926	0.074566
2927	0.074296
2928	0.074024
2929	0.073754
2930	0.073483
2931	0.073212
2932	0.072941
2933	0.072670
2934	0.072399
2935	0.072128
2936	0.071857
2937	0.071586
2938	0.071315
2939	0.071044
2940	0.070773
2941	0.070502
2942	0.070231
2943	0.069961
2944	0.069689
2945	0.069419
2946	0.069147
2947	0.068877
2948	0.068606
2949	0.068335
2950	0.068064
2951	0.067793
2952	0.067522
2953	0.067251
2954	0.066980
2955	0.066709
2956	0.066438
2957	0.066167
2958	0.065896
2959	0.065625
2960	0.065354
2961	0.065084
2962	0.064812
2963	0.064542
2964	0.064270
2965	0.064000
2966	0.063729
2967	0.063458
2968	0.063187
2969	0.062916
2970	0.062645
2971	0.062375
2972	0.062103
2973	0.061833
2974	0.061562
2975	0.061291
2976	0.061020
2977	0.060750
2978	0.060478
2979	0.060208
2980	0.059937
2981	0.059667
2982	0.059395
2983	0.059125
2984	0.058854
2985	0.058584
2986	0.058313
2987	0.058043
2988	0.057771
2989	0.057501
2990	0.057230
2991	0.056960
2992	0.056689
2993	0.056419
2994	0.056148
2995	0.055878
2996	0.055607
2997	0.055338
2998	0.055066
2999	0.054797
3000	0.054526
3001	0.054257
3002	0.053985
3003	0.053716
3004	0.053445
3005	0.053176
3006	0.052905
3007	0.052636
3008	0.052365
3009	0.052096
3010	0.051825
3011	0.051556
3012	0.051285
3013	0.051017
3014	0.050746
3015	0.050477
3016	0.050206
3017	0.049938
3018	0.049667
3019	0.049399
3020	0.049128
3021	0.048861
3022	0.048590
3023	0.048322
3024	0.048051
3025	0.047784
3026	0.047513
3027	0.047246
3028	0.046976
3029	0.046709
3030	0.046438
3031	0.046172
3032	0.045901
3033	0.045635
3034	0.045365
3035	0.045098
3036	0.044828
3037	0.044562
3038	0.044292
3039	0.044027
3040	0.043757
3041	0.043492
3042	0.043222
3043	0.042957
3044	0.042687
3045	0.042422
3046	0.042153
3047	0.041889
3048	0.041619
3049	0.041355
3050	0.041086
3051	0.040823
3052	0.040554
3053	0.040291
3054	0.040022
3055	0.039759
3056	0.039490
3057	0.039228
3058	0.038960
3059	0.038698
3060	0.038430
3061	0.038169
3062	0.037901
3063	0.037640
3064	0.037372
3065	0.037112
3066	0.036845
3067	0.036585
3068	0.036318
3069	0.036059
3070	0.035792
3071	0.035534
3072	0.035267
3073	0.035009
3074	0.034743
3075	0.034486
3076	0.034220
3077	0.033963
3078	0.033698
3079	0.033442
3080	0.033177
3081	0.032922
3082	0.032658
3083	0.032403
3084	0.032139
3085	0.031885
3086	0.031622
3087	0.031369
3088	0.031106
3089	0.030854
3090	0.030591
3091	0.030340
3092	0.030078
3093	0.029828
3094	0.029567
3095	0.029317
3096	0.029057
3097	0.028808
3098	0.028548
3099	0.028301
3100	0.028042
3101	0.027795
3102	0.027537
3103	0.027291
3104	0.027033
3105	0.026789
3106	0.026532
3107	0.026289
3108	0.026033
3109	0.025791
3110	0.025536
3111	0.025295
3112	0.025040
3113	0.024801
3114	0.024548
3115	0.024309
3116	0.024057
3117	0.023820
3118	0.023569
3119	0.023333
3120	0.023083
3121	0.022848
3122	0.022600
3123	0.022367
3124	0.022119
3125	0.021888
3126	0.021641
3127	0.021411
3128	0.021166
3129	0.020938
3130	0.020694
3131	0.020467
3132	0.020226
3133	0.020000
3134	0.019760
3135	0.019536
3136	0.019297
3137	0.019075
3138	0.018838
3139	0.018618
3140	0.018382
3141	0.018164
3142	0.017930
3143	0.017714
3144	0.017482
3145	0.017267
3146	0.017037
3147	0.016824
3148	0.016596
3149	0.016386
3150	0.016160
3151	0.015951
3152	0.015727
3153	0.015521
3154	0.015299
3155	0.015095
3156	0.014875
3157	0.014673
3158	0.014456
3159	0.014256
3160	0.014041
3161	0.013844
3162	0.013631
3163	0.013436
3164	0.013226
3165	0.013034
3166	0.012826
3167	0.012637
3168	0.012431
3169	0.012244
3170	0.012042
3171	0.011857
3172	0.011658
3173	0.011476
3174	0.011279
3175	0.011100
3176	0.010906
3177	0.010730
3178	0.010539
3179	0.010365
3180	0.010177
3181	0.010007
3182	0.009822
3183	0.009654
3184	0.009472
3185	0.009308
3186	0.009129
3187	0.008968
3188	0.008792
3189	0.008634
3190	0.008462
3191	0.008307
3192	0.008138
3193	0.007986
3194	0.007821
3195	0.007672
3196	0.007510
3197	0.007364
3198	0.007206
3199	0.007063
3200	0.006909
3201	0.006770
3202	0.006619
3203	0.006483
3204	0.006335
3205	0.006203
3206	0.006059
3207	0.005930
3208	0.005790
3209	0.005665
3210	0.005528
3211	0.005406
3212	0.005274
3213	0.005155
3214	0.005026
3215	0.004911
3216	0.004786
3217	0.004674
3218	0.004552
3219	0.004444
3220	0.004327
3221	0.004222
3222	0.004108
3223	0.004006
3224	0.003896
3225	0.003798
3226	0.003692
3227	0.003597
3228	0.003495
3229	0.003404
3230	0.003305
3231	0.003217
3232	0.003122
3233	0.003037
3234	0.002946
3235	0.002864
3236	0.002777
3237	0.002699
3238	0.002614
3239	0.002540
3240	0.002459
3241	0.002387
3242	0.002310
3243	0.002241
3244	0.002168
3245	0.002102
3246	0.002032
3247	0.001969
3248	0.001902
3249	0.001842
3250	0.001778
3251	0.001722
3252	0.001661
3253	0.001607
3254	0.001549
3255	0.001498
3256	0.001443
3257	0.001395
3258	0.001343
3259	0.001297
3260	0.001248
3261	0.001205
3262	0.001158
3263	0.001117
3264	0.001074
3265	0.001035
3266	0.000994
3267	0.000958
3268	0.000919
3269	0.000885
3270	0.000848
3271	0.000816
3272	0.000782
3273	0.000752
3274	0.000720
3275	0.000692
3276	0.000662
3277	0.000636
3278	0.000608
3279	0.000584
3280	0.000558
3281	0.000535
3282	0.000511
3283	0.000490
3284	0.000467
3285	0.000447
3286	0.000427
3287	0.000408
3288	0.000389
3289	0.000372
3290	0.000354
3291	0.000339
3292	0.000322
3293	0.000308
3294	0.000293
3295	0.000279
3296	0.000265
3297	0.000253
3298	0.000240
3299	0.000229
3300	0.000217
3301	0.000207
3302	0.000196
3303	0.000187
3304	0.000177
3305	0.000168
3306	0.000159
3307	0.000151
3308	0.000143
3309	0.000136
3310	0.000128
3311	0.000122
3312	0.000115
3313	0.000109
3314	0.000103
3315	0.000098
3316	0.000092
3317	0.000087
3318	0.000082
3319	0.000078
3320	0.000073
3321	0.000069
3322	0.000065
3323	0.000061
3324	0.000058
3325	0.000055
3326	0.000051
3327	0.000048
3328	0.000045
3329	0.000043
3330	0.000040
3331	0.000038
3332	0.000035
3333	0.000033
3334	0.000031
3335	0.000029
3336	0.000027
3337	0.000026
3338	0.000024
3339	0.000023
3340	0.000021
3341	0.000020
3342	0.000019
3343	0.000017
3344	0.000016
3345	0.000015
3346	0.000014
3347	0.000013
3348	0.000012
3349	0.000012
3350	0.000011
3351	0.000010
3352	0.000009
3353	0.000009
3354	0.000008
3355	0.000008
3356	0.000007
3357	0.000007
3358	0.000006
3359	0.000006
3360	0.000005
3361	0.000005
3362	0.000005
3363	0.000004
3364	0.000004
3365	0.000004
3366	0.000003
3367	0.000003
3368	0.000003
3369	0.000003
3370	0.000002
3371	0.000002
3372	0.000002
3373	0.000002
3374	0.000002
3375	0.000002
3376	0.000002
3377	0.000001
3378	0.000001
3379	0.000001
3380	0.000001
3381	0.000001
3382	0.000001
3383	0.000001
3384	0.000001
3385	0.000001
3386	0.000001
3387	0.000001
3388	0.000001
3389	0.000001
3390	0.000000
3391	0.000000
3392	0.000000
3393	0.000000
3394	0.000000
3395	0.000000
3396	0.000000
3397	0.000000
3398	0.000000
3399	0.000000
3400	0.000000
3401	0.000000
3402	0.000000
3403	0.000000
3404	0.000000
3405	0.000000
3406	0.000000
3407	0.000000
3408	0.000000
3409	0.000000
3410	0.000000
3411	0.000000
3412	0.000000
3413	0.000000
3414	0.000000
3415	0.000000
3416	0.000000
3417	0.000000
3418	0.000000
3419	0.000000
3420	0.000000
3421	0.000000
3422	0.000000
3423	0.000000
3424	0.000000
3425	0.000000
3426	0.000000
3427	0.000000
3428	0.000000
3429	0.000000
3430	0.000000
3431	0.000000
3432	0.000000
3433	0.000000
3434	0.000000
3435	0.000000
3436	0.000000
3437	0.000000
3438	0.000000
3439	0.000000
3440	0.000000
3441	0.000000
3442	0.000000
3443	0.000000
3444	0.000000
3445	0.000000
3446	0.000000
3447	0.000000
3448	0.000000
3449	0.000000
3450	0.000000
3451	0.000000
3452	0.000000
3453	0.000000
3454	0.000000
3455	0.000000
3456	0.000000
3457	0.000000
3458	0.000000
3459	0.000000
3460	0.000000
3461	0.000000
3462	0.000000
3463	0.000000
3464	0.000000
3465	0.000000
3466	0.000000
3467	0.000000
3468	0.000000
3469	0.000000
3470	0.000000
3471	0.000000
3472	0.000000
3473	0.000000
3474	0.000000
3475	0.000000
3476	0.000000
3477	0.000000
3478	0.000000
3479	0.000000
3480	0.000000
3481	0.000000
3482	0.000000
3483	0.000000
3484	0.000000
3485	0.000000
3486	0.000000
3487	0.000000
3488	0.000000
3489	0.000000
3490	0.000000
3491	0.000000
3492	0.000000
3493	0.000000
3494	0.000000
3495	0.000000
3496	0.000000
3497	0.000000
3498	0.000000
3499	0.000000
3500	0.000000
3501	0.000000
3502	0.000000
3503	0.000000
3504	0.000000
3505	0.000000
3506	0.000000
3507	0.000000
3508	0.000000
3509	0.000000
3510	0.000000
3511	0.000000
3512	0.000000
3513	0.000000
3514	0.000000
3515	0.000000
3516	0.000000
3517	0.000000
3518	0.000000
3519	0.000000
3520	0.000000
3521	0.000000
3522	0.000000
3523	0.000000
3524	0.000000
3525	0.000000
3526	0.000000
3527	0.000000
3528	0.000000
3529	0.000000
3530	0.000000
3531	0.000000
3532	0.000000
3533	0.000000
3534	0.000000
3535	0.000000
3536	0.000000
3537	0.000000
3538	0.000000
3539	0.000000
3540	0.000000
3541	0.000000
3542	0.000000
3543	0.000000
3544	0.000000
3545	0.000000
3546	0.000000
3547	0.000000
3548	0.000000
3549	0.000000
3550	0.000000
3551	0.000000
3552	0.000000
3553	0.000000
3554	0.000000
3555	0.000000
3556	0.000000
3557	0.000000
3558	0.000000
3559	0.000000
3560	0.000000
3561	0.000000
3562	0.000000
3563	0.000000
3564	0.000000
3565	0.000000
3566	0.000000
3567	0.000000
3568	0.000000
3569	0.000000
3570	0.000000
3571	0.000000
3572	0.000000
3573	0.000000
3574	0.000000
3575	0.000000
3576	0.000000
3577	0.000000
3578	0.000000
3579	0.000000
3580	0.000000
3581	0.000000
3582	0.000000
3583	0.000000
3584	0.000000
3585	0.000000
3586	0.000000
3587	0.000000
3588	0.000000
3589	0.000000
3590	0.000000
3591	0.000000
3592	0.000000
3593	0.000000
3594	0.000000
3595	0.000000
3596	0.000000
3597	0.000000
3598	0.000000
3599	0.000000
3600	0.000000
3601	0.000000
3602	0.000000
3603	0.000000
3604	0.000000
3605	0.000000
3606	0.000000
3607	0.000000
3608	0.000000
3609	0.000000
3610	0.000000
3611	0.000000
3612	0.000000
3613	0.000000
3614	0.000000
3615	0.000000
3616	0.000000
3617	0.000000
3618	0.000000
3619	0.000000
3620	0.000000
3621	0.000000
3622	0.000000
3623	0.000000
3624	0.000000
3625	0.000000
3626	0.000000
3627	0.000000
3628	0.000000
3629	0.000000
3630	0.000000
3631	0.000000
3632	0.000000
3633	0.000000
3634	0.000000
3635	0.000000
3636	0.000000
3637	0.000000
3638	0.000000
3639	0.000000
3640	0.000000
3641	0.000000
3642	0.000000
3643	0.000000
3644	0.000000
3645	0.000000
3646	0.000000
3647	0.000000
3648	0.000000
3649	0.000000
3650	0.000000
3651	0.000000
3652	0.000000
3653	0.000000
3654	0.000000
3655	0.000000
3656	0.000000
3657	0.000000
3658	0.000000
3659	0.000000
3660	0.000000
3661	0.000000
3662	0.000000
3663	0.000000
3664	0.000000
3665	0.000000
3666	0.000000
3667	0.000000
3668	0.000000
3669	0.000000
3670	0.000000
3671	0.000000
3672	0.000000
3673	0.000000
3674	0.000000
3675	0.000000
3676	0.000000
3677	0.000000
3678	0.000000
3679	0.000000
3680	0.000000
3681	0.000000
3682	0.000000
3683	0.000000
3684	0.000000
3685	0.000000
3686	0.000000
3687	0.000000
3688	0.000000
3689	0.000000
3690	0.000000
3691	0.000000
3692	0.000000
3693	0.000000
3694	0.000000
3695	0.000000
3696	0.000000
3697	0.000000
3698	0.000000
3699	0.000000
3700	0.000000
3701	0.000000
3702	0.000000
3703	0.000000
3704	0.000000
3705	0.000000
3706	0.000000
3707	0.000000
3708	0.000000
3709	0.000000
3710	0.000000
3711	0.000000
3712	0.000000
3713	0.000000
3714	0.000000
3715	0.000000
3716	0.000000
3717	0.000000
3718	0.000000
3719	0.000000
3720	0.000000
3721	0.000000
3722	0.000000
3723	0.000000
3724	0.000000
3725	0.000000
3726	0.000000
3727	0.000000
3728	0.000000
3729	0.000000
3730	0.000000
3731	0.000000
3732	0.000000
3733	0.000000
3734	0.000000
3735	0.000000
3736	0.000000
3737	0.000000
3738	0.000000
3739	0.000000
3740	0.000000
3741	0.000000
3742	0.000000
3743	0.000000
3744	0.000000
3745	0.000000
3746	0.000000
3747	0.000000
3748	0.000000
3749	0.000000
3750	0.000000
3751	0.000000
3752	0.000000
3753	0.000000
3754	0.000000
3755	0.000000
3756	0.000000
3757	0.000000
3758	0.000000
3759	0.000000
3760	0.000000
3761	0.000000
3762	0.000000
3763	0.000000
3764	0.000000
3765	0.000000
3766	0.000000
3767	0.000000
3768	0.000000
3769	0.000000
3770	0.000000
3771	0.000000
3772	0.000000
3773	0.000000
3774	0.000000
3775	0.000000
3776	0.000000
3777	0.000000
3778	0.000000
3779	0.000000
3780	0.000000
3781	0.000000
3782	0.000000
3783	0.000000
3784	0.000000
3785	0.000000
3786	0.000000
3787	0.000000
3788	0.000000
3789	0.000000
3790	0.000000
3791	0.000000
3792	0.000000
3793	0.000000
3794	0.000000
3795	0.000000
3796	0.000000
3797	0.000000
3798	0.000000
3799	0.000000
3800	0.000000
3801	0.000000
3802	0.000000
3803	0.000000
3804	0.000000
3805	0.000000
3806	0.000000
3807	0.000000
3808	0.000000
3809	0.000000
3810	0.000000
3811	0.000000
3812	0.000000
3813	0.000000
3814	0.000000
3815	0.000000
3816	0.000000
3817	0.000000
3818	0.000000
3819	0.000000
3820	0.000000
3821	0.000000
3822	0.000000
3823	0.000000
3824	0.000000
3825	0.000000
3826	0.000000
3827	0.000000
3828	0.000000
3829	0.000000
3830	0.000000
3831	0.000000
3832	0.000000
3833	0.000000
3834	0.000000
3835	0.000000
3836	0.000000
3837	0.000000
3838	0.000000
3839	0.000000
3840	0.000000
3841	0.000000
3842	0.000000
3843	0.000000
3844	0.000000
3845	0.000000
3846	0.000000
3847	0.000000
3848	0.000000
3849	0.000000
3850	0.000000
3851	0.000000
3852	0.000000
3853	0.000000
3854	0.000000
3855	0.000000
3856	0.000000
3857	0.000000
3858	0.000000
3859	0.000000
3860	0.000000
3861	0.000000
3862	0.000000
3863	0.000000
3864	0.000000
3865	0.000000
3866	0.000000
3867	0.000000
3868	0.000000
3869	0.000000
3870	0.000000
3871	0.000000
3872	0.000000
3873	0.000000
3874	0.000000
3875	0.000000
3876	0.000000
3877	0.000000
3878	0.000000
3879	0.000000
3880	0.000000
3881	0.000000
3882	0.000000
3883	0.000000
3884	0.000000
3885	0.000000
3886	0.000000
3887	0.000000
3888	0.000000
3889	0.000000
3890	0.000000
3891	0.000000
3892	0.000000
3893	0.000000
3894	0.000000
3895	0.000000
3896	0.000000
3897	0.000000
3898	0.000000
3899	0.000000
3900	0.000000
3901	0.000000
3902	0.000000
3903	0.000000
3904	0.000000
3905	0.000000
3906	0.000000
3907	0.000000
3908	0.000000
3909	0.000000
3910	0.000000
3911	0.000000
3912	0.000000
3913	0.000000
3914	0.000000
3915	0.000000
3916	0.000000
3917	0.000000
3918	0.000000
3919	0.000000
3920	0.000000
3921	0.000000
3922	0.000000
3923	0.000000
3924	0.000000
3925	0.000000
3926	0.000000
3927	0.000000
3928	0.000000
3929	0.000000
3930	0.000000
3931	0.000000
3932	0.000000
3933	0.000000
3934	0.000000
3935	0.000000
3936	0.000000
3937	0.000000
3938	0.000000
3939	0.000000
3940	0.000000
3941	0.000000
3942	0.000000
3943	0.000000
3944	0.000000
3945	0.000000
3946	0.000000
3947	0.000000
3948	0.000000
3949	0.000000
3950	0.000000
3951	0.000000
3952	0.000000
3953	0.000000
3954	0.000000
3955	0.000000
3956	0.000000
3957	0.000000
3958	0.000000
3959	0.000000
3960	0.000000
3961	0.000000
3962	0.000000
3963	0.000000
3964	0.000000
3965	0.000000
3966	0.000000
3967	0.000000
3968	0.000000
3969	0.000000
3970	0.000000
3971	0.000000
3972	0.000000
3973	0.000000
3974	0.000000
3975	0.000000
3976	0.000000
3977	0.000000
3978	0.000000
3979	0.000000
3980	0.000000
3981	0.000000
3982	0.000000
3983	0.000000
3984	0.000000
3985	0.000000
3986	0.000000
3987	0.000000
3988	0.000000
3989	0.000000
3990	0.000000
3991	0.000000
3992	0.000000
3993	0.000000
3994	0.000000
3995	0.000000
3996	0.000000
3997	0.000000
3998	0.000000
3999	0.000000
4000	0.000000
4001	0.000000
