0	0.000000
1	0.000000
2	0.000000
3	0.000000
4	0.000000
5	0.000000
6	0.000000
7	0.000000
8	0.000000
9	0.000000
10	0.000000
11	0.000000
12	0.000000
13	0.000000
14	0.000000
15	0.000000
16	0.000000
17	0.000000
18	0.000000
19	0.000000
20	0.000000
21	0.000000
22	0.000000
23	0.000000
24	0.000000
25	0.000000
26	0.000000
27	0.000000
28	0.000000
29	0.000000
30	0.000000
31	0.000000
32	0.000000
33	0.000000
34	0.000000
35	0.000000
36	0.000000
37	0.000000
38	0.000000
39	0.000000
40	0.000000
41	0.000000
42	0.000000
43	0.000000
44	0.000000
45	0.000000
46	0.000000
47	0.000000
48	0.000000
49	0.000000
50	0.000000
51	0.000000
52	0.000000
53	0.000000
54	0.000000
55	0.000000
56	0.000000
57	0.000000
58	0.000000
59	0.000000
60	0.000000
61	0.000000
62	0.000000
63	0.000000
64	0.000000
65	0.000000
66	0.000000
67	0.000000
68	0.000000
69	0.000000
70	0.000000
71	0.000000
72	0.000000
73	0.000000
74	0.000000
75	0.000000
76	0.000000
77	0.000000
78	0.000000
79	0.000000
80	0.000000
81	0.000000
82	0.000000
83	0.000000
84	0.000000
85	0.000000
86	0.000000
87	0.000000
88	0.000000
89	0.000000
90	0.000000
91	0.000000
92	0.000000
93	0.000000
94	0.000000
95	0.000000
96	0.000000
97	0.000000
98	0.000000
99	0.000000
100	0.000000
101	0.000000
102	0.000000
103	0.000000
104	0.000000
105	0.000000
106	0.000000
107	0.000000
108	0.000000
109	0.000000
110	0.000000
111	0.000000
112	0.000000
113	0.000000
114	0.000000
115	0.000000
116	0.000000
117	0.000000
118	0.000000
119	0.000000
120	0.000000
121	0.000000
122	0.000000
123	0.000000
124	0.000000
125	0.000000
126	0.000000
127	0.000000
128	0.000000
129	0.000000
130	0.000000
131	0.000000
132	0.000000
133	0.000000
134	0.000000
135	0.000000
136	0.000000
137	0.000000
138	0.000000
139	0.000000
140	0.000000
141	0.000000
142	0.000000
143	0.000000
144	0.000000
145	0.000000
146	0.000000
147	0.000000
148	0.000000
149	0.000000
150	0.000000
151	0.000000
152	0.000000
153	0.000000
154	0.000000
155	0.000000
156	0.000000
157	0.000000
158	0.000000
159	0.000000
160	0.000000
161	0.000000
162	0.000000
163	0.000000
164	0.000000
165	0.000000
166	0.000000
167	0.000000
168	0.000000
169	0.000000
170	0.000000
171	0.000000
172	0.000000
173	0.000000
174	0.000000
175	0.000000
176	0.000000
177	0.000000
178	0.000000
179	0.000000
180	0.000000
181	0.000000
182	0.000000
183	0.000000
184	0.000000
185	0.000000
186	0.000000
187	0.000000
188	0.000000
189	0.000000
190	0.000000
191	0.000000
192	0.000000
193	0.000000
194	0.000000
195	0.000000
196	0.000000
197	0.000000
198	0.000000
199	0.000000
200	0.000000
201	0.000000
202	0.000000
203	0.000000
204	0.000000
205	0.000000
206	0.000000
207	0.000000
208	0.000000
209	0.000000
210	0.000000
211	0.000000
212	0.000000
213	0.000000
214	0.000000
215	0.000000
216	0.000000
217	0.000000
218	0.000000
219	0.000000
220	0.000000
221	0.000000
222	0.000000
223	0.000000
224	0.000000
225	0.000000
226	0.000000
227	0.000000
228	0.000000
229	0.000000
230	0.000000
231	0.000000
232	0.000000
233	0.000000
234	0.000000
235	0.000000
236	0.000000
237	0.000000
238	0.000000
239	0.000000
240	0.000000
241	0.000000
242	0.000000
243	0.000000
244	0.000000
245	0.000000
246	0.000000
247	0.000000
248	0.000000
249	0.000000
250	0.000000
251	0.000000
252	0.000000
253	0.000000
254	0.000000
255	0.000000
256	0.000000
257	0.000000
258	0.000000
259	0.000000
260	0.000000
261	0.000000
262	0.000000
263	0.000000
264	0.000000
265	0.000000
266	0.000000
267	0.000000
268	0.000000
269	0.000000
270	0.000000
271	0.000000
272	0.000000
273	0.000000
274	0.000000
275	0.000000
276	0.000000
277	0.000000
278	0.000000
279	0.000000
280	0.000000
281	0.000000
282	0.000000
283	0.000000
284	0.000000
285	0.000000
286	0.000000
287	0.000000
288	0.000000
289	0.000000
290	0.000000
291	0.000000
292	0.000000
293	0.000000
294	0.000000
295	0.000000
296	0.000000
297	0.000000
298	0.000000
299	0.000000
300	0.000000
301	0.000000
302	0.000000
303	0.000000
304	0.000000
305	0.000000
306	0.000000
307	0.000000
308	0.000000
309	0.000000
310	0.000000
311	0.000000
312	0.000000
313	0.000000
314	0.000000
315	0.000000
316	0.000000
317	0.000000
318	0.000000
319	0.000000
320	0.000000
321	0.000000
322	0.000000
323	0.000000
324	0.000000
325	0.000000
326	0.000000
327	0.000000
328	0.000000
329	0.000000
330	0.000000
331	0.000000
332	0.000000
333	0.000000
334	0.000000
335	0.000000
336	0.000000
337	0.000000
338	0.000000
339	0.000000
340	0.000000
341	0.000000
342	0.000000
343	0.000000
344	0.000000
345	0.000000
346	0.000000
347	0.000000
348	0.000000
349	0.000000
350	0.000000
351	0.000000
352	0.000000
353	0.000000
354	0.000000
355	0.000000
356	0.000000
357	0.000000
358	0.000000
359	0.000000
360	0.000000
361	0.000000
362	0.000000
363	0.000000
364	0.000000
365	0.000000
366	0.000000
367	0.000000
368	0.000000
369	0.000000
370	0.000000
371	0.000000
372	0.000000
373	0.000000
374	0.000000
375	0.000000
376	0.000000
377	0.000000
378	0.000000
379	0.000000
380	0.000000
381	0.000000
382	0.000000
383	0.000000
384	0.000000
385	0.000000
386	0.000000
387	0.000000
388	0.000000
389	0.000000
390	0.000000
391	0.000000
392	0.000000
393	0.000000
394	0.000000
395	0.000000
396	0.000000
397	0.000000
398	0.000000
399	0.000000
400	0.000000
401	0.000000
402	0.000000
403	0.000000
404	0.000000
405	0.000000
406	0.000000
407	0.000000
408	0.000000
409	0.000000
410	0.000000
411	0.000000
412	0.000000
413	0.000000
414	0.000000
415	0.000000
416	0.000000
417	0.000000
418	0.000000
419	0.000000
420	0.000000
421	0.000000
422	0.000000
423	0.000000
424	0.000000
425	0.000000
426	0.000000
427	0.000000
428	0.000000
429	0.000000
430	0.000000
431	0.000000
432	0.000000
433	0.000000
434	0.000000
435	0.000000
436	0.000000
437	0.000000
438	0.000000
439	0.000000
440	0.000000
441	0.000000
442	0.000000
443	0.000000
444	0.000000
445	0.000000
446	0.000000
447	0.000000
448	0.000000
449	0.000000
450	0.000000
451	0.000000
452	0.000000
453	0.000000
454	0.000000
455	0.000000
456	0.000000
457	0.000000
458	0.000000
459	0.000000
460	0.000000
461	0.000000
462	0.000000
463	0.000000
464	0.000000
465	0.000000
466	0.000000
467	0.000000
468	0.000000
469	0.000000
470	0.000000
471	0.000000
472	0.000000
473	0.000000
474	0.000000
475	0.000000
476	0.000000
477	0.000000
478	0.000000
479	0.000000
480	0.000000
481	0.000000
482	0.000000
483	0.000000
484	0.000000
485	0.000000
486	0.000000
487	0.000000
488	0.000000
489	0.000000
490	0.000000
491	0.000000
492	0.000000
493	0.000000
494	0.000000
495	0.000000
496	0.000000
497	0.000000
498	0.000000
499	0.000000
500	0.000000
501	0.000000
502	0.000000
503	0.000000
504	0.000000
505	0.000000
506	0.000000
507	0.000000
508	0.000000
509	0.000000
510	0.000000
511	0.000000
512	0.000000
513	0.000000
514	0.000000
515	0.000000
516	0.000000
517	0.000000
518	0.000000
519	0.000000
520	0.000000
521	0.000000
522	0.000000
523	0.000000
524	0.000000
525	0.000000
526	0.000000
527	0.000000
528	0.000000
529	0.000000
530	0.000000
531	0.000000
532	0.000000
533	0.000000
534	0.000000
535	0.000000
536	0.000000
537	0.000000
538	0.000000
539	0.000000
540	0.000000
541	0.000000
542	0.000000
543	0.000000
544	0.000000
545	0.000000
546	0.000000
547	0.000000
548	0.000000
549	0.000000
550	0.000000
551	0.000000
552	0.000000
553	0.000000
554	0.000000
555	0.000000
556	0.000000
557	0.000000
558	0.000000
559	0.000000
560	0.000000
561	0.000000
562	0.000000
563	0.000000
564	0.000000
565	0.000000
566	0.000000
567	0.000000
568	0.000000
569	0.000000
570	0.000000
571	0.000000
572	0.000000
573	0.000000
574	0.000000
575	0.000000
576	0.000000
577	0.000000
578	0.000000
579	0.000000
580	0.000000
581	0.000000
582	0.000000
583	0.000000
584	0.000000
585	0.000000
586	0.000000
587	0.000000
588	0.000000
589	0.000000
590	0.000000
591	0.000000
592	0.000000
593	0.000000
594	0.000000
595	0.000000
596	0.000000
597	0.000000
598	0.000000
599	0.000000
600	0.000000
601	0.000000
602	0.000000
603	0.000000
604	0.000000
605	0.000000
606	0.000000
607	0.000000
608	0.000000
609	0.000000
610	0.000000
611	0.000000
612	0.000000
613	0.000000
614	0.000000
615	0.000000
616	0.000000
617	0.000000
618	0.000000
619	0.000000
620	0.000000
621	0.000000
622	0.000000
623	0.000000
624	0.000000
625	0.000000
626	0.000000
627	0.000000
628	0.000000
629	0.000000
630	0.000000
631	0.000000
632	0.000000
633	0.000000
634	0.000000
635	0.000000
636	0.000000
637	0.000000
638	0.000000
639	0.000000
640	0.000000
641	0.000000
642	0.000000
643	0.000000
644	0.000000
645	0.000000
646	0.000000
647	0.000000
648	0.000000
649	0.000000
650	0.000000
651	0.000000
652	0.000000
653	0.000000
654	0.000000
655	0.000000
656	0.000000
657	0.000000
658	0.000000
659	0.000000
660	0.000000
661	0.000000
662	0.000000
663	0.000000
664	0.000000
665	0.000000
666	0.000000
667	0.000000
668	0.000000
669	0.000000
670	0.000000
671	0.000000
672	0.000000
673	0.000000
674	0.000000
675	0.000000
676	0.000000
677	0.000000
678	0.000000
679	0.000000
680	0.000000
681	0.000000
682	0.000000
683	0.000000
684	0.000000
685	0.000000
686	0.000000
687	0.000000
688	0.000000
689	0.000000
690	0.000000
691	0.000000
692	0.000000
693	0.000000
694	0.000000
695	0.000000
696	0.000000
697	0.000000
698	0.000000
699	0.000000
700	0.000000
701	0.000000
702	0.000000
703	0.000000
704	0.000000
705	0.000000
706	0.000000
707	0.000000
708	0.000000
709	0.000000
710	0.000000
711	0.000000
712	0.000000
713	0.000000
714	0.000000
715	0.000000
716	0.000000
717	0.000000
718	0.000000
719	0.000000
720	0.000000
721	0.000000
722	0.000000
723	0.000000
724	0.000000
725	0.000000
726	0.000000
727	0.000000
728	0.000000
729	0.000000
730	0.000000
731	0.000000
732	0.000000
733	0.000000
734	0.000000
735	0.000000
736	0.000000
737	0.000000
738	0.000000
739	0.000000
740	0.000000
741	0.000000
742	0.000000
743	0.000000
744	0.000000
745	0.000000
746	0.000000
747	0.000000
748	0.000000
749	0.000000
750	0.000000
751	0.000000
752	0.000000
753	0.000000
754	0.000000
755	0.000000
756	0.000000
757	0.000000
758	0.000000
759	0.000000
760	0.000000
761	0.000000
762	0.000000
763	0.000000
764	0.000000
765	0.000000
766	0.000000
767	0.000000
768	0.000000
769	0.000000
770	0.000000
771	0.000000
772	0.000000
773	0.000000
774	0.000000
775	0.000000
776	0.000000
777	0.000000
778	0.000000
779	0.000000
780	0.000000
781	0.000000
782	0.000000
783	0.000000
784	0.000000
785	0.000000
786	0.000000
787	0.000000
788	0.000000
789	0.000000
790	0.000000
791	0.000000
792	0.000000
793	0.000000
794	0.000000
795	0.000000
796	0.000000
797	0.000000
798	0.000000
799	0.000000
800	0.000000
801	0.000000
802	0.000000
803	0.000000
804	0.000000
805	0.000000
806	0.000000
807	0.000000
808	0.000000
809	0.000000
810	0.000000
811	0.000000
812	0.000000
813	0.000000
814	0.000000
815	0.000000
816	0.000000
817	0.000000
818	0.000000
819	0.000001
820	0.000001
821	0.000001
822	0.000001
823	0.000001
824	0.000001
825	0.000001
826	0.000001
827	0.000002
828	0.000002
829	0.000002
830	0.000003
831	0.000004
832	0.000005
833	0.000007
834	0.000010
835	0.000013
836	0.000019
837	0.000028
838	0.000041
839	0.000060
840	0.000088
841	0.000131
842	0.000195
843	0.000292
844	0.000438
845	0.000657
846	0.000987
847	0.001485
848	0.002233
849	0.003359
850	0.005049
851	0.007579
852	0.011351
853	0.016937
854	0.025125
855	0.036950
856	0.053661
857	0.076571
858	0.106710
859	0.144291
860	0.188183
861	0.235738
862	0.283318
863	0.327340
864	0.365272
865	0.396041
866	0.419828
867	0.437566
868	0.450459
869	0.459677
870	0.466207
871	0.470822
872	0.474094
873	0.476435
874	0.478137
875	0.479400
876	0.480364
877	0.481122
878	0.481741
879	0.482262
880	0.482717
881	0.483125
882	0.483499
883	0.483850
884	0.484182
885	0.484501
886	0.484809
887	0.485108
888	0.485400
889	0.485684
890	0.485964
891	0.486237
892	0.486505
893	0.486769
894	0.487028
895	0.487282
896	0.487532
897	0.487778
898	0.488019
899	0.488257
900	0.488490
901	0.488720
902	0.488945
903	0.489167
904	0.489385
905	0.489599
906	0.489810
907	0.490017
908	0.490220
909	0.490420
910	0.490617
911	0.490810
912	0.491000
913	0.491186
914	0.491370
915	0.491550
916	0.491727
917	0.491901
918	0.492072
919	0.492240
920	0.492405
921	0.492567
922	0.492726
923	0.492882
924	0.493035
925	0.493186
926	0.493334
927	0.493479
928	0.493621
929	0.493761
930	0.493899
931	0.494033
932	0.494165
933	0.494295
934	0.494422
935	0.494547
936	0.494669
937	0.494788
938	0.494906
939	0.495021
940	0.495134
941	0.495244
942	0.495352
943	0.495458
944	0.495562
945	0.495663
946	0.495763
947	0.495860
948	0.495955
949	0.496048
950	0.496139
951	0.496228
952	0.496315
953	0.496399
954	0.496482
955	0.496563
956	0.496642
957	0.496719
958	0.496794
959	0.496867
960	0.496938
961	0.497007
962	0.497075
963	0.497141
964	0.497204
965	0.497267
966	0.497327
967	0.497385
968	0.497442
969	0.497497
970	0.497551
971	0.497603
972	0.497653
973	0.497701
974	0.497748
975	0.497793
976	0.497836
977	0.497878
978	0.497918
979	0.497957
980	0.497994
981	0.498030
982	0.498064
983	0.498097
984	0.498128
985	0.498157
986	0.498185
987	0.498212
988	0.498237
989	0.498261
990	0.498283
991	0.498304
992	0.498324
993	0.498342
994	0.498358
995	0.498374
996	0.498388
997	0.498400
998	0.498411
999	0.498421
1000	0.498430
1001	0.498437
1002	0.498443
1003	0.498448
1004	0.498451
1005	0.498453
1006	0.498454
1007	0.498454
1008	0.498452
1009	0.498449
1010	0.498445
1011	0.498440
1012	0.498434
1013	0.498426
1014	0.498417
1015	0.498407
1016	0.498396
1017	0.498383
1018	0.498370
1019	0.498355
1020	0.498339
1021	0.498322
1022	0.498304
1023	0.498285
1024	0.498265
1025	0.498244
1026	0.498221
1027	0.498198
1028	0.498173
1029	0.498147
1030	0.498121
1031	0.498093
1032	0.498064
1033	0.498034
1034	0.498003
1035	0.497971
1036	0.497938
1037	0.497904
1038	0.497869
1039	0.497833
1040	0.497796
1041	0.497758
1042	0.497719
1043	0.497679
1044	0.497639
1045	0.497597
1046	0.497554
1047	0.497510
1048	0.497466
1049	0.497420
1050	0.497373
1051	0.497326
1052	0.497278
1053	0.497228
1054	0.497178
1055	0.497127
1056	0.497075
1057	0.497022
1058	0.496968
1059	0.496914
1060	0.496858
1061	0.496802
1062	0.496744
1063	0.496686
1064	0.496627
1065	0.496568
1066	0.496507
1067	0.496445
1068	0.496383
1069	0.496320
1070	0.496256
1071	0.496191
1072	0.496125
1073	0.496059
1074	0.495992
1075	0.495924
1076	0.495855
1077	0.495785
1078	0.495715
1079	0.495644
1080	0.495572
1081	0.495499
1082	0.495425
1083	0.495351
1084	0.495276
1085	0.495200
1086	0.495124
1087	0.495047
1088	0.494969
1089	0.494890
1090	0.494810
1091	0.494730
1092	0.494649
1093	0.494567
1094	0.494485
1095	0.494402
1096	0.494318
1097	0.494233
1098	0.494148
1099	0.494062
1100	0.493976
1101	0.493888
1102	0.493800
1103	0.493711
1104	0.493622
1105	0.493532
1106	0.493441
1107	0.493350
1108	0.493258
1109	0.493165
1110	0.493072
1111	0.492977
1112	0.492883
1113	0.492787
1114	0.492691
1115	0.492595
1116	0.492497
1117	0.492399
1118	0.492301
1119	0.492201
1120	0.492102
1121	0.492001
1122	0.491900
1123	0.491798
1124	0.491696
1125	0.491593
1126	0.491489
1127	0.491385
1128	0.491280
1129	0.491175
1130	0.491069
1131	0.490962
1132	0.490855
1133	0.490747
1134	0.490639
1135	0.490530
1136	0.490421
1137	0.490310
1138	0.490200
1139	0.490088
1140	0.489977
1141	0.489864
1142	0.489751
1143	0.489638
1144	0.489524
1145	0.489409
1146	0.489294
1147	0.489178
1148	0.489062
1149	0.488945
1150	0.488827
1151	0.488709
1152	0.488591
1153	0.488472
1154	0.488352
1155	0.488232
1156	0.488112
1157	0.487990
1158	0.487869
1159	0.487746
1160	0.487624
1161	0.487500
1162	0.487377
1163	0.487252
1164	0.487128
1165	0.487002
1166	0.486876
1167	0.486750
1168	0.486623
1169	0.486496
1170	0.486368
1171	0.486240
1172	0.486111
1173	0.485982
1174	0.485852
1175	0.485722
1176	0.485591
1177	0.485459
1178	0.485328
1179	0.485195
1180	0.485063
1181	0.484930
1182	0.484796
1183	0.484662
1184	0.484527
1185	0.484392
1186	0.484256
1187	0.484120
1188	0.483984
1189	0.483847
1190	0.483710
1191	0.483572
1192	0.483433
1193	0.483295
1194	0.483156
1195	0.483016
1196	0.482876
1197	0.482735
1198	0.482594
1199	0.482453
1200	0.482311
1201	0.482168
1202	0.482026
1203	0.481882
1204	0.481739
1205	0.481595
1206	0.481450
1207	0.481305
1208	0.481160
1209	0.481014
1210	0.480868
1211	0.480721
1212	0.480574
1213	0.480427
1214	0.480279
1215	0.480131
1216	0.479982
1217	0.479833
1218	0.479683
1219	0.479533
1220	0.479383
1221	0.479232
1222	0.479081
1223	0.478929
1224	0.478777
1225	0.478625
1226	0.478472
1227	0.478319
1228	0.478166
1229	0.478012
1230	0.477857
1231	0.477703
1232	0.477547
1233	0.477392
1234	0.477236
1235	0.477080
1236	0.476923
1237	0.476766
1238	0.476608
1239	0.476451
1240	0.476292
1241	0.476134
1242	0.475975
1243	0.475816
1244	0.475656
1245	0.475496
1246	0.475335
1247	0.475175
1248	0.475013
1249	0.474852
1250	0.474690
1251	0.474528
1252	0.474365
1253	0.474202
1254	0.474039
1255	0.473875
1256	0.473711
1257	0.473546
1258	0.473382
1259	0.473216
1260	0.473051
1261	0.472885
1262	0.472719
1263	0.472552
1264	0.472386
1265	0.472218
1266	0.472051
1267	0.471883
1268	0.471715
1269	0.471546
1270	0.471377
1271	0.471208
1272	0.471038
1273	0.470868
1274	0.470698
1275	0.470527
1276	0.470356
1277	0.470185
1278	0.470013
1279	0.469841
1280	0.469669
1281	0.469496
1282	0.469324
1283	0.469150
1284	0.468977
1285	0.468803
1286	0.468629
1287	0.468454
1288	0.468279
1289	0.468104
1290	0.467928
1291	0.467753
1292	0.467576
1293	0.467400
1294	0.467223
1295	0.467046
1296	0.466869
1297	0.466691
1298	0.466513
1299	0.466335
1300	0.466156
1301	0.465977
1302	0.465798
1303	0.465618
1304	0.465438
1305	0.465258
1306	0.465078
1307	0.464897
1308	0.464716
1309	0.464535
1310	0.464353
1311	0.464171
1312	0.463989
1313	0.463806
1314	0.463623
1315	0.463440
1316	0.463257
1317	0.463073
1318	0.462889
1319	0.462705
1320	0.462520
1321	0.462335
1322	0.462150
1323	0.461965
1324	0.461779
1325	0.461593
1326	0.461407
1327	0.461220
1328	0.461033
1329	0.460846
1330	0.460659
1331	0.460471
1332	0.460283
1333	0.460095
1334	0.459906
1335	0.459718
1336	0.459529
1337	0.459339
1338	0.459150
1339	0.458960
1340	0.458770
1341	0.458579
1342	0.458388
1343	0.458197
1344	0.458006
1345	0.457815
1346	0.457623
1347	0.457431
1348	0.457239
1349	0.457046
1350	0.456853
1351	0.456660
1352	0.456467
1353	0.456273
1354	0.456079
1355	0.455885
1356	0.455691
1357	0.455496
1358	0.455301
1359	0.455106
1360	0.454911
1361	0.454715
1362	0.454519
1363	0.454323
1364	0.454126
1365	0.453930
1366	0.453733
1367	0.453536
1368	0.453338
1369	0.453141
1370	0.452943
1371	0.452744
1372	0.452546
1373	0.452347
1374	0.452148
1375	0.451949
1376	0.451750
1377	0.451550
1378	0.451350
1379	0.451150
1380	0.450950
1381	0.450749
1382	0.450548
1383	0.450347
1384	0.450146
1385	0.449944
1386	0.449743
1387	0.449541
1388	0.449338
1389	0.449136
1390	0.448933
1391	0.448730
1392	0.448527
1393	0.448324
1394	0.448120
1395	0.447916
1396	0.447712
1397	0.447507
1398	0.447303
1399	0.447098
1400	0.446893
1401	0.446688
1402	0.446482
1403	0.446277
1404	0.446071
1405	0.445864
1406	0.445658
1407	0.445451
1408	0.445245
1409	0.445038
1410	0.444830
1411	0.444623
1412	0.444415
1413	0.444207
1414	0.443999
1415	0.443791
1416	0.443582
1417	0.443373
1418	0.443164
1419	0.442955
1420	0.442745
1421	0.442536
1422	0.442326
1423	0.442116
1424	0.441905
1425	0.441695
1426	0.441484
1427	0.441273
1428	0.441062
1429	0.440851
1430	0.440639
1431	0.440427
1432	0.440215
1433	0.440003
1434	0.439791
1435	0.439578
1436	0.439365
1437	0.439152
1438	0.438939
1439	0.438725
1440	0.438512
1441	0.438298
1442	0.438084
1443	0.437869
1444	0.437655
1445	0.437440
1446	0.437225
1447	0.437010
1448	0.436795
1449	0.436580
1450	0.436364
1451	0.436148
1452	0.435932
1453	0.435716
1454	0.435499
1455	0.435283
1456	0.435066
1457	0.434849
1458	0.434632
1459	0.434414
1460	0.434196
1461	0.433979
1462	0.433761
1463	0.433542
1464	0.433324
1465	0.433105
1466	0.432887
1467	0.432668
1468	0.432448
1469	0.432229
1470	0.432010
1471	0.431790
1472	0.431570
1473	0.431350
1474	0.431130
1475	0.430909
1476	0.430688
1477	0.430468
1478	0.430247
1479	0.430025
1480	0.429804
1481	0.429582
1482	0.429361
1483	0.429139
1484	0.428916
1485	0.428694
1486	0.428472
1487	0.428249
1488	0.428026
1489	0.427803
1490	0.427580
1491	0.427356
1492	0.427133
1493	0.426909
1494	0.426685
1495	0.426461
1496	0.426237
1497	0.426012
1498	0.425788
1499	0.425563
1500	0.425338
1501	0.425113
1502	0.424887
1503	0.424662
1504	0.424436
1505	0.424210
1506	0.423984
1507	0.423758
1508	0.423531
1509	0.423305
1510	0.423078
1511	0.422851
1512	0.422624
1513	0.422397
1514	0.422170
1515	0.421942
1516	0.421714
1517	0.421486
1518	0.421258
1519	0.421030
1520	0.420802
1521	0.420573
1522	0.420344
1523	0.420115
1524	0.419886
1525	0.419657
1526	0.419428
1527	0.419198
1528	0.418968
1529	0.418738
1530	0.418508
1531	0.418278
1532	0.418048
1533	0.417817
1534	0.417586
1535	0.417355
1536	0.417124
1537	0.416893
1538	0.416662
1539	0.416430
1540	0.416199
1541	0.415967
1542	0.415735
1543	0.415503
1544	0.415270
1545	0.415038
1546	0.414805
1547	0.414572
1548	0.414340
1549	0.414106
1550	0.413873
1551	0.413640
1552	0.413406
1553	0.413173
1554	0.412939
1555	0.412705
1556	0.412470
1557	0.412236
1558	0.412002
1559	0.411767
1560	0.411532
1561	0.411297
1562	0.411062
1563	0.410827
1564	0.410592
1565	0.410356
1566	0.410120
1567	0.409884
1568	0.409648
1569	0.409412
1570	0.409176
1571	0.408940
1572	0.408703
1573	0.408466
1574	0.408229
1575	0.407992
1576	0.407755
1577	0.407518
1578	0.407280
1579	0.407043
1580	0.406805
1581	0.406567
1582	0.406329
1583	0.406091
1584	0.405852
1585	0.405614
1586	0.405375
1587	0.405137
1588	0.404898
1589	0.404659
1590	0.404419
1591	0.404180
1592	0.403941
1593	0.403701
1594	0.403461
1595	0.403221
1596	0.402981
1597	0.402741
1598	0.402501
1599	0.402260
1600	0.402020
1601	0.401779
1602	0.401538
1603	0.401297
1604	0.401056
1605	0.400815
1606	0.400573
1607	0.400332
1608	0.400090
1609	0.399848
1610	0.399606
1611	0.399364
1612	0.399122
1613	0.398879
1614	0.398637
1615	0.398394
1616	0.398151
1617	0.397908
1618	0.397665
1619	0.397422
1620	0.397179
1621	0.396935
1622	0.396692
1623	0.396448
1624	0.396204
1625	0.395960
1626	0.395716
1627	0.395472
1628	0.395228
1629	0.394983
1630	0.394738
1631	0.394494
1632	0.394249
1633	0.394004
1634	0.393759
1635	0.393513
1636	0.393268
1637	0.393022
1638	0.392777
1639	0.392531
1640	0.392285
1641	0.392039
1642	0.391793
1643	0.391546
1644	0.391300
1645	0.391054
1646	0.390807
1647	0.390560
1648	0.390313
1649	0.390066
1650	0.389819
1651	0.389572
1652	0.389324
1653	0.389077
1654	0.388829
1655	0.388581
1656	0.388333
1657	0.388085
1658	0.387837
1659	0.387589
1660	0.387340
1661	0.387092
1662	0.386843
1663	0.386594
1664	0.386345
1665	0.386096
1666	0.385847
1667	0.385598
1668	0.385349
1669	0.385099
1670	0.384849
1671	0.384600
1672	0.384350
1673	0.384100
1674	0.383850
1675	0.383600
1676	0.383349
1677	0.383099
1678	0.382848
1679	0.382597
1680	0.382347
1681	0.382096
1682	0.381845
1683	0.381594
1684	0.381342
1685	0.381091
1686	0.380839
1687	0.380588
1688	0.380336
1689	0.380084
1690	0.379832
1691	0.379580
1692	0.379328
1693	0.379076
1694	0.378823
1695	0.378571
1696	0.378318
1697	0.378065
1698	0.377812
1699	0.377559
1700	0.377306
1701	0.377053
1702	0.376800
1703	0.376546
1704	0.376293
1705	0.376039
1706	0.375785
1707	0.375531
1708	0.375277
1709	0.375023
1710	0.374769
1711	0.374515
1712	0.374260
1713	0.374006
1714	0.373751
1715	0.373496
1716	0.373242
1717	0.372987
1718	0.372732
1719	0.372476
1720	0.372221
1721	0.371966
1722	0.371710
1723	0.371455
1724	0.371199
1725	0.370943
1726	0.370687
1727	0.370431
1728	0.370175
1729	0.369919
1730	0.369662
1731	0.369406
1732	0.369149
1733	0.368892
1734	0.368636
1735	0.368379
1736	0.368122
1737	0.367865
1738	0.367607
1739	0.367350
1740	0.367093
1741	0.366835
1742	0.366578
1743	0.366320
1744	0.366062
1745	0.365804
1746	0.365546
1747	0.365288
1748	0.365030
1749	0.364771
1750	0.364513
1751	0.364254
1752	0.363996
1753	0.363737
1754	0.363478
1755	0.363219
1756	0.362960
1757	0.362701
1758	0.362442
1759	0.362182
1760	0.361923
1761	0.361663
1762	0.361404
1763	0.361144
1764	0.360884
1765	0.360624
1766	0.360364
1767	0.360104
1768	0.359844
1769	0.359583
1770	0.359323
1771	0.359062
1772	0.358802
1773	0.358541
1774	0.358280
1775	0.358019
1776	0.357758
1777	0.357497
1778	0.357236
1779	0.356975
1780	0.356713
1781	0.356452
1782	0.356190
1783	0.355928
1784	0.355667
1785	0.355405
1786	0.355143
1787	0.354881
1788	0.354619
1789	0.354356
1790	0.354094
1791	0.353832
1792	0.353569
1793	0.353306
1794	0.353044
1795	0.352781
1796	0.352518
1797	0.352255
1798	0.351992
1799	0.351729
1800	0.351465
1801	0.351202
1802	0.350938
1803	0.350675
1804	0.350411
1805	0.350148
1806	0.349884
1807	0.349620
1808	0.349356
1809	0.349092
1810	0.348827
1811	0.348563
1812	0.348299
1813	0.348034
1814	0.347770
1815	0.347505
1816	0.347240
1817	0.346976
1818	0.346711
1819	0.346446
1820	0.346181
1821	0.345915
1822	0.345650
1823	0.345385
1824	0.345119
1825	0.344854
1826	0.344588
1827	0.344322
1828	0.344057
1829	0.343791
1830	0.343525
1831	0.343259
1832	0.342993
1833	0.342726
1834	0.342460
1835	0.342194
1836	0.341927
1837	0.341661
1838	0.341394
1839	0.341127
1840	0.340860
1841	0.340593
1842	0.340326
1843	0.340059
1844	0.339792
1845	0.339525
1846	0.339258
1847	0.338990
1848	0.338723
1849	0.338455
1850	0.338187
1851	0.337920
1852	0.337652
1853	0.337384
1854	0.337116
1855	0.336848
1856	0.336579
1857	0.336311
1858	0.336043
1859	0.335774
1860	0.335506
1861	0.335237
1862	0.334969
1863	0.334700
1864	0.334431
1865	0.334162
1866	0.333893
1867	0.333624
1868	0.333355
1869	0.333086
1870	0.332816
1871	0.332547
1872	0.332277
1873	0.332008
1874	0.331738
1875	0.331468
1876	0.331199
1877	0.330929
1878	0.330659
1879	0.330389
1880	0.330119
1881	0.329848
1882	0.329578
1883	0.329308
1884	0.329037
1885	0.328767
1886	0.328496
1887	0.328226
1888	0.327955
1889	0.327684
1890	0.327413
1891	0.327142
1892	0.326871
1893	0.326600
1894	0.326329
1895	0.326057
1896	0.325786
1897	0.325514
1898	0.325243
1899	0.324971
1900	0.324700
1901	0.324428
1902	0.324156
1903	0.323884
1904	0.323612
1905	0.323340
1906	0.323068
1907	0.322796
1908	0.322523
1909	0.322251
1910	0.321979
1911	0.321706
1912	0.321434
1913	0.321161
1914	0.320888
1915	0.320615
1916	0.320342
1917	0.320069
1918	0.319796
1919	0.319523
1920	0.319250
1921	0.318977
1922	0.318704
1923	0.318430
1924	0.318157
1925	0.317883
1926	0.317609
1927	0.317336
1928	0.317062
1929	0.316788
1930	0.316514
1931	0.316240
1932	0.315966
1933	0.315692
1934	0.315418
1935	0.315144
1936	0.314869
1937	0.314595
1938	0.314320
1939	0.314046
1940	0.313771
1941	0.313496
1942	0.313222
1943	0.312947
1944	0.312672
1945	0.312397
1946	0.312122
1947	0.311847
1948	0.311572
1949	0.311296
1950	0.311021
1951	0.310746
1952	0.310470
1953	0.310195
1954	0.309919
1955	0.309643
1956	0.309368
1957	0.309092
1958	0.308816
1959	0.308540
1960	0.308264
1961	0.307988
1962	0.307712
1963	0.307435
1964	0.307159
1965	0.306883
1966	0.306606
1967	0.306330
1968	0.306053
1969	0.305777
1970	0.305500
1971	0.305223
1972	0.304946
1973	0.304669
1974	0.304392
1975	0.304115
1976	0.303838
1977	0.303561
1978	0.303284
1979	0.303007
1980	0.302729
1981	0.302452
1982	0.302174
1983	0.301897
1984	0.301619
1985	0.301341
1986	0.301064
1987	0.300786
1988	0.300508
1989	0.300230
1990	0.299952
1991	0.299674
1992	0.299396
1993	0.299117
1994	0.298839
1995	0.298561
1996	0.298282
1997	0.298004
1998	0.297725
1999	0.297447
2000	0.297168
2001	0.296889
2002	0.296611
2003	0.296332
2004	0.296053
2005	0.295774
2006	0.295495
2007	0.295216
2008	0.294936
2009	0.294657
2010	0.294378
2011	0.294099
2012	0.293819
2013	0.293540
2014	0.293260
2015	0.292980
2016	0.292701
2017	0.292421
2018	0.292141
2019	0.291861
2020	0.291581
2021	0.291302
2022	0.291021
2023	0.290741
2024	0.290461
2025	0.290181
2026	0.289901
2027	0.289620
2028	0.289340
2029	0.289059
2030	0.288779
2031	0.288498
2032	0.288218
2033	0.287937
2034	0.287656
2035	0.287375
2036	0.287095
2037	0.286814
2038	0.286533
2039	0.286251
2040	0.285970
2041	0.285689
2042	0.285408
2043	0.285127
2044	0.284845
2045	0.284564
2046	0.284282
2047	0.284001
2048	0.283719
2049	0.283438
2050	0.283156
2051	0.282874
2052	0.282592
2053	0.282310
2054	0.282028
2055	0.281746
2056	0.281464
2057	0.281182
2058	0.280900
2059	0.280618
2060	0.280336
2061	0.280053
2062	0.279771
2063	0.279488
2064	0.279206
2065	0.278923
2066	0.278641
2067	0.278358
2068	0.278075
2069	0.277792
2070	0.277510
2071	0.277227
2072	0.276944
2073	0.276661
2074	0.276378
2075	0.276094
2076	0.275811
2077	0.275528
2078	0.275245
2079	0.274961
2080	0.274678
2081	0.274394
2082	0.274111
2083	0.273827
2084	0.273544
2085	0.273260
2086	0.272976
2087	0.272692
2088	0.272409
2089	0.272125
2090	0.271841
2091	0.271557
2092	0.271273
2093	0.270989
2094	0.270704
2095	0.270420
2096	0.270136
2097	0.269852
2098	0.269567
2099	0.269283
2100	0.268998
2101	0.268714
2102	0.268429
2103	0.268144
2104	0.267860
2105	0.267575
2106	0.267290
2107	0.267005
2108	0.266720
2109	0.266435
2110	0.266150
2111	0.265865
2112	0.265580
2113	0.265295
2114	0.265010
2115	0.264724
2116	0.264439
2117	0.264154
2118	0.263868
2119	0.263583
2120	0.263297
2121	0.263012
2122	0.262726
2123	0.262440
2124	0.262155
2125	0.261869
2126	0.261583
2127	0.261297
2128	0.261011
2129	0.260725
2130	0.260439
2131	0.260153
2132	0.259867
2133	0.259581
2134	0.259294
2135	0.259008
2136	0.258722
2137	0.258435
2138	0.258149
2139	0.257862
2140	0.257576
2141	0.257289
2142	0.257002
2143	0.256716
2144	0.256429
2145	0.256142
2146	0.255855
2147	0.255568
2148	0.255282
2149	0.254995
2150	0.254707
2151	0.254420
2152	0.254133
2153	0.253846
2154	0.253559
2155	0.253272
2156	0.252984
2157	0.252697
2158	0.252409
2159	0.252122
2160	0.251834
2161	0.251547
2162	0.251259
2163	0.250972
2164	0.250684
2165	0.250396
2166	0.250108
2167	0.249820
2168	0.249532
2169	0.249245
2170	0.248957
2171	0.248669
2172	0.248380
2173	0.248092
2174	0.247804
2175	0.247516
2176	0.247228
2177	0.246939
2178	0.246651
2179	0.246362
2180	0.246074
2181	0.245786
2182	0.245497
2183	0.245208
2184	0.244920
2185	0.244631
2186	0.244342
2187	0.244053
2188	0.243765
2189	0.243476
2190	0.243187
2191	0.242898
2192	0.242609
2193	0.242320
2194	0.242031
2195	0.241742
2196	0.241452
2197	0.241163
2198	0.240874
2199	0.240585
2200	0.240295
2201	0.240006
2202	0.239716
2203	0.239427
2204	0.239137
2205	0.238848
2206	0.238558
2207	0.238268
2208	0.237979
2209	0.237689
2210	0.237399
2211	0.237109
2212	0.236819
2213	0.236529
2214	0.236239
2215	0.235949
2216	0.235659
2217	0.235369
2218	0.235079
2219	0.234789
2220	0.234499
2221	0.234208
2222	0.233918
2223	0.233628
2224	0.233337
2225	0.233047
2226	0.232756
2227	0.232466
2228	0.232175
2229	0.231885
2230	0.231594
2231	0.231303
2232	0.231013
2233	0.230722
2234	0.230431
2235	0.230140
2236	0.229849
2237	0.229558
2238	0.229267
2239	0.228976
2240	0.228685
2241	0.228394
2242	0.228103
2243	0.227812
2244	0.227520
2245	0.227229
2246	0.226938
2247	0.226646
2248	0.226355
2249	0.226064
2250	0.225772
2251	0.225481
2252	0.225189
2253	0.224897
2254	0.224606
2255	0.224314
2256	0.224022
2257	0.223730
2258	0.223439
2259	0.223147
2260	0.222855
2261	0.222563
2262	0.222271
2263	0.221979
2264	0.221687
2265	0.221395
2266	0.221103
2267	0.220811
2268	0.220518
2269	0.220226
2270	0.219934
2271	0.219642
2272	0.219349
2273	0.219057
2274	0.218764
2275	0.218472
2276	0.218179
2277	0.217887
2278	0.217594
2279	0.217302
2280	0.217009
2281	0.216716
2282	0.216424
2283	0.216131
2284	0.215838
2285	0.215545
2286	0.215252
2287	0.214959
2288	0.214666
2289	0.214373
2290	0.214080
2291	0.213787
2292	0.213494
2293	0.213201
2294	0.212908
2295	0.212614
2296	0.212321
2297	0.212028
2298	0.211735
2299	0.211441
2300	0.211148
2301	0.210854
2302	0.210561
2303	0.210267
2304	0.209974
2305	0.209680
2306	0.209386
2307	0.209093
2308	0.208799
2309	0.208505
2310	0.208212
2311	0.207918
2312	0.207624
2313	0.207330
2314	0.207036
2315	0.206742
2316	0.206448
2317	0.206154
2318	0.205860
2319	0.205566
2320	0.205272
2321	0.204978
2322	0.204683
2323	0.204389
2324	0.204095
2325	0.203801
2326	0.203506
2327	0.203212
2328	0.202917
2329	0.202623
2330	0.202328
2331	0.202034
2332	0.201739
2333	0.201445
2334	0.201150
2335	0.200855
2336	0.200561
2337	0.200266
2338	0.199971
2339	0.199676
2340	0.199382
2341	0.199087
2342	0.198792
2343	0.198497
2344	0.198202
2345	0.197907
2346	0.197612
2347	0.197317
2348	0.197022
2349	0.196727
2350	0.196431
2351	0.196136
2352	0.195841
2353	0.195546
2354	0.195250
2355	0.194955
2356	0.194660
2357	0.194364
2358	0.194069
2359	0.193773
2360	0.193478
2361	0.193182
2362	0.192887
2363	0.192591
2364	0.192296
2365	0.192000
2366	0.191704
2367	0.191408
2368	0.191113
2369	0.190817
2370	0.190521
2371	0.190225
2372	0.189929
2373	0.189633
2374	0.189337
2375	0.189041
2376	0.188745
2377	0.188449
2378	0.188153
2379	0.187857
2380	0.187561
2381	0.187265
2382	0.186969
2383	0.186672
2384	0.186376
2385	0.186080
2386	0.185784
2387	0.185487
2388	0.185191
2389	0.184894
2390	0.184598
2391	0.184301
2392	0.184005
2393	0.183708
2394	0.183412
2395	0.183115
2396	0.182819
2397	0.182522
2398	0.182225
2399	0.181928
2400	0.181632
2401	0.181335
2402	0.181038
2403	0.180741
2404	0.180444
2405	0.180147
2406	0.179850
2407	0.179554
2408	0.179257
2409	0.178959
2410	0.178662
2411	0.178365
2412	0.178068
2413	0.177771
2414	0.177474
2415	0.177177
2416	0.176879
2417	0.176582
2418	0.176285
2419	0.175988
2420	0.175690
2421	0.175393
2422	0.175095
2423	0.174798
2424	0.174501
2425	0.174203
2426	0.173906
2427	0.173608
2428	0.173310
2429	0.173013
2430	0.172715
2431	0.172418
2432	0.172120
2433	0.171822
2434	0.171524
2435	0.171227
2436	0.170929
2437	0.170631
2438	0.170333
2439	0.170035
2440	0.169737
2441	0.169439
2442	0.169141
2443	0.168843
2444	0.168545
2445	0.168247
2446	0.167949
2447	0.167651
2448	0.167353
2449	0.167055
2450	0.166757
2451	0.166458
2452	0.166160
2453	0.165862
2454	0.165564
2455	0.165265
2456	0.164967
2457	0.164668
2458	0.164370
2459	0.164072
2460	0.163773
2461	0.163475
2462	0.163176
2463	0.162878
2464	0.162579
2465	0.162281
2466	0.161982
2467	0.161683
2468	0.161385
2469	0.161086
2470	0.160787
2471	0.160488
2472	0.160190
2473	0.159891
2474	0.159592
2475	0.159293
2476	0.158994
2477	0.158695
2478	0.158396
2479	0.158098
2480	0.157799
2481	0.157500
2482	0.157201
2483	0.156901
2484	0.156602
2485	0.156303
2486	0.156004
2487	0.155705
2488	0.155406
2489	0.155107
2490	0.154807
2491	0.154508
2492	0.154209
2493	0.153910
2494	0.153610
2495	0.153311
2496	0.153011
2497	0.152712
2498	0.152413
2499	0.152113
2500	0.151814
2501	0.151514
2502	0.151215
2503	0.150915
2504	0.150616
2505	0.150316
2506	0.150016
2507	0.149717
2508	0.149417
2509	0.149117
2510	0.148818
2511	0.148518
2512	0.148218
2513	0.147918
2514	0.147619
2515	0.147319
2516	0.147019
2517	0.146719
2518	0.146419
2519	0.146119
2520	0.145819
2521	0.145519
2522	0.145219
2523	0.144919
2524	0.144619
2525	0.144319
2526	0.144019
2527	0.143719
2528	0.143419
2529	0.143119
2530	0.142819
2531	0.142518
2532	0.142218
2533	0.141918
2534	0.141618
2535	0.141317
2536	0.141017
2537	0.140717
2538	0.140416
2539	0.140116
2540	0.139816
2541	0.139515
2542	0.139215
2543	0.138914
2544	0.138614
2545	0.138313
2546	0.138013
2547	0.137712
2548	0.137412
2549	0.137111
2550	0.136810
2551	0.136510
2552	0.136209
2553	0.135908
2554	0.135608
2555	0.135307
2556	0.135006
2557	0.134705
2558	0.134405
2559	0.134104
2560	0.133803
2561	0.133502
2562	0.133201
2563	0.132900
2564	0.132600
2565	0.132299
2566	0.131998
2567	0.131697
2568	0.131396
2569	0.131095
2570	0.130794
2571	0.130493
2572	0.130191
2573	0.129890
2574	0.129589
2575	0.129288
2576	0.128987
2577	0.128686
2578	0.128385
2579	0.128083
2580	0.127782
2581	0.127481
2582	0.127180
2583	0.126878
2584	0.126577
2585	0.126276
2586	0.125974
2587	0.125673
2588	0.125372
2589	0.125070
2590	0.124769
2591	0.124467
2592	0.124166
2593	0.123864
2594	0.123563
2595	0.123261
2596	0.122960
2597	0.122658
2598	0.122357
2599	0.122055
2600	0.121753
2601	0.121452
2602	0.121150
2603	0.120848
2604	0.120547
2605	0.120245
2606	0.119943
2607	0.119641
2608	0.119340
2609	0.119038
2610	0.118736
2611	0.118434
2612	0.118132
2613	0.117831
2614	0.117529
2615	0.117227
2616	0.116925
2617	0.116623
2618	0.116321
2619	0.116019
2620	0.115717
2621	0.115415
2622	0.115113
2623	0.114811
2624	0.114509
2625	0.114207
2626	0.113905
2627	0.113603
2628	0.113300
2629	0.112998
2630	0.112696
2631	0.112394
2632	0.112092
2633	0.111790
2634	0.111487
2635	0.111185
2636	0.110883
2637	0.110580
2638	0.110278
2639	0.109976
2640	0.109674
2641	0.109371
2642	0.109069
2643	0.108766
2644	0.108464
2645	0.108162
2646	0.107859
2647	0.107557
2648	0.107254
2649	0.106952
2650	0.106649
2651	0.106347
2652	0.106044
2653	0.105742
2654	0.105439
2655	0.105137
2656	0.104834
2657	0.104531
2658	0.104229
2659	0.103926
2660	0.103623
2661	0.103321
2662	0.103018
2663	0.102715
2664	0.102413
2665	0.102110
2666	0.101807
2667	0.101504
2668	0.101202
2669	0.100899
2670	0.100596
2671	0.100293
2672	0.099990
2673	0.099687
2674	0.099384
2675	0.099082
2676	0.098779
2677	0.098476
2678	0.098173
2679	0.097870
2680	0.097567
2681	0.097264
2682	0.096961
2683	0.096658
2684	0.096355
2685	0.096052
2686	0.095749
2687	0.095446
2688	0.095143
2689	0.094840
2690	0.094536
2691	0.094233
2692	0.093930
2693	0.093627
2694	0.093324
2695	0.093021
2696	0.092717
2697	0.092414
2698	0.092111
2699	0.091808
2700	0.091505
2701	0.091201
2702	0.090898
2703	0.090595
2704	0.090291
2705	0.089988
2706	0.089685
2707	0.089381
2708	0.089078
2709	0.088775
2710	0.088471
2711	0.088168
2712	0.087865
2713	0.087561
2714	0.087258
2715	0.086954
2716	0.086651
2717	0.086347
2718	0.086044
2719	0.085740
2720	0.085437
2721	0.085133
2722	0.084830
2723	0.084526
2724	0.084223
2725	0.083919
2726	0.083616
2727	0.083312
2728	0.083008
2729	0.082705
2730	0.082401
2731	0.082097
2732	0.081794
2733	0.081490
2734	0.081186
2735	0.080883
2736	0.080579
2737	0.080275
2738	0.079972
2739	0.079668
2740	0.079364
2741	0.079060
2742	0.078757
2743	0.078453
2744	0.078149
2745	0.077845
2746	0.077542
2747	0.077238
2748	0.076934
2749	0.076630
2750	0.076326
2751	0.076023
2752	0.075719
2753	0.075415
2754	0.075111
2755	0.074807
2756	0.074503
2757	0.074199
2758	0.073895
2759	0.073592
2760	0.073288
2761	0.072984
2762	0.072680
2763	0.072376
2764	0.072072
2765	0.071768
2766	0.071464
2767	0.071160
2768	0.070856
2769	0.070552
2770	0.070248
2771	0.069944
2772	0.069640
2773	0.069336
2774	0.069032
2775	0.068728
2776	0.068424
2777	0.068120
2778	0.067816
2779	0.067512
2780	0.067208
2781	0.066904
2782	0.066600
2783	0.066296
2784	0.065992
2785	0.065688
2786	0.065384
2787	0.065080
2788	0.064776
2789	0.064473
2790	0.064168
2791	0.063865
2792	0.063560
2793	0.063257
2794	0.062952
2795	0.062649
2796	0.062345
2797	0.062041
2798	0.061737
2799	0.061433
2800	0.061129
2801	0.060825
2802	0.060521
2803	0.060218
2804	0.059913
2805	0.059610
2806	0.059306
2807	0.059002
2808	0.058698
2809	0.058395
2810	0.058091
2811	0.057787
2812	0.057483
2813	0.057180
2814	0.056876
2815	0.056573
2816	0.056269
2817	0.055966
2818	0.055662
2819	0.055359
2820	0.055055
2821	0.054752
2822	0.054448
2823	0.054145
2824	0.053841
2825	0.053539
2826	0.053235
2827	0.052932
2828	0.052628
2829	0.052326
2830	0.052022
2831	0.051720
2832	0.051416
2833	0.051114
2834	0.050810
2835	0.050509
2836	0.050205
2837	0.049903
2838	0.049600
2839	0.049298
2840	0.048995
2841	0.048694
2842	0.048390
2843	0.048089
2844	0.047786
2845	0.047485
2846	0.047182
2847	0.046881
2848	0.046578
2849	0.046278
2850	0.045975
2851	0.045675
2852	0.045372
2853	0.045073
2854	0.044770
2855	0.044471
2856	0.044168
2857	0.043869
2858	0.043567
2859	0.043268
2860	0.042966
2861	0.042668
2862	0.042366
2863	0.042068
2864	0.041766
2865	0.041469
2866	0.041167
2867	0.040871
2868	0.040569
2869	0.040273
2870	0.039972
2871	0.039676
2872	0.039375
2873	0.039080
2874	0.038779
2875	0.038485
2876	0.038184
2877	0.037890
2878	0.037590
2879	0.037297
2880	0.036997
2881	0.036704
2882	0.036405
2883	0.036113
2884	0.035814
2885	0.035523
2886	0.035225
2887	0.034934
2888	0.034636
2889	0.034346
2890	0.034049
2891	0.033760
2892	0.033463
2893	0.033175
2894	0.032878
2895	0.032591
2896	0.032295
2897	0.032009
2898	0.031714
2899	0.031429
2900	0.031134
2901	0.030850
2902	0.030556
2903	0.030273
2904	0.029980
2905	0.029698
2906	0.029406
2907	0.029125
2908	0.028834
2909	0.028554
2910	0.028263
2911	0.027985
2912	0.027695
2913	0.027418
2914	0.027130
2915	0.026854
2916	0.026566
2917	0.026292
2918	0.026006
2919	0.025732
2920	0.025448
2921	0.025176
2922	0.024892
2923	0.024622
2924	0.024340
2925	0.024071
2926	0.023790
2927	0.023523
2928	0.023244
2929	0.022979
2930	0.022701
2931	0.022437
2932	0.022161
2933	0.021899
2934	0.021625
2935	0.021365
2936	0.021092
2937	0.020834
2938	0.020563
2939	0.020307
2940	0.020038
2941	0.019785
2942	0.019517
2943	0.019266
2944	0.019001
2945	0.018752
2946	0.018489
2947	0.018242
2948	0.017981
2949	0.017737
2950	0.017478
2951	0.017236
2952	0.016980
2953	0.016741
2954	0.016487
2955	0.016250
2956	0.015999
2957	0.015765
2958	0.015517
2959	0.015286
2960	0.015040
2961	0.014812
2962	0.014569
2963	0.014344
2964	0.014104
2965	0.013881
2966	0.013644
2967	0.013425
2968	0.013191
2969	0.012975
2970	0.012745
2971	0.012532
2972	0.012305
2973	0.012096
2974	0.011872
2975	0.011666
2976	0.011445
2977	0.011243
2978	0.011026
2979	0.010827
2980	0.010614
2981	0.010419
2982	0.010210
2983	0.010018
2984	0.009813
2985	0.009625
2986	0.009423
2987	0.009239
2988	0.009042
2989	0.008862
2990	0.008668
2991	0.008492
2992	0.008303
2993	0.008131
2994	0.007946
2995	0.007778
2996	0.007597
2997	0.007433
2998	0.007257
2999	0.007097
3000	0.006925
3001	0.006769
3002	0.006602
3003	0.006451
3004	0.006288
3005	0.006141
3006	0.005983
3007	0.005840
3008	0.005686
3009	0.005547
3010	0.005399
3011	0.005264
3012	0.005120
3013	0.004990
3014	0.004850
3015	0.004725
3016	0.004590
3017	0.004468
3018	0.004338
3019	0.004221
3020	0.004096
3021	0.003983
3022	0.003862
3023	0.003753
3024	0.003637
3025	0.003533
3026	0.003421
3027	0.003321
3028	0.003214
3029	0.003118
3030	0.003016
3031	0.002924
3032	0.002826
3033	0.002738
3034	0.002644
3035	0.002561
3036	0.002471
3037	0.002391
3038	0.002306
3039	0.002230
3040	0.002149
3041	0.002077
3042	0.002000
3043	0.001932
3044	0.001859
3045	0.001794
3046	0.001725
3047	0.001664
3048	0.001599
3049	0.001541
3050	0.001479
3051	0.001425
3052	0.001367
3053	0.001315
3054	0.001261
3055	0.001213
3056	0.001161
3057	0.001116
3058	0.001068
3059	0.001026
3060	0.000981
3061	0.000941
3062	0.000899
3063	0.000862
3064	0.000823
3065	0.000789
3066	0.000752
3067	0.000720
3068	0.000686
3069	0.000657
3070	0.000625
3071	0.000598
3072	0.000569
3073	0.000543
3074	0.000516
3075	0.000493
3076	0.000468
3077	0.000446
3078	0.000423
3079	0.000404
3080	0.000383
3081	0.000364
3082	0.000345
3083	0.000328
3084	0.000311
3085	0.000295
3086	0.000279
3087	0.000265
3088	0.000250
3089	0.000238
3090	0.000224
3091	0.000213
3092	0.000201
3093	0.000190
3094	0.000179
3095	0.000169
3096	0.000159
3097	0.000151
3098	0.000142
3099	0.000134
3100	0.000126
3101	0.000119
3102	0.000112
3103	0.000105
3104	0.000099
3105	0.000093
3106	0.000087
3107	0.000082
3108	0.000077
3109	0.000072
3110	0.000068
3111	0.000064
3112	0.000059
3113	0.000056
3114	0.000052
3115	0.000049
3116	0.000046
3117	0.000043
3118	0.000040
3119	0.000037
3120	0.000035
3121	0.000032
3122	0.000030
3123	0.000028
3124	0.000026
3125	0.000025
3126	0.000023
3127	0.000021
3128	0.000020
3129	0.000018
3130	0.000017
3131	0.000016
3132	0.000015
3133	0.000014
3134	0.000013
3135	0.000012
3136	0.000011
3137	0.000010
3138	0.000009
3139	0.000009
3140	0.000008
3141	0.000007
3142	0.000007
3143	0.000006
3144	0.000006
3145	0.000005
3146	0.000005
3147	0.000005
3148	0.000004
3149	0.000004
3150	0.000004
3151	0.000003
3152	0.000003
3153	0.000003
3154	0.000003
3155	0.000002
3156	0.000002
3157	0.000002
3158	0.000002
3159	0.000002
3160	0.000002
3161	0.000001
3162	0.000001
3163	0.000001
3164	0.000001
3165	0.000001
3166	0.000001
3167	0.000001
3168	0.000001
3169	0.000001
3170	0.000001
3171	0.000001
3172	0.000001
3173	0.000000
3174	0.000000
3175	0.000000
3176	0.000000
3177	0.000000
3178	0.000000
3179	0.000000
3180	0.000000
3181	0.000000
3182	0.000000
3183	0.000000
3184	0.000000
3185	0.000000
3186	0.000000
3187	0.000000
3188	0.000000
3189	0.000000
3190	0.000000
3191	0.000000
3192	0.000000
3193	0.000000
3194	0.000000
3195	0.000000
3196	0.000000
3197	0.000000
3198	0.000000
3199	0.000000
3200	0.000000
3201	0.000000
3202	0.000000
3203	0.000000
3204	0.000000
3205	0.000000
3206	0.000000
3207	0.000000
3208	0.000000
3209	0.000000
3210	0.000000
3211	0.000000
3212	0.000000
3213	0.000000
3214	0.000000
3215	0.000000
3216	0.000000
3217	0.000000
3218	0.000000
3219	0.000000
3220	0.000000
3221	0.000000
3222	0.000000
3223	0.000000
3224	0.000000
3225	0.000000
3226	0.000000
3227	0.000000
3228	0.000000
3229	0.000000
3230	0.000000
3231	0.000000
3232	0.000000
3233	0.000000
3234	0.000000
3235	0.000000
3236	0.000000
3237	0.000000
3238	0.000000
3239	0.000000
3240	0.000000
3241	0.000000
3242	0.000000
3243	0.000000
3244	0.000000
3245	0.000000
3246	0.000000
3247	0.000000
3248	0.000000
3249	0.000000
3250	0.000000
3251	0.000000
3252	0.000000
3253	0.000000
3254	0.000000
3255	0.000000
3256	0.000000
3257	0.000000
3258	0.000000
3259	0.000000
3260	0.000000
3261	0.000000
3262	0.000000
3263	0.000000
3264	0.000000
3265	0.000000
3266	0.000000
3267	0.000000
3268	0.000000
3269	0.000000
3270	0.000000
3271	0.000000
3272	0.000000
3273	0.000000
3274	0.000000
3275	0.000000
3276	0.000000
3277	0.000000
3278	0.000000
3279	0.000000
3280	0.000000
3281	0.000000
3282	0.000000
3283	0.000000
3284	0.000000
3285	0.000000
3286	0.000000
3287	0.000000
3288	0.000000
3289	0.000000
3290	0.000000
3291	0.000000
3292	0.000000
3293	0.000000
3294	0.000000
3295	0.000000
3296	0.000000
3297	0.000000
3298	0.000000
3299	0.000000
3300	0.000000
3301	0.000000
3302	0.000000
3303	0.000000
3304	0.000000
3305	0.000000
3306	0.000000
3307	0.000000
3308	0.000000
3309	0.000000
3310	0.000000
3311	0.000000
3312	0.000000
3313	0.000000
3314	0.000000
3315	0.000000
3316	0.000000
3317	0.000000
3318	0.000000
3319	0.000000
3320	0.000000
3321	0.000000
3322	0.000000
3323	0.000000
3324	0.000000
3325	0.000000
3326	0.000000
3327	0.000000
3328	0.000000
3329	0.000000
3330	0.000000
3331	0.000000
3332	0.000000
3333	0.000000
3334	0.000000
3335	0.000000
3336	0.000000
3337	0.000000
3338	0.000000
3339	0.000000
3340	0.000000
3341	0.000000
3342	0.000000
3343	0.000000
3344	0.000000
3345	0.000000
3346	0.000000
3347	0.000000
3348	0.000000
3349	0.000000
3350	0.000000
3351	0.000000
3352	0.000000
3353	0.000000
3354	0.000000
3355	0.000000
3356	0.000000
3357	0.000000
3358	0.000000
3359	0.000000
3360	0.000000
3361	0.000000
3362	0.000000
3363	0.000000
3364	0.000000
3365	0.000000
3366	0.000000
3367	0.000000
3368	0.000000
3369	0.000000
3370	0.000000
3371	0.000000
3372	0.000000
3373	0.000000
3374	0.000000
3375	0.000000
3376	0.000000
3377	0.000000
3378	0.000000
3379	0.000000
3380	0.000000
3381	0.000000
3382	0.000000
3383	0.000000
3384	0.000000
3385	0.000000
3386	0.000000
3387	0.000000
3388	0.000000
3389	0.000000
3390	0.000000
3391	0.000000
3392	0.000000
3393	0.000000
3394	0.000000
3395	0.000000
3396	0.000000
3397	0.000000
3398	0.000000
3399	0.000000
3400	0.000000
3401	0.000000
3402	0.000000
3403	0.000000
3404	0.000000
3405	0.000000
3406	0.000000
3407	0.000000
3408	0.000000
3409	0.000000
3410	0.000000
3411	0.000000
3412	0.000000
3413	0.000000
3414	0.000000
3415	0.000000
3416	0.000000
3417	0.000000
3418	0.000000
3419	0.000000
3420	0.000000
3421	0.000000
3422	0.000000
3423	0.000000
3424	0.000000
3425	0.000000
3426	0.000000
3427	0.000000
3428	0.000000
3429	0.000000
3430	0.000000
3431	0.000000
3432	0.000000
3433	0.000000
3434	0.000000
3435	0.000000
3436	0.000000
3437	0.000000
3438	0.000000
3439	0.000000
3440	0.000000
3441	0.000000
3442	0.000000
3443	0.000000
3444	0.000000
3445	0.000000
3446	0.000000
3447	0.000000
3448	0.000000
3449	0.000000
3450	0.000000
3451	0.000000
3452	0.000000
3453	0.000000
3454	0.000000
3455	0.000000
3456	0.000000
3457	0.000000
3458	0.000000
3459	0.000000
3460	0.000000
3461	0.000000
3462	0.000000
3463	0.000000
3464	0.000000
3465	0.000000
3466	0.000000
3467	0.000000
3468	0.000000
3469	0.000000
3470	0.000000
3471	0.000000
3472	0.000000
3473	0.000000
3474	0.000000
3475	0.000000
3476	0.000000
3477	0.000000
3478	0.000000
3479	0.000000
3480	0.000000
3481	0.000000
3482	0.000000
3483	0.000000
3484	0.000000
3485	0.000000
3486	0.000000
3487	0.000000
3488	0.000000
3489	0.000000
3490	0.000000
3491	0.000000
3492	0.000000
3493	0.000000
3494	0.000000
3495	0.000000
3496	0.000000
3497	0.000000
3498	0.000000
3499	0.000000
3500	0.000000
3501	0.000000
3502	0.000000
3503	0.000000
3504	0.000000
3505	0.000000
3506	0.000000
3507	0.000000
3508	0.000000
3509	0.000000
3510	0.000000
3511	0.000000
3512	0.000000
3513	0.000000
3514	0.000000
3515	0.000000
3516	0.000000
3517	0.000000
3518	0.000000
3519	0.000000
3520	0.000000
3521	0.000000
3522	0.000000
3523	0.000000
3524	0.000000
3525	0.000000
3526	0.000000
3527	0.000000
3528	0.000000
3529	0.000000
3530	0.000000
3531	0.000000
3532	0.000000
3533	0.000000
3534	0.000000
3535	0.000000
3536	0.000000
3537	0.000000
3538	0.000000
3539	0.000000
3540	0.000000
3541	0.000000
3542	0.000000
3543	0.000000
3544	0.000000
3545	0.000000
3546	0.000000
3547	0.000000
3548	0.000000
3549	0.000000
3550	0.000000
3551	0.000000
3552	0.000000
3553	0.000000
3554	0.000000
3555	0.000000
3556	0.000000
3557	0.000000
3558	0.000000
3559	0.000000
3560	0.000000
3561	0.000000
3562	0.000000
3563	0.000000
3564	0.000000
3565	0.000000
3566	0.000000
3567	0.000000
3568	0.000000
3569	0.000000
3570	0.000000
3571	0.000000
3572	0.000000
3573	0.000000
3574	0.000000
3575	0.000000
3576	0.000000
3577	0.000000
3578	0.000000
3579	0.000000
3580	0.000000
3581	0.000000
3582	0.000000
3583	0.000000
3584	0.000000
3585	0.000000
3586	0.000000
3587	0.000000
3588	0.000000
3589	0.000000
3590	0.000000
3591	0.000000
3592	0.000000
3593	0.000000
3594	0.000000
3595	0.000000
3596	0.000000
3597	0.000000
3598	0.000000
3599	0.000000
3600	0.000000
3601	0.000000
3602	0.000000
3603	0.000000
3604	0.000000
3605	0.000000
3606	0.000000
3607	0.000000
3608	0.000000
3609	0.000000
3610	0.000000
3611	0.000000
3612	0.000000
3613	0.000000
3614	0.000000
3615	0.000000
3616	0.000000
3617	0.000000
3618	0.000000
3619	0.000000
3620	0.000000
3621	0.000000
3622	0.000000
3623	0.000000
3624	0.000000
3625	0.000000
3626	0.000000
3627	0.000000
3628	0.000000
3629	0.000000
3630	0.000000
3631	0.000000
3632	0.000000
3633	0.000000
3634	0.000000
3635	0.000000
3636	0.000000
3637	0.000000
3638	0.000000
3639	0.000000
3640	0.000000
3641	0.000000
3642	0.000000
3643	0.000000
3644	0.000000
3645	0.000000
3646	0.000000
3647	0.000000
3648	0.000000
3649	0.000000
3650	0.000000
3651	0.000000
3652	0.000000
3653	0.000000
3654	0.000000
3655	0.000000
3656	0.000000
3657	0.000000
3658	0.000000
3659	0.000000
3660	0.000000
3661	0.000000
3662	0.000000
3663	0.000000
3664	0.000000
3665	0.000000
3666	0.000000
3667	0.000000
3668	0.000000
3669	0.000000
3670	0.000000
3671	0.000000
3672	0.000000
3673	0.000000
3674	0.000000
3675	0.000000
3676	0.000000
3677	0.000000
3678	0.000000
3679	0.000000
3680	0.000000
3681	0.000000
3682	0.000000
3683	0.000000
3684	0.000000
3685	0.000000
3686	0.000000
3687	0.000000
3688	0.000000
3689	0.000000
3690	0.000000
3691	0.000000
3692	0.000000
3693	0.000000
3694	0.000000
3695	0.000000
3696	0.000000
3697	0.000000
3698	0.000000
3699	0.000000
3700	0.000000
3701	0.000000
3702	0.000000
3703	0.000000
3704	0.000000
3705	0.000000
3706	0.000000
3707	0.000000
3708	0.000000
3709	0.000000
3710	0.000000
3711	0.000000
3712	0.000000
3713	0.000000
3714	0.000000
3715	0.000000
3716	0.000000
3717	0.000000
3718	0.000000
3719	0.000000
3720	0.000000
3721	0.000000
3722	0.000000
3723	0.000000
3724	0.000000
3725	0.000000
3726	0.000000
3727	0.000000
3728	0.000000
3729	0.000000
3730	0.000000
3731	0.000000
3732	0.000000
3733	0.000000
3734	0.000000
3735	0.000000
3736	0.000000
3737	0.000000
3738	0.000000
3739	0.000000
3740	0.000000
3741	0.000000
3742	0.000000
3743	0.000000
3744	0.000000
3745	0.000000
3746	0.000000
3747	0.000000
3748	0.000000
3749	0.000000
3750	0.000000
3751	0.000000
3752	0.000000
3753	0.000000
3754	0.000000
3755	0.000000
3756	0.000000
3757	0.000000
3758	0.000000
3759	0.000000
3760	0.000000
3761	0.000000
3762	0.000000
3763	0.000000
3764	0.000000
3765	0.000000
3766	0.000000
3767	0.000000
3768	0.000000
3769	0.000000
3770	0.000000
3771	0.000000
3772	0.000000
3773	0.000000
3774	0.000000
3775	0.000000
3776	0.000000
3777	0.000000
3778	0.000000
3779	0.000000
3780	0.000000
3781	0.000000
3782	0.000000
3783	0.000000
3784	0.000000
3785	0.000000
3786	0.000000
3787	0.000000
3788	0.000000
3789	0.000000
3790	0.000000
3791	0.000000
3792	0.000000
3793	0.000000
3794	0.000000
3795	0.000000
3796	0.000000
3797	0.000000
3798	0.000000
3799	0.000000
3800	0.000000
3801	0.000000
3802	0.000000
3803	0.000000
3804	0.000000
3805	0.000000
3806	0.000000
3807	0.000000
3808	0.000000
3809	0.000000
3810	0.000000
3811	0.000000
3812	0.000000
3813	0.000000
3814	0.000000
3815	0.000000
3816	0.000000
3817	0.000000
3818	0.000000
3819	0.000000
3820	0.000000
3821	0.000000
3822	0.000000
3823	0.000000
3824	0.000000
3825	0.000000
3826	0.000000
3827	0.000000
3828	0.000000
3829	0.000000
3830	0.000000
3831	0.000000
3832	0.000000
3833	0.000000
3834	0.000000
3835	0.000000
3836	0.000000
3837	0.000000
3838	0.000000
3839	0.000000
3840	0.000000
3841	0.000000
3842	0.000000
3843	0.000000
3844	0.000000
3845	0.000000
3846	0.000000
3847	0.000000
3848	0.000000
3849	0.000000
3850	0.000000
3851	0.000000
3852	0.000000
3853	0.000000
3854	0.000000
3855	0.000000
3856	0.000000
3857	0.000000
3858	0.000000
3859	0.000000
3860	0.000000
3861	0.000000
3862	0.000000
3863	0.000000
3864	0.000000
3865	0.000000
3866	0.000000
3867	0.000000
3868	0.000000
3869	0.000000
3870	0.000000
3871	0.000000
3872	0.000000
3873	0.000000
3874	0.000000
3875	0.000000
3876	0.000000
3877	0.000000
3878	0.000000
3879	0.000000
3880	0.000000
3881	0.000000
3882	0.000000
3883	0.000000
3884	0.000000
3885	0.000000
3886	0.000000
3887	0.000000
3888	0.000000
3889	0.000000
3890	0.000000
3891	0.000000
3892	0.000000
3893	0.000000
3894	0.000000
3895	0.000000
3896	0.000000
3897	0.000000
3898	0.000000
3899	0.000000
3900	0.000000
3901	0.000000
3902	0.000000
3903	0.000000
3904	0.000000
3905	0.000000
3906	0.000000
3907	0.000000
3908	0.000000
3909	0.000000
3910	0.000000
3911	0.000000
3912	0.000000
3913	0.000000
3914	0.000000
3915	0.000000
3916	0.000000
3917	0.000000
3918	0.000000
3919	0.000000
3920	0.000000
3921	0.000000
3922	0.000000
3923	0.000000
3924	0.000000
3925	0.000000
3926	0.000000
3927	0.000000
3928	0.000000
3929	0.000000
3930	0.000000
3931	0.000000
3932	0.000000
3933	0.000000
3934	0.000000
3935	0.000000
3936	0.000000
3937	0.000000
3938	0.000000
3939	0.000000
3940	0.000000
3941	0.000000
3942	0.000000
3943	0.000000
3944	0.000000
3945	0.000000
3946	0.000000
3947	0.000000
3948	0.000000
3949	0.000000
3950	0.000000
3951	0.000000
3952	0.000000
3953	0.000000
3954	0.000000
3955	0.000000
3956	0.000000
3957	0.000000
3958	0.000000
3959	0.000000
3960	0.000000
3961	0.000000
3962	0.000000
3963	0.000000
3964	0.000000
3965	0.000000
3966	0.000000
3967	0.000000
3968	0.000000
3969	0.000000
3970	0.000000
3971	0.000000
3972	0.000000
3973	0.000000
3974	0.000000
3975	0.000000
3976	0.000000
3977	0.000000
3978	0.000000
3979	0.000000
3980	0.000000
3981	0.000000
3982	0.000000
3983	0.000000
3984	0.000000
3985	0.000000
3986	0.000000
3987	0.000000
3988	0.000000
3989	0.000000
3990	0.000000
3991	0.000000
3992	0.000000
3993	0.000000
3994	0.000000
3995	0.000000
3996	0.000000
3997	0.000000
3998	0.000000
3999	0.000000
4000	0.000000
4001	0.000000
