0	0.000000
1	0.000000
2	0.000000
3	0.000000
4	0.000000
5	0.000000
6	0.000000
7	0.000000
8	0.000000
9	0.000000
10	0.000000
11	0.000000
12	0.000000
13	0.000000
14	0.000000
15	0.000000
16	0.000000
17	0.000000
18	0.000000
19	0.000000
20	0.000000
21	0.000000
22	0.000000
23	0.000000
24	0.000000
25	0.000000
26	0.000000
27	0.000000
28	0.000000
29	0.000000
30	0.000000
31	0.000000
32	0.000000
33	0.000000
34	0.000000
35	0.000000
36	0.000000
37	0.000000
38	0.000000
39	0.000000
40	0.000000
41	0.000000
42	0.000000
43	0.000000
44	0.000000
45	0.000000
46	0.000000
47	0.000000
48	0.000000
49	0.000000
50	0.000000
51	0.000000
52	0.000000
53	0.000000
54	0.000000
55	0.000000
56	0.000000
57	0.000000
58	0.000000
59	0.000000
60	0.000000
61	0.000000
62	0.000000
63	0.000000
64	0.000000
65	0.000000
66	0.000000
67	0.000000
68	0.000000
69	0.000000
70	0.000000
71	0.000000
72	0.000000
73	0.000000
74	0.000000
75	0.000000
76	0.000000
77	0.000000
78	0.000000
79	0.000000
80	0.000000
81	0.000000
82	0.000000
83	0.000000
84	0.000000
85	0.000000
86	0.000000
87	0.000000
88	0.000000
89	0.000000
90	0.000000
91	0.000000
92	0.000000
93	0.000000
94	0.000000
95	0.000000
96	0.000000
97	0.000000
98	0.000000
99	0.000000
100	0.000000
101	0.000000
102	0.000000
103	0.000000
104	0.000000
105	0.000000
106	0.000000
107	0.000000
108	0.000000
109	0.000000
110	0.000000
111	0.000000
112	0.000000
113	0.000000
114	0.000000
115	0.000000
116	0.000000
117	0.000000
118	0.000000
119	0.000000
120	0.000000
121	0.000000
122	0.000000
123	0.000000
124	0.000000
125	0.000000
126	0.000000
127	0.000000
128	0.000000
129	0.000000
130	0.000000
131	0.000000
132	0.000000
133	0.000000
134	0.000000
135	0.000000
136	0.000000
137	0.000000
138	0.000000
139	0.000000
140	0.000000
141	0.000000
142	0.000000
143	0.000000
144	0.000000
145	0.000000
146	0.000000
147	0.000000
148	0.000000
149	0.000000
150	0.000000
151	0.000000
152	0.000000
153	0.000000
154	0.000000
155	0.000000
156	0.000000
157	0.000000
158	0.000000
159	0.000000
160	0.000000
161	0.000000
162	0.000000
163	0.000000
164	0.000000
165	0.000000
166	0.000000
167	0.000000
168	0.000000
169	0.000000
170	0.000000
171	0.000000
172	0.000000
173	0.000000
174	0.000000
175	0.000000
176	0.000000
177	0.000000
178	0.000000
179	0.000000
180	0.000000
181	0.000000
182	0.000000
183	0.000000
184	0.000000
185	0.000000
186	0.000000
187	0.000000
188	0.000000
189	0.000000
190	0.000000
191	0.000000
192	0.000000
193	0.000000
194	0.000000
195	0.000000
196	0.000000
197	0.000000
198	0.000000
199	0.000000
200	0.000000
201	0.000000
202	0.000000
203	0.000000
204	0.000000
205	0.000000
206	0.000000
207	0.000000
208	0.000000
209	0.000000
210	0.000000
211	0.000000
212	0.000000
213	0.000000
214	0.000000
215	0.000000
216	0.000000
217	0.000000
218	0.000000
219	0.000000
220	0.000000
221	0.000000
222	0.000000
223	0.000000
224	0.000000
225	0.000000
226	0.000000
227	0.000000
228	0.000000
229	0.000000
230	0.000000
231	0.000000
232	0.000000
233	0.000000
234	0.000000
235	0.000000
236	0.000000
237	0.000000
238	0.000000
239	0.000000
240	0.000000
241	0.000000
242	0.000000
243	0.000000
244	0.000000
245	0.000000
246	0.000000
247	0.000000
248	0.000000
249	0.000000
250	0.000000
251	0.000000
252	0.000000
253	0.000000
254	0.000000
255	0.000000
256	0.000000
257	0.000000
258	0.000000
259	0.000000
260	0.000000
261	0.000000
262	0.000000
263	0.000000
264	0.000000
265	0.000000
266	0.000000
267	0.000000
268	0.000000
269	0.000000
270	0.000000
271	0.000000
272	0.000000
273	0.000000
274	0.000000
275	0.000000
276	0.000000
277	0.000000
278	0.000000
279	0.000000
280	0.000000
281	0.000000
282	0.000000
283	0.000000
284	0.000000
285	0.000000
286	0.000000
287	0.000000
288	0.000000
289	0.000000
290	0.000000
291	0.000000
292	0.000000
293	0.000000
294	0.000000
295	0.000000
296	0.000000
297	0.000000
298	0.000000
299	0.000000
300	0.000000
301	0.000000
302	0.000000
303	0.000000
304	0.000000
305	0.000000
306	0.000000
307	0.000000
308	0.000000
309	0.000000
310	0.000000
311	0.000000
312	0.000000
313	0.000000
314	0.000000
315	0.000000
316	0.000000
317	0.000000
318	0.000000
319	0.000000
320	0.000000
321	0.000000
322	0.000000
323	0.000000
324	0.000000
325	0.000000
326	0.000000
327	0.000000
328	0.000000
329	0.000000
330	0.000000
331	0.000000
332	0.000000
333	0.000000
334	0.000000
335	0.000000
336	0.000000
337	0.000000
338	0.000000
339	0.000000
340	0.000000
341	0.000000
342	0.000000
343	0.000000
344	0.000000
345	0.000000
346	0.000000
347	0.000000
348	0.000000
349	0.000000
350	0.000000
351	0.000000
352	0.000000
353	0.000000
354	0.000000
355	0.000000
356	0.000000
357	0.000000
358	0.000000
359	0.000000
360	0.000000
361	0.000000
362	0.000000
363	0.000000
364	0.000000
365	0.000000
366	0.000000
367	0.000000
368	0.000000
369	0.000000
370	0.000000
371	0.000000
372	0.000000
373	0.000000
374	0.000000
375	0.000000
376	0.000000
377	0.000000
378	0.000000
379	0.000000
380	0.000000
381	0.000000
382	0.000000
383	0.000000
384	0.000000
385	0.000000
386	0.000000
387	0.000000
388	0.000000
389	0.000000
390	0.000000
391	0.000000
392	0.000000
393	0.000000
394	0.000000
395	0.000000
396	0.000000
397	0.000000
398	0.000000
399	0.000000
400	0.000000
401	0.000000
402	0.000000
403	0.000000
404	0.000000
405	0.000000
406	0.000000
407	0.000000
408	0.000000
409	0.000000
410	0.000000
411	0.000000
412	0.000000
413	0.000000
414	0.000000
415	0.000000
416	0.000000
417	0.000000
418	0.000000
419	0.000000
420	0.000000
421	0.000000
422	0.000000
423	0.000000
424	0.000000
425	0.000000
426	0.000000
427	0.000000
428	0.000000
429	0.000000
430	0.000000
431	0.000000
432	0.000000
433	0.000000
434	0.000000
435	0.000000
436	0.000000
437	0.000000
438	0.000000
439	0.000000
440	0.000000
441	0.000000
442	0.000000
443	0.000000
444	0.000000
445	0.000000
446	0.000000
447	0.000000
448	0.000000
449	0.000000
450	0.000000
451	0.000000
452	0.000000
453	0.000000
454	0.000000
455	0.000000
456	0.000000
457	0.000000
458	0.000000
459	0.000000
460	0.000000
461	0.000000
462	0.000000
463	0.000000
464	0.000000
465	0.000000
466	0.000000
467	0.000000
468	0.000000
469	0.000000
470	0.000000
471	0.000000
472	0.000000
473	0.000000
474	0.000000
475	0.000000
476	0.000000
477	0.000000
478	0.000000
479	0.000000
480	0.000000
481	0.000000
482	0.000000
483	0.000000
484	0.000000
485	0.000000
486	0.000000
487	0.000000
488	0.000000
489	0.000000
490	0.000000
491	0.000000
492	0.000000
493	0.000000
494	0.000000
495	0.000000
496	0.000000
497	0.000000
498	0.000000
499	0.000000
500	0.000000
501	0.000000
502	0.000000
503	0.000000
504	0.000000
505	0.000000
506	0.000000
507	0.000000
508	0.000000
509	0.000000
510	0.000000
511	0.000000
512	0.000000
513	0.000000
514	0.000000
515	0.000000
516	0.000000
517	0.000000
518	0.000000
519	0.000000
520	0.000000
521	0.000000
522	0.000000
523	0.000000
524	0.000000
525	0.000000
526	0.000000
527	0.000000
528	0.000000
529	0.000000
530	0.000000
531	0.000000
532	0.000000
533	0.000000
534	0.000000
535	0.000000
536	0.000000
537	0.000000
538	0.000000
539	0.000000
540	0.000000
541	0.000000
542	0.000000
543	0.000000
544	0.000000
545	0.000000
546	0.000000
547	0.000000
548	0.000000
549	0.000000
550	0.000000
551	0.000000
552	0.000000
553	0.000000
554	0.000000
555	0.000000
556	0.000000
557	0.000000
558	0.000000
559	0.000000
560	0.000000
561	0.000000
562	0.000000
563	0.000000
564	0.000000
565	0.000000
566	0.000000
567	0.000000
568	0.000000
569	0.000000
570	0.000000
571	0.000000
572	0.000000
573	0.000000
574	0.000000
575	0.000000
576	0.000000
577	0.000000
578	0.000000
579	0.000000
580	0.000000
581	0.000000
582	0.000000
583	0.000000
584	0.000000
585	0.000000
586	0.000000
587	0.000000
588	0.000000
589	0.000000
590	0.000000
591	0.000000
592	0.000000
593	0.000000
594	0.000000
595	0.000000
596	0.000000
597	0.000000
598	0.000000
599	0.000000
600	0.000000
601	0.000000
602	0.000000
603	0.000000
604	0.000000
605	0.000000
606	0.000000
607	0.000000
608	0.000000
609	0.000000
610	0.000000
611	0.000000
612	0.000000
613	0.000000
614	0.000000
615	0.000000
616	0.000000
617	0.000000
618	0.000000
619	0.000000
620	0.000000
621	0.000000
622	0.000000
623	0.000000
624	0.000000
625	0.000000
626	0.000000
627	0.000000
628	0.000000
629	0.000000
630	0.000000
631	0.000000
632	0.000000
633	0.000000
634	0.000000
635	0.000000
636	0.000000
637	0.000000
638	0.000000
639	0.000000
640	0.000000
641	0.000000
642	0.000000
643	0.000000
644	0.000000
645	0.000000
646	0.000000
647	0.000000
648	0.000000
649	0.000000
650	0.000000
651	0.000000
652	0.000000
653	0.000000
654	0.000000
655	0.000000
656	0.000000
657	0.000000
658	0.000000
659	0.000000
660	0.000000
661	0.000000
662	0.000000
663	0.000000
664	0.000000
665	0.000000
666	0.000000
667	0.000000
668	0.000000
669	0.000000
670	0.000000
671	0.000000
672	0.000000
673	0.000000
674	0.000000
675	0.000000
676	0.000000
677	0.000000
678	0.000000
679	0.000000
680	0.000000
681	0.000000
682	0.000000
683	0.000000
684	0.000000
685	0.000000
686	0.000000
687	0.000000
688	0.000000
689	0.000000
690	0.000000
691	0.000000
692	0.000000
693	0.000000
694	0.000000
695	0.000000
696	0.000000
697	0.000000
698	0.000000
699	0.000000
700	0.000000
701	0.000000
702	0.000000
703	0.000000
704	0.000000
705	0.000000
706	0.000000
707	0.000000
708	0.000000
709	0.000000
710	0.000000
711	0.000000
712	0.000000
713	0.000000
714	0.000000
715	0.000000
716	0.000000
717	0.000000
718	0.000000
719	0.000000
720	0.000000
721	0.000000
722	0.000000
723	0.000000
724	0.000000
725	0.000000
726	0.000000
727	0.000000
728	0.000000
729	0.000000
730	0.000000
731	0.000000
732	0.000000
733	0.000000
734	0.000000
735	0.000000
736	0.000000
737	0.000000
738	0.000000
739	0.000000
740	0.000000
741	0.000000
742	0.000000
743	0.000000
744	0.000000
745	0.000000
746	0.000000
747	0.000000
748	0.000000
749	0.000000
750	0.000000
751	0.000000
752	0.000000
753	0.000000
754	0.000000
755	0.000000
756	0.000000
757	0.000000
758	0.000000
759	0.000000
760	0.000000
761	0.000000
762	0.000000
763	0.000000
764	0.000000
765	0.000000
766	0.000000
767	0.000000
768	0.000000
769	0.000000
770	0.000000
771	0.000000
772	0.000000
773	0.000000
774	0.000000
775	0.000000
776	0.000000
777	0.000000
778	0.000000
779	0.000000
780	0.000000
781	0.000000
782	0.000000
783	0.000000
784	0.000000
785	0.000000
786	0.000000
787	0.000000
788	0.000000
789	0.000000
790	0.000000
791	0.000000
792	0.000000
793	0.000000
794	0.000000
795	0.000000
796	0.000000
797	0.000000
798	0.000000
799	0.000000
800	0.000000
801	0.000000
802	0.000000
803	0.000000
804	0.000000
805	0.000000
806	0.000000
807	0.000000
808	0.000000
809	0.000000
810	0.000000
811	0.000000
812	0.000000
813	0.000000
814	0.000000
815	0.000000
816	0.000000
817	0.000000
818	0.000000
819	0.000000
820	0.000000
821	0.000000
822	0.000000
823	0.000000
824	0.000000
825	0.000000
826	0.000000
827	0.000000
828	0.000000
829	0.000000
830	0.000000
831	0.000000
832	0.000000
833	0.000000
834	0.000000
835	0.000000
836	0.000000
837	0.000000
838	0.000000
839	0.000000
840	0.000000
841	0.000000
842	0.000000
843	0.000000
844	0.000000
845	0.000000
846	0.000000
847	0.000000
848	0.000000
849	0.000000
850	0.000000
851	0.000000
852	0.000000
853	0.000000
854	0.000000
855	0.000000
856	0.000000
857	0.000000
858	0.000000
859	0.000000
860	0.000000
861	0.000000
862	0.000000
863	0.000000
864	0.000000
865	0.000000
866	0.000000
867	0.000000
868	0.000000
869	0.000000
870	0.000000
871	0.000000
872	0.000000
873	0.000000
874	0.000000
875	0.000000
876	0.000000
877	0.000000
878	0.000000
879	0.000000
880	0.000000
881	0.000000
882	0.000000
883	0.000000
884	0.000000
885	0.000000
886	0.000000
887	0.000000
888	0.000000
889	0.000000
890	0.000000
891	0.000000
892	0.000000
893	0.000000
894	0.000000
895	0.000000
896	0.000000
897	0.000000
898	0.000000
899	0.000000
900	0.000000
901	0.000000
902	0.000000
903	0.000000
904	0.000000
905	0.000000
906	0.000000
907	0.000000
908	0.000000
909	0.000000
910	0.000000
911	0.000000
912	0.000000
913	0.000000
914	0.000000
915	0.000000
916	0.000000
917	0.000000
918	0.000000
919	0.000000
920	0.000000
921	0.000000
922	0.000000
923	0.000000
924	0.000000
925	0.000000
926	0.000000
927	0.000000
928	0.000000
929	0.000000
930	0.000000
931	0.000000
932	0.000000
933	0.000000
934	0.000000
935	0.000000
936	0.000000
937	0.000000
938	0.000000
939	0.000000
940	0.000000
941	0.000000
942	0.000000
943	0.000000
944	0.000000
945	0.000000
946	0.000000
947	0.000000
948	0.000000
949	0.000000
950	0.000000
951	0.000000
952	0.000000
953	0.000000
954	0.000000
955	0.000000
956	0.000000
957	0.000000
958	0.000000
959	0.000000
960	0.000000
961	0.000000
962	0.000000
963	0.000000
964	0.000000
965	0.000000
966	0.000000
967	0.000000
968	0.000000
969	0.000000
970	0.000000
971	0.000000
972	0.000000
973	0.000000
974	0.000000
975	0.000000
976	0.000000
977	0.000000
978	0.000000
979	0.000000
980	0.000000
981	0.000000
982	0.000000
983	0.000000
984	0.000000
985	0.000000
986	0.000000
987	0.000000
988	0.000000
989	0.000000
990	0.000000
991	0.000000
992	0.000000
993	0.000000
994	0.000000
995	0.000000
996	0.000000
997	0.000000
998	0.000000
999	0.000000
1000	0.000000
1001	0.000000
1002	0.000000
1003	0.000000
1004	0.000000
1005	0.000000
1006	0.000000
1007	0.000000
1008	0.000000
1009	0.000000
1010	0.000000
1011	0.000000
1012	0.000000
1013	0.000000
1014	0.000000
1015	0.000000
1016	0.000000
1017	0.000000
1018	0.000000
1019	0.000000
1020	0.000000
1021	0.000000
1022	0.000000
1023	0.000000
1024	0.000000
1025	0.000000
1026	0.000000
1027	0.000000
1028	0.000000
1029	0.000000
1030	0.000000
1031	0.000000
1032	0.000000
1033	0.000000
1034	0.000000
1035	0.000000
1036	0.000000
1037	0.000000
1038	0.000000
1039	0.000000
1040	0.000000
1041	0.000000
1042	0.000000
1043	0.000000
1044	0.000000
1045	0.000000
1046	0.000000
1047	0.000000
1048	0.000000
1049	0.000000
1050	0.000000
1051	0.000000
1052	0.000000
1053	0.000000
1054	0.000000
1055	0.000000
1056	0.000000
1057	0.000000
1058	0.000000
1059	0.000000
1060	0.000000
1061	0.000000
1062	0.000000
1063	0.000000
1064	0.000000
1065	0.000000
1066	0.000000
1067	0.000000
1068	0.000000
1069	0.000000
1070	0.000000
1071	0.000000
1072	0.000000
1073	0.000000
1074	0.000000
1075	0.000000
1076	0.000000
1077	0.000000
1078	0.000000
1079	0.000000
1080	0.000000
1081	0.000000
1082	0.000000
1083	0.000000
1084	0.000000
1085	0.000000
1086	0.000000
1087	0.000000
1088	0.000000
1089	0.000000
1090	0.000000
1091	0.000000
1092	0.000000
1093	0.000000
1094	0.000000
1095	0.000000
1096	0.000000
1097	0.000000
1098	0.000000
1099	0.000000
1100	0.000000
1101	0.000000
1102	0.000000
1103	0.000000
1104	0.000000
1105	0.000000
1106	0.000000
1107	0.000000
1108	0.000000
1109	0.000000
1110	0.000000
1111	0.000000
1112	0.000000
1113	0.000000
1114	0.000000
1115	0.000000
1116	0.000000
1117	0.000000
1118	0.000000
1119	0.000000
1120	0.000000
1121	0.000000
1122	0.000000
1123	0.000000
1124	0.000000
1125	0.000000
1126	0.000000
1127	0.000000
1128	0.000000
1129	0.000000
1130	0.000000
1131	0.000000
1132	0.000000
1133	0.000000
1134	0.000000
1135	0.000000
1136	0.000000
1137	0.000000
1138	0.000000
1139	0.000000
1140	0.000000
1141	0.000000
1142	0.000000
1143	0.000000
1144	0.000000
1145	0.000000
1146	0.000000
1147	0.000000
1148	0.000000
1149	0.000000
1150	0.000000
1151	0.000000
1152	0.000000
1153	0.000000
1154	0.000000
1155	0.000000
1156	0.000000
1157	0.000000
1158	0.000000
1159	0.000000
1160	0.000000
1161	0.000000
1162	0.000000
1163	0.000000
1164	0.000000
1165	0.000000
1166	0.000000
1167	0.000000
1168	0.000000
1169	0.000000
1170	0.000000
1171	0.000000
1172	0.000000
1173	0.000000
1174	0.000000
1175	0.000000
1176	0.000000
1177	0.000000
1178	0.000000
1179	0.000000
1180	0.000000
1181	0.000000
1182	0.000000
1183	0.000000
1184	0.000000
1185	0.000000
1186	0.000000
1187	0.000000
1188	0.000000
1189	0.000000
1190	0.000000
1191	0.000000
1192	0.000000
1193	0.000000
1194	0.000000
1195	0.000000
1196	0.000000
1197	0.000000
1198	0.000000
1199	0.000000
1200	0.000000
1201	0.000000
1202	0.000000
1203	0.000000
1204	0.000000
1205	0.000000
1206	0.000000
1207	0.000000
1208	0.000000
1209	0.000000
1210	0.000000
1211	0.000000
1212	0.000000
1213	0.000000
1214	0.000000
1215	0.000000
1216	0.000000
1217	0.000000
1218	0.000000
1219	0.000000
1220	0.000000
1221	0.000000
1222	0.000000
1223	0.000000
1224	0.000000
1225	0.000000
1226	0.000000
1227	0.000000
1228	0.000000
1229	0.000000
1230	0.000000
1231	0.000000
1232	0.000000
1233	0.000000
1234	0.000000
1235	0.000000
1236	0.000000
1237	0.000000
1238	0.000000
1239	0.000000
1240	0.000000
1241	0.000000
1242	0.000000
1243	0.000000
1244	0.000000
1245	0.000000
1246	0.000000
1247	0.000000
1248	0.000000
1249	0.000000
1250	0.000000
1251	0.000000
1252	0.000000
1253	0.000000
1254	0.000000
1255	0.000000
1256	0.000000
1257	0.000000
1258	0.000000
1259	0.000000
1260	0.000000
1261	0.000000
1262	0.000000
1263	0.000000
1264	0.000000
1265	0.000000
1266	0.000000
1267	0.000000
1268	0.000000
1269	0.000000
1270	0.000000
1271	0.000000
1272	0.000000
1273	0.000000
1274	0.000000
1275	0.000000
1276	0.000000
1277	0.000000
1278	0.000000
1279	0.000000
1280	0.000000
1281	0.000000
1282	0.000000
1283	0.000000
1284	0.000000
1285	0.000000
1286	0.000000
1287	0.000000
1288	0.000000
1289	0.000000
1290	0.000000
1291	0.000000
1292	0.000000
1293	0.000000
1294	0.000000
1295	0.000000
1296	0.000000
1297	0.000000
1298	0.000000
1299	0.000000
1300	0.000000
1301	0.000000
1302	0.000000
1303	0.000000
1304	0.000000
1305	0.000000
1306	0.000000
1307	0.000000
1308	0.000000
1309	0.000000
1310	0.000000
1311	0.000000
1312	0.000000
1313	0.000000
1314	0.000000
1315	0.000000
1316	0.000000
1317	0.000000
1318	0.000000
1319	0.000000
1320	0.000000
1321	0.000000
1322	0.000000
1323	0.000000
1324	0.000000
1325	0.000000
1326	0.000000
1327	0.000000
1328	0.000000
1329	0.000000
1330	0.000000
1331	0.000000
1332	0.000000
1333	0.000000
1334	0.000000
1335	0.000000
1336	0.000000
1337	0.000000
1338	0.000000
1339	0.000000
1340	0.000000
1341	0.000000
1342	0.000000
1343	0.000000
1344	0.000000
1345	0.000000
1346	0.000000
1347	0.000000
1348	0.000000
1349	0.000000
1350	0.000000
1351	0.000000
1352	0.000000
1353	0.000000
1354	0.000000
1355	0.000000
1356	0.000000
1357	0.000000
1358	0.000000
1359	0.000000
1360	0.000000
1361	0.000000
1362	0.000000
1363	0.000000
1364	0.000000
1365	0.000000
1366	0.000000
1367	0.000000
1368	0.000000
1369	0.000000
1370	0.000000
1371	0.000000
1372	0.000000
1373	0.000000
1374	0.000000
1375	0.000000
1376	0.000000
1377	0.000000
1378	0.000000
1379	0.000000
1380	0.000000
1381	0.000000
1382	0.000000
1383	0.000000
1384	0.000000
1385	0.000000
1386	0.000000
1387	0.000000
1388	0.000000
1389	0.000000
1390	0.000000
1391	0.000000
1392	0.000000
1393	0.000000
1394	0.000000
1395	0.000000
1396	0.000000
1397	0.000000
1398	0.000000
1399	0.000000
1400	0.000000
1401	0.000000
1402	0.000000
1403	0.000000
1404	0.000000
1405	0.000000
1406	0.000000
1407	0.000000
1408	0.000000
1409	0.000000
1410	0.000000
1411	0.000000
1412	0.000000
1413	0.000000
1414	0.000000
1415	0.000000
1416	0.000000
1417	0.000000
1418	0.000000
1419	0.000000
1420	0.000000
1421	0.000000
1422	0.000000
1423	0.000000
1424	0.000000
1425	0.000000
1426	0.000000
1427	0.000000
1428	0.000000
1429	0.000000
1430	0.000000
1431	0.000000
1432	0.000000
1433	0.000000
1434	0.000000
1435	0.000000
1436	0.000000
1437	0.000000
1438	0.000000
1439	0.000000
1440	0.000000
1441	0.000000
1442	0.000000
1443	0.000000
1444	0.000000
1445	0.000000
1446	0.000000
1447	0.000000
1448	0.000000
1449	0.000000
1450	0.000000
1451	0.000000
1452	0.000000
1453	0.000000
1454	0.000000
1455	0.000000
1456	0.000000
1457	0.000000
1458	0.000000
1459	0.000000
1460	0.000000
1461	0.000000
1462	0.000000
1463	0.000000
1464	0.000000
1465	0.000000
1466	0.000000
1467	0.000000
1468	0.000000
1469	0.000000
1470	0.000000
1471	0.000000
1472	0.000000
1473	0.000000
1474	0.000000
1475	0.000000
1476	0.000000
1477	0.000000
1478	0.000000
1479	0.000000
1480	0.000000
1481	0.000000
1482	0.000000
1483	0.000000
1484	0.000000
1485	0.000000
1486	0.000000
1487	0.000000
1488	0.000000
1489	0.000000
1490	0.000000
1491	0.000000
1492	0.000000
1493	0.000000
1494	0.000000
1495	0.000000
1496	0.000000
1497	0.000000
1498	0.000000
1499	0.000000
1500	0.000000
1501	0.000000
1502	0.000000
1503	0.000000
1504	0.000000
1505	0.000000
1506	0.000000
1507	0.000000
1508	0.000000
1509	0.000000
1510	0.000000
1511	0.000000
1512	0.000000
1513	0.000000
1514	0.000000
1515	0.000000
1516	0.000000
1517	0.000000
1518	0.000000
1519	0.000000
1520	0.000000
1521	0.000000
1522	0.000000
1523	0.000000
1524	0.000000
1525	0.000000
1526	0.000000
1527	0.000000
1528	0.000000
1529	0.000000
1530	0.000000
1531	0.000000
1532	0.000000
1533	0.000000
1534	0.000000
1535	0.000000
1536	0.000000
1537	0.000000
1538	0.000000
1539	0.000000
1540	0.000000
1541	0.000000
1542	0.000000
1543	0.000000
1544	0.000000
1545	0.000000
1546	0.000000
1547	0.000000
1548	0.000000
1549	0.000000
1550	0.000000
1551	0.000000
1552	0.000000
1553	0.000000
1554	0.000000
1555	0.000000
1556	0.000000
1557	0.000000
1558	0.000000
1559	0.000000
1560	0.000000
1561	0.000000
1562	0.000000
1563	0.000000
1564	0.000000
1565	0.000000
1566	0.000000
1567	0.000000
1568	0.000000
1569	0.000000
1570	0.000000
1571	0.000000
1572	0.000000
1573	0.000000
1574	0.000000
1575	0.000000
1576	0.000000
1577	0.000000
1578	0.000000
1579	0.000000
1580	0.000000
1581	0.000000
1582	0.000000
1583	0.000000
1584	0.000000
1585	0.000000
1586	0.000000
1587	0.000000
1588	0.000000
1589	0.000000
1590	0.000000
1591	0.000000
1592	0.000000
1593	0.000000
1594	0.000000
1595	0.000000
1596	0.000000
1597	0.000000
1598	0.000000
1599	0.000000
1600	0.000000
1601	0.000000
1602	0.000000
1603	0.000000
1604	0.000000
1605	0.000000
1606	0.000000
1607	0.000000
1608	0.000000
1609	0.000000
1610	0.000000
1611	0.000000
1612	0.000000
1613	0.000000
1614	0.000000
1615	0.000000
1616	0.000000
1617	0.000000
1618	0.000000
1619	0.000000
1620	0.000000
1621	0.000000
1622	0.000000
1623	0.000000
1624	0.000000
1625	0.000000
1626	0.000000
1627	0.000000
1628	0.000000
1629	0.000000
1630	0.000000
1631	0.000000
1632	0.000000
1633	0.000000
1634	0.000000
1635	0.000000
1636	0.000000
1637	0.000000
1638	0.000000
1639	0.000000
1640	0.000000
1641	0.000000
1642	0.000000
1643	0.000000
1644	0.000000
1645	0.000000
1646	0.000000
1647	0.000000
1648	0.000000
1649	0.000000
1650	0.000000
1651	0.000000
1652	0.000000
1653	0.000000
1654	0.000000
1655	0.000000
1656	0.000000
1657	0.000000
1658	0.000000
1659	0.000000
1660	0.000000
1661	0.000000
1662	0.000000
1663	0.000000
1664	0.000000
1665	0.000000
1666	0.000000
1667	0.000000
1668	0.000000
1669	0.000000
1670	0.000000
1671	0.000000
1672	0.000000
1673	0.000000
1674	0.000000
1675	0.000000
1676	0.000000
1677	0.000000
1678	0.000000
1679	0.000000
1680	0.000000
1681	0.000000
1682	0.000000
1683	0.000000
1684	0.000000
1685	0.000000
1686	0.000000
1687	0.000000
1688	0.000000
1689	0.000000
1690	0.000000
1691	0.000000
1692	0.000000
1693	0.000000
1694	0.000000
1695	0.000000
1696	0.000000
1697	0.000000
1698	0.000000
1699	0.000000
1700	0.000000
1701	0.000000
1702	0.000000
1703	0.000000
1704	0.000000
1705	0.000000
1706	0.000000
1707	0.000000
1708	0.000000
1709	0.000000
1710	0.000000
1711	0.000000
1712	0.000000
1713	0.000000
1714	0.000000
1715	0.000000
1716	0.000000
1717	0.000000
1718	0.000000
1719	0.000000
1720	0.000000
1721	0.000000
1722	0.000000
1723	0.000000
1724	0.000000
1725	0.000000
1726	0.000000
1727	0.000000
1728	0.000000
1729	0.000000
1730	0.000000
1731	0.000000
1732	0.000000
1733	0.000000
1734	0.000000
1735	0.000000
1736	0.000000
1737	0.000000
1738	0.000000
1739	0.000000
1740	0.000000
1741	0.000000
1742	0.000000
1743	0.000000
1744	0.000000
1745	0.000000
1746	0.000000
1747	0.000000
1748	0.000000
1749	0.000000
1750	0.000000
1751	0.000000
1752	0.000000
1753	0.000000
1754	0.000000
1755	0.000000
1756	0.000000
1757	0.000000
1758	0.000000
1759	0.000000
1760	0.000000
1761	0.000000
1762	0.000000
1763	0.000000
1764	0.000000
1765	0.000000
1766	0.000000
1767	0.000000
1768	0.000000
1769	0.000000
1770	0.000000
1771	0.000000
1772	0.000000
1773	0.000000
1774	0.000000
1775	0.000000
1776	0.000000
1777	0.000000
1778	0.000000
1779	0.000000
1780	0.000000
1781	0.000000
1782	0.000000
1783	0.000000
1784	0.000000
1785	0.000001
1786	0.000001
1787	0.000001
1788	0.000002
1789	0.000002
1790	0.000003
1791	0.000005
1792	0.000007
1793	0.000011
1794	0.000015
1795	0.000022
1796	0.000032
1797	0.000046
1798	0.000067
1799	0.000097
1800	0.000140
1801	0.000203
1802	0.000294
1803	0.000426
1804	0.000616
1805	0.000891
1806	0.001288
1807	0.001861
1808	0.002687
1809	0.003875
1810	0.005582
1811	0.008023
1812	0.011499
1813	0.016416
1814	0.023307
1815	0.032839
1816	0.045790
1817	0.062968
1818	0.085044
1819	0.112301
1820	0.144354
1821	0.179983
1822	0.217219
1823	0.253746
1824	0.287444
1825	0.316839
1826	0.341264
1827	0.360757
1828	0.375821
1829	0.387171
1830	0.395558
1831	0.401660
1832	0.406047
1833	0.409167
1834	0.411364
1835	0.412894
1836	0.413946
1837	0.414657
1838	0.415124
1839	0.415418
1840	0.415589
1841	0.415674
1842	0.415697
1843	0.415676
1844	0.415624
1845	0.415551
1846	0.415462
1847	0.415362
1848	0.415255
1849	0.415141
1850	0.415024
1851	0.414905
1852	0.414783
1853	0.414660
1854	0.414536
1855	0.414411
1856	0.414286
1857	0.414160
1858	0.414034
1859	0.413908
1860	0.413781
1861	0.413655
1862	0.413528
1863	0.413402
1864	0.413275
1865	0.413149
1866	0.413022
1867	0.412895
1868	0.412768
1869	0.412641
1870	0.412515
1871	0.412388
1872	0.412261
1873	0.412134
1874	0.412007
1875	0.411880
1876	0.411753
1877	0.411626
1878	0.411499
1879	0.411372
1880	0.411245
1881	0.411117
1882	0.410990
1883	0.410863
1884	0.410736
1885	0.410609
1886	0.410481
1887	0.410354
1888	0.410227
1889	0.410099
1890	0.409972
1891	0.409845
1892	0.409717
1893	0.409590
1894	0.409462
1895	0.409335
1896	0.409207
1897	0.409080
1898	0.408952
1899	0.408825
1900	0.408697
1901	0.408569
1902	0.408442
1903	0.408314
1904	0.408186
1905	0.408059
1906	0.407931
1907	0.407803
1908	0.407675
1909	0.407548
1910	0.407420
1911	0.407292
1912	0.407164
1913	0.407036
1914	0.406908
1915	0.406780
1916	0.406652
1917	0.406524
1918	0.406396
1919	0.406268
1920	0.406140
1921	0.406012
1922	0.405884
1923	0.405756
1924	0.405628
1925	0.405500
1926	0.405371
1927	0.405243
1928	0.405115
1929	0.404987
1930	0.404858
1931	0.404730
1932	0.404602
1933	0.404473
1934	0.404345
1935	0.404216
1936	0.404088
1937	0.403960
1938	0.403831
1939	0.403703
1940	0.403574
1941	0.403446
1942	0.403317
1943	0.403188
1944	0.403060
1945	0.402931
1946	0.402803
1947	0.402674
1948	0.402545
1949	0.402417
1950	0.402288
1951	0.402159
1952	0.402030
1953	0.401901
1954	0.401773
1955	0.401644
1956	0.401515
1957	0.401386
1958	0.401257
1959	0.401128
1960	0.400999
1961	0.400870
1962	0.400741
1963	0.400612
1964	0.400483
1965	0.400354
1966	0.400225
1967	0.400096
1968	0.399967
1969	0.399838
1970	0.399709
1971	0.399579
1972	0.399450
1973	0.399321
1974	0.399192
1975	0.399062
1976	0.398933
1977	0.398804
1978	0.398675
1979	0.398545
1980	0.398416
1981	0.398286
1982	0.398157
1983	0.398028
1984	0.397898
1985	0.397769
1986	0.397639
1987	0.397510
1988	0.397380
1989	0.397251
1990	0.397121
1991	0.396991
1992	0.396862
1993	0.396732
1994	0.396603
1995	0.396473
1996	0.396343
1997	0.396213
1998	0.396084
1999	0.395954
2000	0.395824
2001	0.395694
2002	0.395565
2003	0.395435
2004	0.395305
2005	0.395175
2006	0.395045
2007	0.394915
2008	0.394785
2009	0.394655
2010	0.394525
2011	0.394395
2012	0.394265
2013	0.394135
2014	0.394005
2015	0.393875
2016	0.393745
2017	0.393615
2018	0.393485
2019	0.393355
2020	0.393224
2021	0.393094
2022	0.392964
2023	0.392834
2024	0.392704
2025	0.392573
2026	0.392443
2027	0.392313
2028	0.392182
2029	0.392052
2030	0.391922
2031	0.391791
2032	0.391661
2033	0.391530
2034	0.391400
2035	0.391269
2036	0.391139
2037	0.391009
2038	0.390878
2039	0.390747
2040	0.390617
2041	0.390486
2042	0.390356
2043	0.390225
2044	0.390094
2045	0.389964
2046	0.389833
2047	0.389702
2048	0.389572
2049	0.389441
2050	0.389310
2051	0.389180
2052	0.389049
2053	0.388918
2054	0.388787
2055	0.388656
2056	0.388525
2057	0.388395
2058	0.388264
2059	0.388133
2060	0.388002
2061	0.387871
2062	0.387740
2063	0.387609
2064	0.387478
2065	0.387347
2066	0.387216
2067	0.387085
2068	0.386954
2069	0.386823
2070	0.386692
2071	0.386560
2072	0.386429
2073	0.386298
2074	0.386167
2075	0.386036
2076	0.385905
2077	0.385773
2078	0.385642
2079	0.385511
2080	0.385379
2081	0.385248
2082	0.385117
2083	0.384985
2084	0.384854
2085	0.384723
2086	0.384591
2087	0.384460
2088	0.384329
2089	0.384197
2090	0.384066
2091	0.383934
2092	0.383803
2093	0.383671
2094	0.383540
2095	0.383408
2096	0.383276
2097	0.383145
2098	0.383013
2099	0.382882
2100	0.382750
2101	0.382618
2102	0.382487
2103	0.382355
2104	0.382223
2105	0.382092
2106	0.381960
2107	0.381828
2108	0.381696
2109	0.381564
2110	0.381433
2111	0.381301
2112	0.381169
2113	0.381037
2114	0.380905
2115	0.380773
2116	0.380641
2117	0.380510
2118	0.380378
2119	0.380246
2120	0.380114
2121	0.379982
2122	0.379850
2123	0.379718
2124	0.379586
2125	0.379453
2126	0.379321
2127	0.379189
2128	0.379057
2129	0.378925
2130	0.378793
2131	0.378661
2132	0.378529
2133	0.378396
2134	0.378264
2135	0.378132
2136	0.378000
2137	0.377867
2138	0.377735
2139	0.377603
2140	0.377471
2141	0.377338
2142	0.377206
2143	0.377074
2144	0.376941
2145	0.376809
2146	0.376676
2147	0.376544
2148	0.376411
2149	0.376279
2150	0.376147
2151	0.376014
2152	0.375882
2153	0.375749
2154	0.375617
2155	0.375484
2156	0.375351
2157	0.375219
2158	0.375086
2159	0.374954
2160	0.374821
2161	0.374688
2162	0.374556
2163	0.374423
2164	0.374290
2165	0.374158
2166	0.374025
2167	0.373892
2168	0.373759
2169	0.373627
2170	0.373494
2171	0.373361
2172	0.373228
2173	0.373095
2174	0.372962
2175	0.372830
2176	0.372697
2177	0.372564
2178	0.372431
2179	0.372298
2180	0.372165
2181	0.372032
2182	0.371899
2183	0.371766
2184	0.371633
2185	0.371500
2186	0.371367
2187	0.371234
2188	0.371101
2189	0.370968
2190	0.370835
2191	0.370702
2192	0.370569
2193	0.370435
2194	0.370302
2195	0.370169
2196	0.370036
2197	0.369903
2198	0.369769
2199	0.369636
2200	0.369503
2201	0.369370
2202	0.369236
2203	0.369103
2204	0.368970
2205	0.368836
2206	0.368703
2207	0.368570
2208	0.368436
2209	0.368303
2210	0.368170
2211	0.368036
2212	0.367903
2213	0.367769
2214	0.367636
2215	0.367502
2216	0.367369
2217	0.367235
2218	0.367102
2219	0.366968
2220	0.366835
2221	0.366701
2222	0.366568
2223	0.366434
2224	0.366301
2225	0.366167
2226	0.366033
2227	0.365900
2228	0.365766
2229	0.365632
2230	0.365499
2231	0.365365
2232	0.365231
2233	0.365097
2234	0.364964
2235	0.364830
2236	0.364696
2237	0.364562
2238	0.364429
2239	0.364295
2240	0.364161
2241	0.364027
2242	0.363893
2243	0.363759
2244	0.363625
2245	0.363492
2246	0.363358
2247	0.363224
2248	0.363090
2249	0.362956
2250	0.362822
2251	0.362688
2252	0.362554
2253	0.362420
2254	0.362286
2255	0.362152
2256	0.362018
2257	0.361884
2258	0.361750
2259	0.361615
2260	0.361481
2261	0.361347
2262	0.361213
2263	0.361079
2264	0.360945
2265	0.360811
2266	0.360676
2267	0.360542
2268	0.360408
2269	0.360274
2270	0.360140
2271	0.360005
2272	0.359871
2273	0.359737
2274	0.359602
2275	0.359468
2276	0.359334
2277	0.359199
2278	0.359065
2279	0.358931
2280	0.358796
2281	0.358662
2282	0.358527
2283	0.358393
2284	0.358259
2285	0.358124
2286	0.357990
2287	0.357855
2288	0.357721
2289	0.357586
2290	0.357452
2291	0.357317
2292	0.357183
2293	0.357048
2294	0.356913
2295	0.356779
2296	0.356644
2297	0.356510
2298	0.356375
2299	0.356240
2300	0.356106
2301	0.355971
2302	0.355836
2303	0.355702
2304	0.355567
2305	0.355432
2306	0.355298
2307	0.355163
2308	0.355028
2309	0.354893
2310	0.354759
2311	0.354624
2312	0.354489
2313	0.354354
2314	0.354219
2315	0.354084
2316	0.353950
2317	0.353815
2318	0.353680
2319	0.353545
2320	0.353410
2321	0.353275
2322	0.353140
2323	0.353005
2324	0.352870
2325	0.352735
2326	0.352600
2327	0.352465
2328	0.352330
2329	0.352195
2330	0.352060
2331	0.351925
2332	0.351790
2333	0.351655
2334	0.351520
2335	0.351385
2336	0.351250
2337	0.351115
2338	0.350979
2339	0.350844
2340	0.350709
2341	0.350574
2342	0.350439
2343	0.350304
2344	0.350168
2345	0.350033
2346	0.349898
2347	0.349763
2348	0.349627
2349	0.349492
2350	0.349357
2351	0.349221
2352	0.349086
2353	0.348951
2354	0.348816
2355	0.348680
2356	0.348545
2357	0.348409
2358	0.348274
2359	0.348139
2360	0.348003
2361	0.347868
2362	0.347732
2363	0.347597
2364	0.347461
2365	0.347326
2366	0.347191
2367	0.347055
2368	0.346920
2369	0.346784
2370	0.346648
2371	0.346513
2372	0.346377
2373	0.346242
2374	0.346106
2375	0.345971
2376	0.345835
2377	0.345699
2378	0.345564
2379	0.345428
2380	0.345292
2381	0.345157
2382	0.345021
2383	0.344885
2384	0.344750
2385	0.344614
2386	0.344478
2387	0.344343
2388	0.344207
2389	0.344071
2390	0.343935
2391	0.343800
2392	0.343664
2393	0.343528
2394	0.343392
2395	0.343256
2396	0.343120
2397	0.342985
2398	0.342849
2399	0.342713
2400	0.342577
2401	0.342441
2402	0.342305
2403	0.342169
2404	0.342033
2405	0.341897
2406	0.341761
2407	0.341625
2408	0.341490
2409	0.341354
2410	0.341218
2411	0.341081
2412	0.340945
2413	0.340809
2414	0.340673
2415	0.340537
2416	0.340401
2417	0.340265
2418	0.340129
2419	0.339993
2420	0.339857
2421	0.339721
2422	0.339585
2423	0.339448
2424	0.339312
2425	0.339176
2426	0.339040
2427	0.338904
2428	0.338768
2429	0.338631
2430	0.338495
2431	0.338359
2432	0.338223
2433	0.338086
2434	0.337950
2435	0.337814
2436	0.337678
2437	0.337541
2438	0.337405
2439	0.337269
2440	0.337132
2441	0.336996
2442	0.336860
2443	0.336723
2444	0.336587
2445	0.336450
2446	0.336314
2447	0.336178
2448	0.336041
2449	0.335905
2450	0.335768
2451	0.335632
2452	0.335495
2453	0.335359
2454	0.335222
2455	0.335086
2456	0.334949
2457	0.334813
2458	0.334676
2459	0.334540
2460	0.334403
2461	0.334267
2462	0.334130
2463	0.333993
2464	0.333857
2465	0.333720
2466	0.333584
2467	0.333447
2468	0.333310
2469	0.333174
2470	0.333037
2471	0.332900
2472	0.332764
2473	0.332627
2474	0.332490
2475	0.332354
2476	0.332217
2477	0.332080
2478	0.331943
2479	0.331807
2480	0.331670
2481	0.331533
2482	0.331396
2483	0.331259
2484	0.331123
2485	0.330986
2486	0.330849
2487	0.330712
2488	0.330575
2489	0.330438
2490	0.330301
2491	0.330165
2492	0.330028
2493	0.329891
2494	0.329754
2495	0.329617
2496	0.329480
2497	0.329343
2498	0.329206
2499	0.329069
2500	0.328932
2501	0.328795
2502	0.328658
2503	0.328521
2504	0.328384
2505	0.328247
2506	0.328110
2507	0.327973
2508	0.327836
2509	0.327699
2510	0.327562
2511	0.327425
2512	0.327288
2513	0.327151
2514	0.327013
2515	0.326876
2516	0.326739
2517	0.326602
2518	0.326465
2519	0.326328
2520	0.326190
2521	0.326053
2522	0.325916
2523	0.325779
2524	0.325642
2525	0.325504
2526	0.325367
2527	0.325230
2528	0.325093
2529	0.324955
2530	0.324818
2531	0.324681
2532	0.324543
2533	0.324406
2534	0.324269
2535	0.324132
2536	0.323994
2537	0.323857
2538	0.323719
2539	0.323582
2540	0.323445
2541	0.323307
2542	0.323170
2543	0.323033
2544	0.322895
2545	0.322758
2546	0.322620
2547	0.322483
2548	0.322345
2549	0.322208
2550	0.322070
2551	0.321933
2552	0.321795
2553	0.321658
2554	0.321520
2555	0.321383
2556	0.321245
2557	0.321108
2558	0.320970
2559	0.320833
2560	0.320695
2561	0.320557
2562	0.320420
2563	0.320282
2564	0.320145
2565	0.320007
2566	0.319869
2567	0.319732
2568	0.319594
2569	0.319456
2570	0.319319
2571	0.319181
2572	0.319043
2573	0.318906
2574	0.318768
2575	0.318630
2576	0.318493
2577	0.318355
2578	0.318217
2579	0.318079
2580	0.317942
2581	0.317804
2582	0.317666
2583	0.317528
2584	0.317390
2585	0.317253
2586	0.317115
2587	0.316977
2588	0.316839
2589	0.316701
2590	0.316563
2591	0.316425
2592	0.316288
2593	0.316150
2594	0.316012
2595	0.315874
2596	0.315736
2597	0.315598
2598	0.315460
2599	0.315322
2600	0.315184
2601	0.315046
2602	0.314908
2603	0.314770
2604	0.314632
2605	0.314494
2606	0.314356
2607	0.314218
2608	0.314080
2609	0.313942
2610	0.313804
2611	0.313666
2612	0.313528
2613	0.313390
2614	0.313252
2615	0.313114
2616	0.312976
2617	0.312838
2618	0.312700
2619	0.312561
2620	0.312423
2621	0.312285
2622	0.312147
2623	0.312009
2624	0.311871
2625	0.311733
2626	0.311594
2627	0.311456
2628	0.311318
2629	0.311180
2630	0.311041
2631	0.310903
2632	0.310765
2633	0.310627
2634	0.310489
2635	0.310350
2636	0.310212
2637	0.310074
2638	0.309935
2639	0.309797
2640	0.309659
2641	0.309520
2642	0.309382
2643	0.309244
2644	0.309105
2645	0.308967
2646	0.308829
2647	0.308690
2648	0.308552
2649	0.308414
2650	0.308275
2651	0.308137
2652	0.307998
2653	0.307860
2654	0.307722
2655	0.307583
2656	0.307445
2657	0.307306
2658	0.307168
2659	0.307029
2660	0.306891
2661	0.306752
2662	0.306614
2663	0.306475
2664	0.306337
2665	0.306198
2666	0.306060
2667	0.305921
2668	0.305783
2669	0.305644
2670	0.305505
2671	0.305367
2672	0.305228
2673	0.305090
2674	0.304951
2675	0.304812
2676	0.304674
2677	0.304535
2678	0.304397
2679	0.304258
2680	0.304119
2681	0.303981
2682	0.303842
2683	0.303703
2684	0.303565
2685	0.303426
2686	0.303287
2687	0.303148
2688	0.303010
2689	0.302871
2690	0.302732
2691	0.302594
2692	0.302455
2693	0.302316
2694	0.302177
2695	0.302038
2696	0.301900
2697	0.301761
2698	0.301622
2699	0.301483
2700	0.301344
2701	0.301206
2702	0.301067
2703	0.300928
2704	0.300789
2705	0.300650
2706	0.300511
2707	0.300372
2708	0.300234
2709	0.300095
2710	0.299956
2711	0.299817
2712	0.299678
2713	0.299539
2714	0.299400
2715	0.299261
2716	0.299122
2717	0.298983
2718	0.298844
2719	0.298705
2720	0.298566
2721	0.298427
2722	0.298288
2723	0.298149
2724	0.298010
2725	0.297871
2726	0.297732
2727	0.297593
2728	0.297454
2729	0.297315
2730	0.297176
2731	0.297037
2732	0.296898
2733	0.296759
2734	0.296620
2735	0.296481
2736	0.296341
2737	0.296202
2738	0.296063
2739	0.295924
2740	0.295785
2741	0.295646
2742	0.295507
2743	0.295367
2744	0.295228
2745	0.295089
2746	0.294950
2747	0.294811
2748	0.294672
2749	0.294532
2750	0.294393
2751	0.294254
2752	0.294115
2753	0.293975
2754	0.293836
2755	0.293697
2756	0.293558
2757	0.293418
2758	0.293279
2759	0.293140
2760	0.293000
2761	0.292861
2762	0.292722
2763	0.292582
2764	0.292443
2765	0.292304
2766	0.292164
2767	0.292025
2768	0.291886
2769	0.291746
2770	0.291607
2771	0.291468
2772	0.291328
2773	0.291189
2774	0.291049
2775	0.290910
2776	0.290771
2777	0.290631
2778	0.290492
2779	0.290352
2780	0.290213
2781	0.290073
2782	0.289934
2783	0.289794
2784	0.289655
2785	0.289515
2786	0.289376
2787	0.289236
2788	0.289097
2789	0.288957
2790	0.288818
2791	0.288678
2792	0.288539
2793	0.288399
2794	0.288260
2795	0.288120
2796	0.287981
2797	0.287841
2798	0.287701
2799	0.287562
2800	0.287422
2801	0.287283
2802	0.287143
2803	0.287003
2804	0.286864
2805	0.286724
2806	0.286584
2807	0.286445
2808	0.286305
2809	0.286166
2810	0.286026
2811	0.285886
2812	0.285746
2813	0.285607
2814	0.285467
2815	0.285327
2816	0.285188
2817	0.285048
2818	0.284908
2819	0.284768
2820	0.284629
2821	0.284489
2822	0.284349
2823	0.284209
2824	0.284070
2825	0.283930
2826	0.283790
2827	0.283650
2828	0.283510
2829	0.283371
2830	0.283231
2831	0.283091
2832	0.282951
2833	0.282811
2834	0.282671
2835	0.282532
2836	0.282392
2837	0.282252
2838	0.282112
2839	0.281972
2840	0.281832
2841	0.281692
2842	0.281552
2843	0.281413
2844	0.281273
2845	0.281133
2846	0.280993
2847	0.280853
2848	0.280713
2849	0.280573
2850	0.280433
2851	0.280293
2852	0.280153
2853	0.280013
2854	0.279873
2855	0.279733
2856	0.279593
2857	0.279453
2858	0.279313
2859	0.279173
2860	0.279033
2861	0.278893
2862	0.278753
2863	0.278613
2864	0.278473
2865	0.278333
2866	0.278193
2867	0.278053
2868	0.277912
2869	0.277772
2870	0.277632
2871	0.277492
2872	0.277352
2873	0.277212
2874	0.277072
2875	0.276932
2876	0.276792
2877	0.276651
2878	0.276511
2879	0.276371
2880	0.276231
2881	0.276091
2882	0.275951
2883	0.275810
2884	0.275670
2885	0.275530
2886	0.275390
2887	0.275250
2888	0.275109
2889	0.274969
2890	0.274829
2891	0.274689
2892	0.274548
2893	0.274408
2894	0.274268
2895	0.274128
2896	0.273987
2897	0.273847
2898	0.273707
2899	0.273566
2900	0.273426
2901	0.273286
2902	0.273145
2903	0.273005
2904	0.272865
2905	0.272724
2906	0.272584
2907	0.272444
2908	0.272303
2909	0.272163
2910	0.272023
2911	0.271882
2912	0.271742
2913	0.271602
2914	0.271461
2915	0.271321
2916	0.271180
2917	0.271040
2918	0.270900
2919	0.270759
2920	0.270619
2921	0.270478
2922	0.270338
2923	0.270197
2924	0.270057
2925	0.269916
2926	0.269776
2927	0.269635
2928	0.269495
2929	0.269354
2930	0.269214
2931	0.269073
2932	0.268933
2933	0.268792
2934	0.268652
2935	0.268511
2936	0.268371
2937	0.268230
2938	0.268090
2939	0.267949
2940	0.267809
2941	0.267668
2942	0.267527
2943	0.267387
2944	0.267246
2945	0.267106
2946	0.266965
2947	0.266824
2948	0.266684
2949	0.266543
2950	0.266403
2951	0.266262
2952	0.266121
2953	0.265981
2954	0.265840
2955	0.265699
2956	0.265559
2957	0.265418
2958	0.265277
2959	0.265137
2960	0.264996
2961	0.264855
2962	0.264715
2963	0.264574
2964	0.264433
2965	0.264292
2966	0.264152
2967	0.264011
2968	0.263870
2969	0.263730
2970	0.263589
2971	0.263448
2972	0.263307
2973	0.263166
2974	0.263026
2975	0.262885
2976	0.262744
2977	0.262603
2978	0.262463
2979	0.262322
2980	0.262181
2981	0.262040
2982	0.261899
2983	0.261758
2984	0.261618
2985	0.261477
2986	0.261336
2987	0.261195
2988	0.261054
2989	0.260913
2990	0.260772
2991	0.260632
2992	0.260491
2993	0.260350
2994	0.260209
2995	0.260068
2996	0.259927
2997	0.259786
2998	0.259645
2999	0.259504
3000	0.259363
3001	0.259222
3002	0.259081
3003	0.258941
3004	0.258800
3005	0.258659
3006	0.258518
3007	0.258377
3008	0.258236
3009	0.258095
3010	0.257954
3011	0.257813
3012	0.257672
3013	0.257531
3014	0.257390
3015	0.257249
3016	0.257108
3017	0.256967
3018	0.256825
3019	0.256684
3020	0.256543
3021	0.256402
3022	0.256261
3023	0.256120
3024	0.255979
3025	0.255838
3026	0.255697
3027	0.255556
3028	0.255415
3029	0.255274
3030	0.255133
3031	0.254991
3032	0.254850
3033	0.254709
3034	0.254568
3035	0.254427
3036	0.254286
3037	0.254145
3038	0.254003
3039	0.253862
3040	0.253721
3041	0.253580
3042	0.253439
3043	0.253298
3044	0.253156
3045	0.253015
3046	0.252874
3047	0.252733
3048	0.252592
3049	0.252450
3050	0.252309
3051	0.252168
3052	0.252027
3053	0.251885
3054	0.251744
3055	0.251603
3056	0.251462
3057	0.251320
3058	0.251179
3059	0.251038
3060	0.250896
3061	0.250755
3062	0.250614
3063	0.250473
3064	0.250331
3065	0.250190
3066	0.250049
3067	0.249907
3068	0.249766
3069	0.249625
3070	0.249483
3071	0.249342
3072	0.249201
3073	0.249059
3074	0.248918
3075	0.248777
3076	0.248635
3077	0.248494
3078	0.248352
3079	0.248211
3080	0.248070
3081	0.247928
3082	0.247787
3083	0.247645
3084	0.247504
3085	0.247363
3086	0.247221
3087	0.247080
3088	0.246938
3089	0.246797
3090	0.246655
3091	0.246514
3092	0.246372
3093	0.246231
3094	0.246089
3095	0.245948
3096	0.245806
3097	0.245665
3098	0.245523
3099	0.245382
3100	0.245240
3101	0.245099
3102	0.244957
3103	0.244816
3104	0.244674
3105	0.244533
3106	0.244391
3107	0.244250
3108	0.244108
3109	0.243967
3110	0.243825
3111	0.243684
3112	0.243542
3113	0.243400
3114	0.243259
3115	0.243117
3116	0.242976
3117	0.242834
3118	0.242692
3119	0.242551
3120	0.242409
3121	0.242268
3122	0.242126
3123	0.241984
3124	0.241843
3125	0.241701
3126	0.241559
3127	0.241418
3128	0.241276
3129	0.241134
3130	0.240993
3131	0.240851
3132	0.240709
3133	0.240568
3134	0.240426
3135	0.240284
3136	0.240143
3137	0.240001
3138	0.239859
3139	0.239718
3140	0.239576
3141	0.239434
3142	0.239292
3143	0.239151
3144	0.239009
3145	0.238867
3146	0.238725
3147	0.238584
3148	0.238442
3149	0.238300
3150	0.238158
3151	0.238017
3152	0.237875
3153	0.237733
3154	0.237591
3155	0.237449
3156	0.237308
3157	0.237166
3158	0.237024
3159	0.236882
3160	0.236740
3161	0.236599
3162	0.236457
3163	0.236315
3164	0.236173
3165	0.236031
3166	0.235889
3167	0.235747
3168	0.235606
3169	0.235464
3170	0.235322
3171	0.235180
3172	0.235038
3173	0.234896
3174	0.234754
3175	0.234612
3176	0.234471
3177	0.234329
3178	0.234187
3179	0.234045
3180	0.233903
3181	0.233761
3182	0.233619
3183	0.233477
3184	0.233335
3185	0.233193
3186	0.233051
3187	0.232909
3188	0.232767
3189	0.232625
3190	0.232483
3191	0.232341
3192	0.232199
3193	0.232057
3194	0.231915
3195	0.231773
3196	0.231631
3197	0.231489
3198	0.231347
3199	0.231205
3200	0.231063
3201	0.230921
3202	0.230779
3203	0.230637
3204	0.230495
3205	0.230353
3206	0.230211
3207	0.230069
3208	0.229927
3209	0.229785
3210	0.229643
3211	0.229501
3212	0.229359
3213	0.229217
3214	0.229075
3215	0.228932
3216	0.228790
3217	0.228648
3218	0.228506
3219	0.228364
3220	0.228222
3221	0.228080
3222	0.227938
3223	0.227796
3224	0.227653
3225	0.227511
3226	0.227369
3227	0.227227
3228	0.227085
3229	0.226943
3230	0.226800
3231	0.226658
3232	0.226516
3233	0.226374
3234	0.226232
3235	0.226090
3236	0.225947
3237	0.225805
3238	0.225663
3239	0.225521
3240	0.225379
3241	0.225236
3242	0.225094
3243	0.224952
3244	0.224810
3245	0.224667
3246	0.224525
3247	0.224383
3248	0.224241
3249	0.224098
3250	0.223956
3251	0.223814
3252	0.223672
3253	0.223529
3254	0.223387
3255	0.223245
3256	0.223102
3257	0.222960
3258	0.222818
3259	0.222676
3260	0.222533
3261	0.222391
3262	0.222249
3263	0.222106
3264	0.221964
3265	0.221822
3266	0.221679
3267	0.221537
3268	0.221395
3269	0.221252
3270	0.221110
3271	0.220968
3272	0.220825
3273	0.220683
3274	0.220540
3275	0.220398
3276	0.220256
3277	0.220113
3278	0.219971
3279	0.219829
3280	0.219686
3281	0.219544
3282	0.219401
3283	0.219259
3284	0.219117
3285	0.218974
3286	0.218832
3287	0.218689
3288	0.218547
3289	0.218404
3290	0.218262
3291	0.218119
3292	0.217977
3293	0.217835
3294	0.217692
3295	0.217550
3296	0.217407
3297	0.217265
3298	0.217122
3299	0.216980
3300	0.216837
3301	0.216695
3302	0.216552
3303	0.216410
3304	0.216267
3305	0.216125
3306	0.215982
3307	0.215840
3308	0.215697
3309	0.215555
3310	0.215412
3311	0.215270
3312	0.215127
3313	0.214984
3314	0.214842
3315	0.214699
3316	0.214557
3317	0.214414
3318	0.214272
3319	0.214129
3320	0.213987
3321	0.213844
3322	0.213701
3323	0.213559
3324	0.213416
3325	0.213274
3326	0.213131
3327	0.212988
3328	0.212846
3329	0.212703
3330	0.212561
3331	0.212418
3332	0.212275
3333	0.212133
3334	0.211990
3335	0.211847
3336	0.211705
3337	0.211562
3338	0.211419
3339	0.211277
3340	0.211134
3341	0.210991
3342	0.210849
3343	0.210706
3344	0.210563
3345	0.210421
3346	0.210278
3347	0.210135
3348	0.209993
3349	0.209850
3350	0.209707
3351	0.209565
3352	0.209422
3353	0.209279
3354	0.209136
3355	0.208994
3356	0.208851
3357	0.208708
3358	0.208565
3359	0.208423
3360	0.208280
3361	0.208137
3362	0.207995
3363	0.207852
3364	0.207709
3365	0.207566
3366	0.207423
3367	0.207281
3368	0.207138
3369	0.206995
3370	0.206852
3371	0.206710
3372	0.206567
3373	0.206424
3374	0.206281
3375	0.206138
3376	0.205996
3377	0.205853
3378	0.205710
3379	0.205567
3380	0.205424
3381	0.205281
3382	0.205139
3383	0.204996
3384	0.204853
3385	0.204710
3386	0.204567
3387	0.204424
3388	0.204281
3389	0.204139
3390	0.203996
3391	0.203853
3392	0.203710
3393	0.203567
3394	0.203424
3395	0.203281
3396	0.203138
3397	0.202996
3398	0.202853
3399	0.202710
3400	0.202567
3401	0.202424
3402	0.202281
3403	0.202138
3404	0.201995
3405	0.201852
3406	0.201709
3407	0.201566
3408	0.201423
3409	0.201280
3410	0.201138
3411	0.200995
3412	0.200852
3413	0.200709
3414	0.200566
3415	0.200423
3416	0.200280
3417	0.200137
3418	0.199994
3419	0.199851
3420	0.199708
3421	0.199565
3422	0.199422
3423	0.199279
3424	0.199136
3425	0.198993
3426	0.198850
3427	0.198707
3428	0.198564
3429	0.198421
3430	0.198278
3431	0.198135
3432	0.197992
3433	0.197849
3434	0.197706
3435	0.197563
3436	0.197419
3437	0.197276
3438	0.197133
3439	0.196990
3440	0.196847
3441	0.196704
3442	0.196561
3443	0.196418
3444	0.196275
3445	0.196132
3446	0.195989
3447	0.195846
3448	0.195703
3449	0.195560
3450	0.195416
3451	0.195273
3452	0.195130
3453	0.194987
3454	0.194844
3455	0.194701
3456	0.194558
3457	0.194415
3458	0.194271
3459	0.194128
3460	0.193985
3461	0.193842
3462	0.193699
3463	0.193556
3464	0.193413
3465	0.193269
3466	0.193126
3467	0.192983
3468	0.192840
3469	0.192697
3470	0.192554
3471	0.192410
3472	0.192267
3473	0.192124
3474	0.191981
3475	0.191838
3476	0.191694
3477	0.191551
3478	0.191408
3479	0.191265
3480	0.191122
3481	0.190978
3482	0.190835
3483	0.190692
3484	0.190549
3485	0.190405
3486	0.190262
3487	0.190119
3488	0.189976
3489	0.189832
3490	0.189689
3491	0.189546
3492	0.189403
3493	0.189259
3494	0.189116
3495	0.188973
3496	0.188830
3497	0.188686
3498	0.188543
3499	0.188400
3500	0.188257
3501	0.188113
3502	0.187970
3503	0.187827
3504	0.187683
3505	0.187540
3506	0.187397
3507	0.187253
3508	0.187110
3509	0.186967
3510	0.186823
3511	0.186680
3512	0.186537
3513	0.186393
3514	0.186250
3515	0.186107
3516	0.185963
3517	0.185820
3518	0.185677
3519	0.185533
3520	0.185390
3521	0.185247
3522	0.185103
3523	0.184960
3524	0.184817
3525	0.184673
3526	0.184530
3527	0.184386
3528	0.184243
3529	0.184100
3530	0.183956
3531	0.183813
3532	0.183669
3533	0.183526
3534	0.183383
3535	0.183239
3536	0.183096
3537	0.182952
3538	0.182809
3539	0.182666
3540	0.182522
3541	0.182379
3542	0.182235
3543	0.182092
3544	0.181948
3545	0.181805
3546	0.181661
3547	0.181518
3548	0.181375
3549	0.181231
3550	0.181088
3551	0.180944
3552	0.180801
3553	0.180657
3554	0.180514
3555	0.180370
3556	0.180227
3557	0.180083
3558	0.179940
3559	0.179796
3560	0.179653
3561	0.179509
3562	0.179366
3563	0.179222
3564	0.179079
3565	0.178935
3566	0.178792
3567	0.178648
3568	0.178505
3569	0.178361
3570	0.178218
3571	0.178074
3572	0.177931
3573	0.177787
3574	0.177644
3575	0.177500
3576	0.177356
3577	0.177213
3578	0.177069
3579	0.176926
3580	0.176782
3581	0.176639
3582	0.176495
3583	0.176351
3584	0.176208
3585	0.176064
3586	0.175921
3587	0.175777
3588	0.175634
3589	0.175490
3590	0.175346
3591	0.175203
3592	0.175059
3593	0.174916
3594	0.174772
3595	0.174628
3596	0.174485
3597	0.174341
3598	0.174198
3599	0.174054
3600	0.173910
3601	0.173767
3602	0.173623
3603	0.173479
3604	0.173336
3605	0.173192
3606	0.173048
3607	0.172905
3608	0.172761
3609	0.172617
3610	0.172474
3611	0.172330
3612	0.172186
3613	0.172043
3614	0.171899
3615	0.171755
3616	0.171612
3617	0.171468
3618	0.171324
3619	0.171181
3620	0.171037
3621	0.170893
3622	0.170750
3623	0.170606
3624	0.170462
3625	0.170319
3626	0.170175
3627	0.170031
3628	0.169887
3629	0.169744
3630	0.169600
3631	0.169456
3632	0.169312
3633	0.169169
3634	0.169025
3635	0.168881
3636	0.168738
3637	0.168594
3638	0.168450
3639	0.168306
3640	0.168163
3641	0.168019
3642	0.167875
3643	0.167731
3644	0.167587
3645	0.167444
3646	0.167300
3647	0.167156
3648	0.167012
3649	0.166869
3650	0.166725
3651	0.166581
3652	0.166437
3653	0.166293
3654	0.166150
3655	0.166006
3656	0.165862
3657	0.165718
3658	0.165574
3659	0.165431
3660	0.165287
3661	0.165143
3662	0.164999
3663	0.164855
3664	0.164712
3665	0.164568
3666	0.164424
3667	0.164280
3668	0.164136
3669	0.163992
3670	0.163848
3671	0.163705
3672	0.163561
3673	0.163417
3674	0.163273
3675	0.163129
3676	0.162985
3677	0.162841
3678	0.162698
3679	0.162554
3680	0.162410
3681	0.162266
3682	0.162122
3683	0.161978
3684	0.161834
3685	0.161690
3686	0.161547
3687	0.161403
3688	0.161259
3689	0.161115
3690	0.160971
3691	0.160827
3692	0.160683
3693	0.160539
3694	0.160395
3695	0.160251
3696	0.160107
3697	0.159964
3698	0.159820
3699	0.159676
3700	0.159532
3701	0.159388
3702	0.159244
3703	0.159100
3704	0.158956
3705	0.158812
3706	0.158668
3707	0.158524
3708	0.158380
3709	0.158236
3710	0.158092
3711	0.157948
3712	0.157804
3713	0.157660
3714	0.157516
3715	0.157372
3716	0.157228
3717	0.157084
3718	0.156940
3719	0.156796
3720	0.156652
3721	0.156508
3722	0.156364
3723	0.156220
3724	0.156076
3725	0.155932
3726	0.155788
3727	0.155644
3728	0.155500
3729	0.155356
3730	0.155212
3731	0.155068
3732	0.154924
3733	0.154780
3734	0.154636
3735	0.154492
3736	0.154348
3737	0.154204
3738	0.154060
3739	0.153916
3740	0.153772
3741	0.153628
3742	0.153484
3743	0.153340
3744	0.153196
3745	0.153052
3746	0.152908
3747	0.152764
3748	0.152620
3749	0.152476
3750	0.152331
3751	0.152187
3752	0.152043
3753	0.151899
3754	0.151755
3755	0.151611
3756	0.151467
3757	0.151323
3758	0.151179
3759	0.151035
3760	0.150891
3761	0.150746
3762	0.150602
3763	0.150458
3764	0.150314
3765	0.150170
3766	0.150026
3767	0.149882
3768	0.149738
3769	0.149594
3770	0.149449
3771	0.149305
3772	0.149161
3773	0.149017
3774	0.148873
3775	0.148729
3776	0.148585
3777	0.148440
3778	0.148296
3779	0.148152
3780	0.148008
3781	0.147864
3782	0.147720
3783	0.147576
3784	0.147431
3785	0.147287
3786	0.147143
3787	0.146999
3788	0.146855
3789	0.146711
3790	0.146566
3791	0.146422
3792	0.146278
3793	0.146134
3794	0.145990
3795	0.145845
3796	0.145701
3797	0.145557
3798	0.145413
3799	0.145269
3800	0.145124
3801	0.144980
3802	0.144836
3803	0.144692
3804	0.144548
3805	0.144403
3806	0.144259
3807	0.144115
3808	0.143971
3809	0.143826
3810	0.143682
3811	0.143538
3812	0.143394
3813	0.143250
3814	0.143105
3815	0.142961
3816	0.142817
3817	0.142673
3818	0.142528
3819	0.142384
3820	0.142240
3821	0.142096
3822	0.141951
3823	0.141807
3824	0.141663
3825	0.141518
3826	0.141374
3827	0.141230
3828	0.141086
3829	0.140941
3830	0.140797
3831	0.140653
3832	0.140509
3833	0.140364
3834	0.140220
3835	0.140076
3836	0.139931
3837	0.139787
3838	0.139643
3839	0.139498
3840	0.139354
3841	0.139210
3842	0.139066
3843	0.138921
3844	0.138777
3845	0.138633
3846	0.138488
3847	0.138344
3848	0.138200
3849	0.138055
3850	0.137911
3851	0.137767
3852	0.137622
3853	0.137478
3854	0.137334
3855	0.137189
3856	0.137045
3857	0.136901
3858	0.136756
3859	0.136612
3860	0.136468
3861	0.136323
3862	0.136179
3863	0.136034
3864	0.135890
3865	0.135746
3866	0.135601
3867	0.135457
3868	0.135313
3869	0.135168
3870	0.135024
3871	0.134879
3872	0.134735
3873	0.134591
3874	0.134446
3875	0.134302
3876	0.134158
3877	0.134013
3878	0.133869
3879	0.133724
3880	0.133580
3881	0.133436
3882	0.133291
3883	0.133147
3884	0.133002
3885	0.132858
3886	0.132714
3887	0.132569
3888	0.132425
3889	0.132280
3890	0.132136
3891	0.131991
3892	0.131847
3893	0.131703
3894	0.131558
3895	0.131414
3896	0.131269
3897	0.131125
3898	0.130980
3899	0.130836
3900	0.130691
3901	0.130547
3902	0.130403
3903	0.130258
3904	0.130114
3905	0.129969
3906	0.129825
3907	0.129680
3908	0.129536
3909	0.129391
3910	0.129247
3911	0.129102
3912	0.128958
3913	0.128813
3914	0.128669
3915	0.128525
3916	0.128380
3917	0.128236
3918	0.128091
3919	0.127947
3920	0.127802
3921	0.127658
3922	0.127513
3923	0.127369
3924	0.127224
3925	0.127080
3926	0.126935
3927	0.126791
3928	0.126646
3929	0.126502
3930	0.126357
3931	0.126213
3932	0.126068
3933	0.125924
3934	0.125779
3935	0.125634
3936	0.125490
3937	0.125345
3938	0.125201
3939	0.125056
3940	0.124912
3941	0.124767
3942	0.124623
3943	0.124478
3944	0.124334
3945	0.124189
3946	0.124045
3947	0.123900
3948	0.123755
3949	0.123611
3950	0.123466
3951	0.123322
3952	0.123177
3953	0.123033
3954	0.122888
3955	0.122744
3956	0.122599
3957	0.122454
3958	0.122310
3959	0.122165
3960	0.122021
3961	0.121876
3962	0.121732
3963	0.121587
3964	0.121442
3965	0.121298
3966	0.121153
3967	0.121009
3968	0.120864
3969	0.120719
3970	0.120575
3971	0.120430
3972	0.120286
3973	0.120141
3974	0.119996
3975	0.119852
3976	0.119707
3977	0.119563
3978	0.119418
3979	0.119273
3980	0.119128
3981	0.118984
3982	0.118838
3983	0.118693
3984	0.118546
3985	0.118398
3986	0.118247
3987	0.118090
3988	0.117923
3989	0.117735
3990	0.117508
3991	0.117207
3992	0.116769
3993	0.116069
3994	0.114873
3995	0.112734
3996	0.108796
3997	0.101384
3998	0.087135
3999	0.058922
4000	0.000000
4001	0.000000
