0	0.000000
1	0.000000
2	0.000000
3	0.000000
4	0.000000
5	0.000000
6	0.000000
7	0.000000
8	0.000000
9	0.000000
10	0.000000
11	0.000000
12	0.000000
13	0.000000
14	0.000000
15	0.000000
16	0.000000
17	0.000000
18	0.000000
19	0.000000
20	0.000000
21	0.000000
22	0.000000
23	0.000000
24	0.000000
25	0.000000
26	0.000000
27	0.000000
28	0.000000
29	0.000000
30	0.000000
31	0.000000
32	0.000000
33	0.000000
34	0.000000
35	0.000000
36	0.000000
37	0.000000
38	0.000000
39	0.000000
40	0.000000
41	0.000000
42	0.000000
43	0.000000
44	0.000000
45	0.000000
46	0.000000
47	0.000000
48	0.000000
49	0.000000
50	0.000000
51	0.000000
52	0.000000
53	0.000000
54	0.000000
55	0.000000
56	0.000000
57	0.000000
58	0.000000
59	0.000000
60	0.000000
61	0.000000
62	0.000000
63	0.000000
64	0.000000
65	0.000000
66	0.000000
67	0.000000
68	0.000000
69	0.000000
70	0.000000
71	0.000000
72	0.000000
73	0.000000
74	0.000000
75	0.000000
76	0.000000
77	0.000000
78	0.000000
79	0.000000
80	0.000000
81	0.000000
82	0.000000
83	0.000000
84	0.000000
85	0.000000
86	0.000000
87	0.000000
88	0.000000
89	0.000000
90	0.000000
91	0.000000
92	0.000000
93	0.000000
94	0.000000
95	0.000000
96	0.000000
97	0.000000
98	0.000000
99	0.000000
100	0.000000
101	0.000000
102	0.000000
103	0.000000
104	0.000000
105	0.000000
106	0.000000
107	0.000000
108	0.000000
109	0.000000
110	0.000000
111	0.000000
112	0.000000
113	0.000000
114	0.000000
115	0.000000
116	0.000000
117	0.000000
118	0.000000
119	0.000000
120	0.000000
121	0.000000
122	0.000000
123	0.000000
124	0.000000
125	0.000000
126	0.000000
127	0.000000
128	0.000000
129	0.000000
130	0.000000
131	0.000000
132	0.000000
133	0.000000
134	0.000000
135	0.000000
136	0.000000
137	0.000000
138	0.000000
139	0.000000
140	0.000000
141	0.000000
142	0.000000
143	0.000000
144	0.000000
145	0.000000
146	0.000000
147	0.000000
148	0.000000
149	0.000000
150	0.000000
151	0.000000
152	0.000000
153	0.000000
154	0.000000
155	0.000000
156	0.000000
157	0.000000
158	0.000000
159	0.000000
160	0.000000
161	0.000000
162	0.000000
163	0.000000
164	0.000000
165	0.000000
166	0.000000
167	0.000000
168	0.000000
169	0.000000
170	0.000000
171	0.000000
172	0.000000
173	0.000000
174	0.000000
175	0.000000
176	0.000000
177	0.000000
178	0.000000
179	0.000000
180	0.000000
181	0.000000
182	0.000000
183	0.000000
184	0.000000
185	0.000000
186	0.000000
187	0.000000
188	0.000000
189	0.000000
190	0.000000
191	0.000000
192	0.000000
193	0.000000
194	0.000000
195	0.000000
196	0.000000
197	0.000000
198	0.000000
199	0.000000
200	0.000000
201	0.000000
202	0.000000
203	0.000000
204	0.000000
205	0.000000
206	0.000000
207	0.000000
208	0.000000
209	0.000000
210	0.000000
211	0.000000
212	0.000000
213	0.000000
214	0.000000
215	0.000000
216	0.000000
217	0.000000
218	0.000000
219	0.000000
220	0.000000
221	0.000000
222	0.000000
223	0.000000
224	0.000000
225	0.000000
226	0.000000
227	0.000000
228	0.000000
229	0.000000
230	0.000000
231	0.000000
232	0.000000
233	0.000000
234	0.000000
235	0.000000
236	0.000000
237	0.000000
238	0.000000
239	0.000000
240	0.000000
241	0.000000
242	0.000000
243	0.000000
244	0.000000
245	0.000000
246	0.000000
247	0.000000
248	0.000000
249	0.000000
250	0.000000
251	0.000000
252	0.000000
253	0.000000
254	0.000000
255	0.000000
256	0.000000
257	0.000000
258	0.000000
259	0.000000
260	0.000000
261	0.000000
262	0.000000
263	0.000000
264	0.000000
265	0.000000
266	0.000000
267	0.000000
268	0.000000
269	0.000000
270	0.000000
271	0.000000
272	0.000000
273	0.000000
274	0.000000
275	0.000000
276	0.000000
277	0.000000
278	0.000000
279	0.000000
280	0.000000
281	0.000000
282	0.000000
283	0.000000
284	0.000000
285	0.000000
286	0.000000
287	0.000000
288	0.000000
289	0.000000
290	0.000000
291	0.000000
292	0.000000
293	0.000000
294	0.000000
295	0.000000
296	0.000000
297	0.000000
298	0.000000
299	0.000000
300	0.000000
301	0.000000
302	0.000000
303	0.000000
304	0.000000
305	0.000000
306	0.000000
307	0.000000
308	0.000000
309	0.000000
310	0.000000
311	0.000000
312	0.000000
313	0.000000
314	0.000000
315	0.000000
316	0.000000
317	0.000000
318	0.000000
319	0.000000
320	0.000000
321	0.000000
322	0.000000
323	0.000000
324	0.000000
325	0.000000
326	0.000000
327	0.000000
328	0.000000
329	0.000000
330	0.000000
331	0.000000
332	0.000000
333	0.000000
334	0.000000
335	0.000000
336	0.000000
337	0.000000
338	0.000000
339	0.000000
340	0.000000
341	0.000000
342	0.000000
343	0.000000
344	0.000000
345	0.000000
346	0.000000
347	0.000000
348	0.000000
349	0.000000
350	0.000000
351	0.000000
352	0.000000
353	0.000000
354	0.000000
355	0.000000
356	0.000000
357	0.000000
358	0.000000
359	0.000000
360	0.000000
361	0.000000
362	0.000000
363	0.000000
364	0.000000
365	0.000000
366	0.000000
367	0.000000
368	0.000000
369	0.000000
370	0.000000
371	0.000000
372	0.000000
373	0.000000
374	0.000000
375	0.000000
376	0.000000
377	0.000000
378	0.000000
379	0.000000
380	0.000000
381	0.000000
382	0.000000
383	0.000000
384	0.000000
385	0.000000
386	0.000000
387	0.000000
388	0.000000
389	0.000000
390	0.000000
391	0.000000
392	0.000000
393	0.000000
394	0.000000
395	0.000000
396	0.000000
397	0.000000
398	0.000000
399	0.000000
400	0.000000
401	0.000000
402	0.000000
403	0.000000
404	0.000000
405	0.000000
406	0.000000
407	0.000000
408	0.000000
409	0.000000
410	0.000000
411	0.000000
412	0.000000
413	0.000000
414	0.000000
415	0.000000
416	0.000000
417	0.000000
418	0.000000
419	0.000000
420	0.000000
421	0.000000
422	0.000000
423	0.000000
424	0.000000
425	0.000000
426	0.000000
427	0.000000
428	0.000000
429	0.000000
430	0.000000
431	0.000000
432	0.000000
433	0.000000
434	0.000000
435	0.000000
436	0.000000
437	0.000000
438	0.000000
439	0.000000
440	0.000000
441	0.000000
442	0.000000
443	0.000000
444	0.000000
445	0.000000
446	0.000000
447	0.000000
448	0.000000
449	0.000000
450	0.000000
451	0.000000
452	0.000000
453	0.000000
454	0.000000
455	0.000000
456	0.000000
457	0.000000
458	0.000000
459	0.000000
460	0.000000
461	0.000000
462	0.000000
463	0.000000
464	0.000000
465	0.000000
466	0.000000
467	0.000000
468	0.000000
469	0.000000
470	0.000000
471	0.000000
472	0.000000
473	0.000000
474	0.000000
475	0.000000
476	0.000000
477	0.000000
478	0.000000
479	0.000000
480	0.000000
481	0.000000
482	0.000000
483	0.000000
484	0.000000
485	0.000000
486	0.000000
487	0.000000
488	0.000000
489	0.000000
490	0.000000
491	0.000000
492	0.000000
493	0.000000
494	0.000000
495	0.000000
496	0.000000
497	0.000000
498	0.000000
499	0.000000
500	0.000000
501	0.000000
502	0.000000
503	0.000000
504	0.000000
505	0.000000
506	0.000000
507	0.000000
508	0.000000
509	0.000000
510	0.000000
511	0.000000
512	0.000000
513	0.000000
514	0.000000
515	0.000000
516	0.000000
517	0.000000
518	0.000000
519	0.000000
520	0.000000
521	0.000000
522	0.000000
523	0.000000
524	0.000000
525	0.000000
526	0.000000
527	0.000000
528	0.000000
529	0.000000
530	0.000000
531	0.000000
532	0.000000
533	0.000000
534	0.000000
535	0.000000
536	0.000000
537	0.000000
538	0.000000
539	0.000000
540	0.000000
541	0.000000
542	0.000000
543	0.000000
544	0.000000
545	0.000000
546	0.000000
547	0.000000
548	0.000000
549	0.000000
550	0.000000
551	0.000000
552	0.000000
553	0.000000
554	0.000000
555	0.000000
556	0.000000
557	0.000000
558	0.000000
559	0.000000
560	0.000000
561	0.000000
562	0.000000
563	0.000000
564	0.000000
565	0.000000
566	0.000000
567	0.000000
568	0.000000
569	0.000000
570	0.000000
571	0.000000
572	0.000000
573	0.000000
574	0.000000
575	0.000000
576	0.000000
577	0.000000
578	0.000000
579	0.000000
580	0.000000
581	0.000000
582	0.000000
583	0.000000
584	0.000000
585	0.000000
586	0.000000
587	0.000000
588	0.000000
589	0.000000
590	0.000000
591	0.000000
592	0.000000
593	0.000000
594	0.000000
595	0.000000
596	0.000000
597	0.000000
598	0.000000
599	0.000000
600	0.000000
601	0.000000
602	0.000000
603	0.000000
604	0.000000
605	0.000000
606	0.000000
607	0.000000
608	0.000000
609	0.000000
610	0.000000
611	0.000000
612	0.000000
613	0.000000
614	0.000000
615	0.000000
616	0.000000
617	0.000000
618	0.000000
619	0.000000
620	0.000000
621	0.000000
622	0.000000
623	0.000000
624	0.000000
625	0.000000
626	0.000000
627	0.000000
628	0.000000
629	0.000000
630	0.000000
631	0.000000
632	0.000000
633	0.000000
634	0.000000
635	0.000000
636	0.000000
637	0.000000
638	0.000000
639	0.000000
640	0.000000
641	0.000000
642	0.000000
643	0.000000
644	0.000000
645	0.000000
646	0.000000
647	0.000000
648	0.000000
649	0.000000
650	0.000000
651	0.000000
652	0.000000
653	0.000000
654	0.000000
655	0.000000
656	0.000000
657	0.000000
658	0.000000
659	0.000000
660	0.000000
661	0.000000
662	0.000000
663	0.000000
664	0.000000
665	0.000000
666	0.000000
667	0.000000
668	0.000000
669	0.000000
670	0.000000
671	0.000000
672	0.000000
673	0.000000
674	0.000000
675	0.000000
676	0.000000
677	0.000000
678	0.000000
679	0.000000
680	0.000000
681	0.000000
682	0.000000
683	0.000000
684	0.000000
685	0.000000
686	0.000000
687	0.000000
688	0.000000
689	0.000000
690	0.000000
691	0.000000
692	0.000000
693	0.000000
694	0.000000
695	0.000000
696	0.000000
697	0.000000
698	0.000000
699	0.000000
700	0.000000
701	0.000000
702	0.000000
703	0.000000
704	0.000000
705	0.000000
706	0.000000
707	0.000000
708	0.000000
709	0.000000
710	0.000000
711	0.000000
712	0.000000
713	0.000000
714	0.000000
715	0.000000
716	0.000000
717	0.000000
718	0.000000
719	0.000000
720	0.000000
721	0.000000
722	0.000000
723	0.000000
724	0.000000
725	0.000000
726	0.000000
727	0.000000
728	0.000000
729	0.000000
730	0.000000
731	0.000000
732	0.000000
733	0.000000
734	0.000000
735	0.000000
736	0.000000
737	0.000000
738	0.000000
739	0.000000
740	0.000000
741	0.000000
742	0.000000
743	0.000000
744	0.000000
745	0.000000
746	0.000000
747	0.000000
748	0.000000
749	0.000000
750	0.000000
751	0.000000
752	0.000000
753	0.000000
754	0.000000
755	0.000000
756	0.000000
757	0.000000
758	0.000000
759	0.000000
760	0.000000
761	0.000000
762	0.000000
763	0.000000
764	0.000000
765	0.000000
766	0.000000
767	0.000000
768	0.000000
769	0.000000
770	0.000000
771	0.000000
772	0.000000
773	0.000000
774	0.000000
775	0.000000
776	0.000000
777	0.000000
778	0.000000
779	0.000000
780	0.000000
781	0.000000
782	0.000000
783	0.000000
784	0.000000
785	0.000000
786	0.000000
787	0.000000
788	0.000000
789	0.000000
790	0.000000
791	0.000000
792	0.000000
793	0.000000
794	0.000000
795	0.000000
796	0.000000
797	0.000000
798	0.000000
799	0.000000
800	0.000000
801	0.000000
802	0.000000
803	0.000000
804	0.000000
805	0.000000
806	0.000000
807	0.000000
808	0.000000
809	0.000000
810	0.000000
811	0.000000
812	0.000000
813	0.000000
814	0.000000
815	0.000000
816	0.000000
817	0.000000
818	0.000000
819	0.000000
820	0.000000
821	0.000000
822	0.000000
823	0.000000
824	0.000000
825	0.000000
826	0.000000
827	0.000000
828	0.000000
829	0.000000
830	0.000000
831	0.000000
832	0.000000
833	0.000000
834	0.000000
835	0.000000
836	0.000000
837	0.000000
838	0.000000
839	0.000000
840	0.000000
841	0.000000
842	0.000000
843	0.000000
844	0.000000
845	0.000000
846	0.000000
847	0.000000
848	0.000000
849	0.000000
850	0.000000
851	0.000000
852	0.000000
853	0.000000
854	0.000000
855	0.000000
856	0.000000
857	0.000000
858	0.000000
859	0.000000
860	0.000000
861	0.000000
862	0.000000
863	0.000000
864	0.000000
865	0.000000
866	0.000000
867	0.000000
868	0.000000
869	0.000000
870	0.000000
871	0.000000
872	0.000000
873	0.000000
874	0.000000
875	0.000000
876	0.000000
877	0.000000
878	0.000000
879	0.000000
880	0.000000
881	0.000000
882	0.000000
883	0.000000
884	0.000000
885	0.000000
886	0.000000
887	0.000000
888	0.000000
889	0.000000
890	0.000000
891	0.000000
892	0.000000
893	0.000000
894	0.000000
895	0.000000
896	0.000000
897	0.000000
898	0.000000
899	0.000000
900	0.000000
901	0.000000
902	0.000000
903	0.000000
904	0.000000
905	0.000000
906	0.000000
907	0.000000
908	0.000000
909	0.000000
910	0.000000
911	0.000000
912	0.000000
913	0.000000
914	0.000000
915	0.000000
916	0.000000
917	0.000000
918	0.000000
919	0.000000
920	0.000000
921	0.000000
922	0.000000
923	0.000000
924	0.000000
925	0.000000
926	0.000000
927	0.000000
928	0.000000
929	0.000000
930	0.000000
931	0.000000
932	0.000000
933	0.000000
934	0.000000
935	0.000000
936	0.000000
937	0.000000
938	0.000000
939	0.000000
940	0.000000
941	0.000000
942	0.000000
943	0.000000
944	0.000000
945	0.000000
946	0.000000
947	0.000000
948	0.000000
949	0.000000
950	0.000000
951	0.000000
952	0.000000
953	0.000000
954	0.000000
955	0.000000
956	0.000000
957	0.000000
958	0.000000
959	0.000000
960	0.000000
961	0.000000
962	0.000000
963	0.000000
964	0.000000
965	0.000000
966	0.000000
967	0.000000
968	0.000000
969	0.000000
970	0.000000
971	0.000000
972	0.000000
973	0.000000
974	0.000000
975	0.000000
976	0.000000
977	0.000000
978	0.000000
979	0.000000
980	0.000000
981	0.000000
982	0.000000
983	0.000000
984	0.000000
985	0.000000
986	0.000000
987	0.000000
988	0.000000
989	0.000000
990	0.000000
991	0.000000
992	0.000000
993	0.000000
994	0.000000
995	0.000000
996	0.000000
997	0.000000
998	0.000000
999	0.000000
1000	0.000000
1001	0.000000
1002	0.000000
1003	0.000000
1004	0.000000
1005	0.000000
1006	0.000000
1007	0.000000
1008	0.000000
1009	0.000000
1010	0.000000
1011	0.000000
1012	0.000000
1013	0.000000
1014	0.000000
1015	0.000000
1016	0.000000
1017	0.000000
1018	0.000000
1019	0.000000
1020	0.000000
1021	0.000000
1022	0.000000
1023	0.000000
1024	0.000000
1025	0.000000
1026	0.000000
1027	0.000000
1028	0.000000
1029	0.000000
1030	0.000000
1031	0.000000
1032	0.000000
1033	0.000000
1034	0.000000
1035	0.000000
1036	0.000000
1037	0.000000
1038	0.000000
1039	0.000000
1040	0.000000
1041	0.000000
1042	0.000000
1043	0.000000
1044	0.000000
1045	0.000000
1046	0.000000
1047	0.000000
1048	0.000000
1049	0.000000
1050	0.000000
1051	0.000000
1052	0.000000
1053	0.000000
1054	0.000000
1055	0.000000
1056	0.000000
1057	0.000000
1058	0.000000
1059	0.000000
1060	0.000000
1061	0.000000
1062	0.000000
1063	0.000000
1064	0.000000
1065	0.000000
1066	0.000000
1067	0.000000
1068	0.000000
1069	0.000000
1070	0.000000
1071	0.000000
1072	0.000000
1073	0.000000
1074	0.000000
1075	0.000000
1076	0.000000
1077	0.000000
1078	0.000000
1079	0.000000
1080	0.000000
1081	0.000000
1082	0.000000
1083	0.000000
1084	0.000000
1085	0.000000
1086	0.000000
1087	0.000000
1088	0.000000
1089	0.000000
1090	0.000000
1091	0.000000
1092	0.000000
1093	0.000000
1094	0.000000
1095	0.000000
1096	0.000000
1097	0.000000
1098	0.000000
1099	0.000000
1100	0.000000
1101	0.000000
1102	0.000000
1103	0.000000
1104	0.000000
1105	0.000000
1106	0.000000
1107	0.000000
1108	0.000000
1109	0.000000
1110	0.000000
1111	0.000000
1112	0.000000
1113	0.000000
1114	0.000000
1115	0.000000
1116	0.000000
1117	0.000000
1118	0.000000
1119	0.000000
1120	0.000000
1121	0.000000
1122	0.000000
1123	0.000000
1124	0.000000
1125	0.000000
1126	0.000000
1127	0.000000
1128	0.000000
1129	0.000000
1130	0.000000
1131	0.000000
1132	0.000000
1133	0.000000
1134	0.000000
1135	0.000000
1136	0.000000
1137	0.000000
1138	0.000000
1139	0.000000
1140	0.000000
1141	0.000000
1142	0.000000
1143	0.000000
1144	0.000000
1145	0.000000
1146	0.000000
1147	0.000000
1148	0.000000
1149	0.000000
1150	0.000000
1151	0.000000
1152	0.000000
1153	0.000000
1154	0.000000
1155	0.000000
1156	0.000000
1157	0.000000
1158	0.000000
1159	0.000000
1160	0.000000
1161	0.000000
1162	0.000000
1163	0.000000
1164	0.000000
1165	0.000000
1166	0.000000
1167	0.000000
1168	0.000000
1169	0.000000
1170	0.000000
1171	0.000000
1172	0.000000
1173	0.000000
1174	0.000000
1175	0.000000
1176	0.000000
1177	0.000000
1178	0.000000
1179	0.000000
1180	0.000000
1181	0.000000
1182	0.000000
1183	0.000000
1184	0.000000
1185	0.000000
1186	0.000000
1187	0.000000
1188	0.000000
1189	0.000000
1190	0.000000
1191	0.000000
1192	0.000000
1193	0.000000
1194	0.000000
1195	0.000000
1196	0.000000
1197	0.000000
1198	0.000000
1199	0.000000
1200	0.000000
1201	0.000000
1202	0.000000
1203	0.000000
1204	0.000000
1205	0.000000
1206	0.000000
1207	0.000000
1208	0.000000
1209	0.000000
1210	0.000000
1211	0.000000
1212	0.000000
1213	0.000000
1214	0.000000
1215	0.000000
1216	0.000000
1217	0.000000
1218	0.000000
1219	0.000000
1220	0.000000
1221	0.000000
1222	0.000000
1223	0.000000
1224	0.000000
1225	0.000000
1226	0.000000
1227	0.000000
1228	0.000000
1229	0.000000
1230	0.000000
1231	0.000000
1232	0.000000
1233	0.000000
1234	0.000000
1235	0.000000
1236	0.000000
1237	0.000000
1238	0.000000
1239	0.000000
1240	0.000000
1241	0.000000
1242	0.000000
1243	0.000000
1244	0.000000
1245	0.000000
1246	0.000000
1247	0.000000
1248	0.000000
1249	0.000000
1250	0.000000
1251	0.000000
1252	0.000000
1253	0.000000
1254	0.000000
1255	0.000000
1256	0.000000
1257	0.000000
1258	0.000000
1259	0.000000
1260	0.000000
1261	0.000000
1262	0.000000
1263	0.000000
1264	0.000000
1265	0.000000
1266	0.000000
1267	0.000000
1268	0.000000
1269	0.000000
1270	0.000000
1271	0.000000
1272	0.000000
1273	0.000000
1274	0.000000
1275	0.000000
1276	0.000000
1277	0.000000
1278	0.000000
1279	0.000000
1280	0.000000
1281	0.000000
1282	0.000000
1283	0.000000
1284	0.000000
1285	0.000000
1286	0.000000
1287	0.000000
1288	0.000000
1289	0.000000
1290	0.000000
1291	0.000000
1292	0.000000
1293	0.000000
1294	0.000000
1295	0.000000
1296	0.000000
1297	0.000000
1298	0.000000
1299	0.000000
1300	0.000000
1301	0.000000
1302	0.000000
1303	0.000000
1304	0.000000
1305	0.000000
1306	0.000000
1307	0.000000
1308	0.000000
1309	0.000000
1310	0.000000
1311	0.000000
1312	0.000000
1313	0.000000
1314	0.000000
1315	0.000000
1316	0.000000
1317	0.000000
1318	0.000000
1319	0.000000
1320	0.000000
1321	0.000000
1322	0.000000
1323	0.000000
1324	0.000000
1325	0.000000
1326	0.000000
1327	0.000000
1328	0.000000
1329	0.000000
1330	0.000000
1331	0.000000
1332	0.000000
1333	0.000000
1334	0.000000
1335	0.000000
1336	0.000000
1337	0.000000
1338	0.000000
1339	0.000000
1340	0.000000
1341	0.000001
1342	0.000001
1343	0.000001
1344	0.000002
1345	0.000003
1346	0.000004
1347	0.000007
1348	0.000010
1349	0.000015
1350	0.000023
1351	0.000034
1352	0.000052
1353	0.000078
1354	0.000117
1355	0.000176
1356	0.000264
1357	0.000397
1358	0.000597
1359	0.000897
1360	0.001348
1361	0.002024
1362	0.003035
1363	0.004547
1364	0.006800
1365	0.010142
1366	0.015067
1367	0.022258
1368	0.032616
1369	0.047249
1370	0.067365
1371	0.094017
1372	0.127670
1373	0.167699
1374	0.212109
1375	0.257781
1376	0.301286
1377	0.339845
1378	0.371926
1379	0.397252
1380	0.416434
1381	0.430507
1382	0.440588
1383	0.447681
1384	0.452602
1385	0.455975
1386	0.458261
1387	0.459791
1388	0.460797
1389	0.461444
1390	0.461844
1391	0.462075
1392	0.462190
1393	0.462226
1394	0.462207
1395	0.462152
1396	0.462072
1397	0.461974
1398	0.461865
1399	0.461747
1400	0.461624
1401	0.461497
1402	0.461368
1403	0.461236
1404	0.461104
1405	0.460970
1406	0.460836
1407	0.460701
1408	0.460566
1409	0.460430
1410	0.460295
1411	0.460159
1412	0.460023
1413	0.459887
1414	0.459750
1415	0.459614
1416	0.459477
1417	0.459341
1418	0.459204
1419	0.459067
1420	0.458930
1421	0.458793
1422	0.458656
1423	0.458518
1424	0.458381
1425	0.458243
1426	0.458106
1427	0.457968
1428	0.457830
1429	0.457692
1430	0.457554
1431	0.457416
1432	0.457278
1433	0.457139
1434	0.457001
1435	0.456862
1436	0.456723
1437	0.456585
1438	0.456446
1439	0.456307
1440	0.456168
1441	0.456029
1442	0.455889
1443	0.455750
1444	0.455611
1445	0.455471
1446	0.455331
1447	0.455192
1448	0.455052
1449	0.454912
1450	0.454772
1451	0.454632
1452	0.454491
1453	0.454351
1454	0.454211
1455	0.454070
1456	0.453929
1457	0.453789
1458	0.453648
1459	0.453507
1460	0.453366
1461	0.453225
1462	0.453084
1463	0.452942
1464	0.452801
1465	0.452659
1466	0.452518
1467	0.452376
1468	0.452235
1469	0.452093
1470	0.451951
1471	0.451809
1472	0.451667
1473	0.451524
1474	0.451382
1475	0.451240
1476	0.451097
1477	0.450955
1478	0.450812
1479	0.450669
1480	0.450527
1481	0.450384
1482	0.450241
1483	0.450098
1484	0.449954
1485	0.449811
1486	0.449668
1487	0.449524
1488	0.449381
1489	0.449237
1490	0.449093
1491	0.448950
1492	0.448806
1493	0.448662
1494	0.448518
1495	0.448374
1496	0.448229
1497	0.448085
1498	0.447941
1499	0.447796
1500	0.447652
1501	0.447507
1502	0.447362
1503	0.447218
1504	0.447073
1505	0.446928
1506	0.446783
1507	0.446638
1508	0.446492
1509	0.446347
1510	0.446202
1511	0.446056
1512	0.445911
1513	0.445765
1514	0.445619
1515	0.445474
1516	0.445328
1517	0.445182
1518	0.445036
1519	0.444890
1520	0.444743
1521	0.444597
1522	0.444451
1523	0.444304
1524	0.444158
1525	0.444011
1526	0.443865
1527	0.443718
1528	0.443571
1529	0.443424
1530	0.443277
1531	0.443130
1532	0.442983
1533	0.442836
1534	0.442689
1535	0.442541
1536	0.442394
1537	0.442246
1538	0.442099
1539	0.441951
1540	0.441803
1541	0.441656
1542	0.441508
1543	0.441360
1544	0.441212
1545	0.441064
1546	0.440916
1547	0.440767
1548	0.440619
1549	0.440471
1550	0.440322
1551	0.440174
1552	0.440025
1553	0.439876
1554	0.439727
1555	0.439579
1556	0.439430
1557	0.439281
1558	0.439132
1559	0.438983
1560	0.438833
1561	0.438684
1562	0.438535
1563	0.438385
1564	0.438236
1565	0.438086
1566	0.437937
1567	0.437787
1568	0.437637
1569	0.437487
1570	0.437337
1571	0.437187
1572	0.437037
1573	0.436887
1574	0.436737
1575	0.436587
1576	0.436437
1577	0.436286
1578	0.436136
1579	0.435985
1580	0.435835
1581	0.435684
1582	0.435533
1583	0.435382
1584	0.435231
1585	0.435081
1586	0.434930
1587	0.434778
1588	0.434627
1589	0.434476
1590	0.434325
1591	0.434174
1592	0.434022
1593	0.433871
1594	0.433719
1595	0.433568
1596	0.433416
1597	0.433264
1598	0.433112
1599	0.432960
1600	0.432809
1601	0.432657
1602	0.432504
1603	0.432352
1604	0.432200
1605	0.432048
1606	0.431896
1607	0.431743
1608	0.431591
1609	0.431438
1610	0.431286
1611	0.431133
1612	0.430980
1613	0.430828
1614	0.430675
1615	0.430522
1616	0.430369
1617	0.430216
1618	0.430063
1619	0.429910
1620	0.429756
1621	0.429603
1622	0.429450
1623	0.429297
1624	0.429143
1625	0.428990
1626	0.428836
1627	0.428682
1628	0.428529
1629	0.428375
1630	0.428221
1631	0.428067
1632	0.427913
1633	0.427759
1634	0.427605
1635	0.427451
1636	0.427297
1637	0.427143
1638	0.426988
1639	0.426834
1640	0.426680
1641	0.426525
1642	0.426371
1643	0.426216
1644	0.426061
1645	0.425907
1646	0.425752
1647	0.425597
1648	0.425442
1649	0.425287
1650	0.425132
1651	0.424977
1652	0.424822
1653	0.424667
1654	0.424512
1655	0.424356
1656	0.424201
1657	0.424046
1658	0.423890
1659	0.423735
1660	0.423579
1661	0.423423
1662	0.423268
1663	0.423112
1664	0.422956
1665	0.422800
1666	0.422644
1667	0.422488
1668	0.422332
1669	0.422176
1670	0.422020
1671	0.421864
1672	0.421708
1673	0.421552
1674	0.421395
1675	0.421239
1676	0.421082
1677	0.420926
1678	0.420769
1679	0.420613
1680	0.420456
1681	0.420299
1682	0.420142
1683	0.419985
1684	0.419829
1685	0.419672
1686	0.419515
1687	0.419358
1688	0.419200
1689	0.419043
1690	0.418886
1691	0.418729
1692	0.418571
1693	0.418414
1694	0.418257
1695	0.418099
1696	0.417942
1697	0.417784
1698	0.417626
1699	0.417469
1700	0.417311
1701	0.417153
1702	0.416995
1703	0.416837
1704	0.416679
1705	0.416521
1706	0.416363
1707	0.416205
1708	0.416047
1709	0.415889
1710	0.415731
1711	0.415572
1712	0.415414
1713	0.415255
1714	0.415097
1715	0.414938
1716	0.414780
1717	0.414621
1718	0.414463
1719	0.414304
1720	0.414145
1721	0.413986
1722	0.413827
1723	0.413669
1724	0.413510
1725	0.413351
1726	0.413191
1727	0.413032
1728	0.412873
1729	0.412714
1730	0.412555
1731	0.412395
1732	0.412236
1733	0.412077
1734	0.411917
1735	0.411758
1736	0.411598
1737	0.411438
1738	0.411279
1739	0.411119
1740	0.410959
1741	0.410800
1742	0.410640
1743	0.410480
1744	0.410320
1745	0.410160
1746	0.410000
1747	0.409840
1748	0.409680
1749	0.409519
1750	0.409359
1751	0.409199
1752	0.409039
1753	0.408878
1754	0.408718
1755	0.408557
1756	0.408397
1757	0.408236
1758	0.408076
1759	0.407915
1760	0.407754
1761	0.407594
1762	0.407433
1763	0.407272
1764	0.407111
1765	0.406950
1766	0.406789
1767	0.406628
1768	0.406467
1769	0.406306
1770	0.406145
1771	0.405984
1772	0.405823
1773	0.405661
1774	0.405500
1775	0.405339
1776	0.405177
1777	0.405016
1778	0.404854
1779	0.404693
1780	0.404531
1781	0.404369
1782	0.404208
1783	0.404046
1784	0.403884
1785	0.403722
1786	0.403560
1787	0.403399
1788	0.403237
1789	0.403075
1790	0.402913
1791	0.402750
1792	0.402588
1793	0.402426
1794	0.402264
1795	0.402102
1796	0.401939
1797	0.401777
1798	0.401615
1799	0.401452
1800	0.401290
1801	0.401127
1802	0.400965
1803	0.400802
1804	0.400640
1805	0.400477
1806	0.400314
1807	0.400151
1808	0.399989
1809	0.399826
1810	0.399663
1811	0.399500
1812	0.399337
1813	0.399174
1814	0.399011
1815	0.398848
1816	0.398685
1817	0.398521
1818	0.398358
1819	0.398195
1820	0.398032
1821	0.397868
1822	0.397705
1823	0.397541
1824	0.397378
1825	0.397214
1826	0.397051
1827	0.396887
1828	0.396724
1829	0.396560
1830	0.396396
1831	0.396232
1832	0.396069
1833	0.395905
1834	0.395741
1835	0.395577
1836	0.395413
1837	0.395249
1838	0.395085
1839	0.394921
1840	0.394757
1841	0.394593
1842	0.394428
1843	0.394264
1844	0.394100
1845	0.393936
1846	0.393771
1847	0.393607
1848	0.393442
1849	0.393278
1850	0.393114
1851	0.392949
1852	0.392784
1853	0.392620
1854	0.392455
1855	0.392290
1856	0.392126
1857	0.391961
1858	0.391796
1859	0.391631
1860	0.391466
1861	0.391301
1862	0.391136
1863	0.390971
1864	0.390806
1865	0.390641
1866	0.390476
1867	0.390311
1868	0.390146
1869	0.389980
1870	0.389815
1871	0.389650
1872	0.389485
1873	0.389319
1874	0.389154
1875	0.388988
1876	0.388823
1877	0.388657
1878	0.388492
1879	0.388326
1880	0.388160
1881	0.387995
1882	0.387829
1883	0.387663
1884	0.387497
1885	0.387332
1886	0.387166
1887	0.387000
1888	0.386834
1889	0.386668
1890	0.386502
1891	0.386336
1892	0.386170
1893	0.386004
1894	0.385837
1895	0.385671
1896	0.385505
1897	0.385339
1898	0.385172
1899	0.385006
1900	0.384840
1901	0.384673
1902	0.384507
1903	0.384340
1904	0.384174
1905	0.384007
1906	0.383841
1907	0.383674
1908	0.383507
1909	0.383341
1910	0.383174
1911	0.383007
1912	0.382840
1913	0.382674
1914	0.382507
1915	0.382340
1916	0.382173
1917	0.382006
1918	0.381839
1919	0.381672
1920	0.381505
1921	0.381338
1922	0.381170
1923	0.381003
1924	0.380836
1925	0.380669
1926	0.380502
1927	0.380334
1928	0.380167
1929	0.379999
1930	0.379832
1931	0.379665
1932	0.379497
1933	0.379330
1934	0.379162
1935	0.378994
1936	0.378827
1937	0.378659
1938	0.378491
1939	0.378324
1940	0.378156
1941	0.377988
1942	0.377820
1943	0.377653
1944	0.377485
1945	0.377317
1946	0.377149
1947	0.376981
1948	0.376813
1949	0.376645
1950	0.376477
1951	0.376308
1952	0.376140
1953	0.375972
1954	0.375804
1955	0.375636
1956	0.375467
1957	0.375299
1958	0.375131
1959	0.374962
1960	0.374794
1961	0.374625
1962	0.374457
1963	0.374288
1964	0.374120
1965	0.373951
1966	0.373783
1967	0.373614
1968	0.373445
1969	0.373277
1970	0.373108
1971	0.372939
1972	0.372770
1973	0.372602
1974	0.372433
1975	0.372264
1976	0.372095
1977	0.371926
1978	0.371757
1979	0.371588
1980	0.371419
1981	0.371250
1982	0.371081
1983	0.370912
1984	0.370742
1985	0.370573
1986	0.370404
1987	0.370235
1988	0.370065
1989	0.369896
1990	0.369727
1991	0.369557
1992	0.369388
1993	0.369218
1994	0.369049
1995	0.368879
1996	0.368710
1997	0.368540
1998	0.368371
1999	0.368201
2000	0.368031
2001	0.367862
2002	0.367692
2003	0.367522
2004	0.367352
2005	0.367183
2006	0.367013
2007	0.366843
2008	0.366673
2009	0.366503
2010	0.366333
2011	0.366163
2012	0.365993
2013	0.365823
2014	0.365653
2015	0.365483
2016	0.365313
2017	0.365143
2018	0.364972
2019	0.364802
2020	0.364632
2021	0.364462
2022	0.364291
2023	0.364121
2024	0.363950
2025	0.363780
2026	0.363610
2027	0.363439
2028	0.363269
2029	0.363098
2030	0.362928
2031	0.362757
2032	0.362586
2033	0.362416
2034	0.362245
2035	0.362074
2036	0.361904
2037	0.361733
2038	0.361562
2039	0.361391
2040	0.361221
2041	0.361050
2042	0.360879
2043	0.360708
2044	0.360537
2045	0.360366
2046	0.360195
2047	0.360024
2048	0.359853
2049	0.359682
2050	0.359511
2051	0.359339
2052	0.359168
2053	0.358997
2054	0.358826
2055	0.358655
2056	0.358483
2057	0.358312
2058	0.358141
2059	0.357969
2060	0.357798
2061	0.357626
2062	0.357455
2063	0.357283
2064	0.357112
2065	0.356940
2066	0.356769
2067	0.356597
2068	0.356426
2069	0.356254
2070	0.356082
2071	0.355911
2072	0.355739
2073	0.355567
2074	0.355395
2075	0.355224
2076	0.355052
2077	0.354880
2078	0.354708
2079	0.354536
2080	0.354364
2081	0.354192
2082	0.354020
2083	0.353848
2084	0.353676
2085	0.353504
2086	0.353332
2087	0.353160
2088	0.352988
2089	0.352816
2090	0.352643
2091	0.352471
2092	0.352299
2093	0.352127
2094	0.351954
2095	0.351782
2096	0.351610
2097	0.351437
2098	0.351265
2099	0.351092
2100	0.350920
2101	0.350747
2102	0.350575
2103	0.350402
2104	0.350230
2105	0.350057
2106	0.349884
2107	0.349712
2108	0.349539
2109	0.349366
2110	0.349194
2111	0.349021
2112	0.348848
2113	0.348675
2114	0.348503
2115	0.348330
2116	0.348157
2117	0.347984
2118	0.347811
2119	0.347638
2120	0.347465
2121	0.347292
2122	0.347119
2123	0.346946
2124	0.346773
2125	0.346600
2126	0.346427
2127	0.346254
2128	0.346080
2129	0.345907
2130	0.345734
2131	0.345561
2132	0.345387
2133	0.345214
2134	0.345041
2135	0.344867
2136	0.344694
2137	0.344521
2138	0.344347
2139	0.344174
2140	0.344000
2141	0.343827
2142	0.343653
2143	0.343480
2144	0.343306
2145	0.343133
2146	0.342959
2147	0.342785
2148	0.342612
2149	0.342438
2150	0.342264
2151	0.342090
2152	0.341917
2153	0.341743
2154	0.341569
2155	0.341395
2156	0.341221
2157	0.341048
2158	0.340874
2159	0.340700
2160	0.340526
2161	0.340352
2162	0.340178
2163	0.340004
2164	0.339830
2165	0.339656
2166	0.339482
2167	0.339307
2168	0.339133
2169	0.338959
2170	0.338785
2171	0.338611
2172	0.338436
2173	0.338262
2174	0.338088
2175	0.337914
2176	0.337739
2177	0.337565
2178	0.337391
2179	0.337216
2180	0.337042
2181	0.336867
2182	0.336693
2183	0.336518
2184	0.336344
2185	0.336169
2186	0.335995
2187	0.335820
2188	0.335646
2189	0.335471
2190	0.335296
2191	0.335122
2192	0.334947
2193	0.334772
2194	0.334597
2195	0.334423
2196	0.334248
2197	0.334073
2198	0.333898
2199	0.333723
2200	0.333548
2201	0.333374
2202	0.333199
2203	0.333024
2204	0.332849
2205	0.332674
2206	0.332499
2207	0.332324
2208	0.332149
2209	0.331974
2210	0.331798
2211	0.331623
2212	0.331448
2213	0.331273
2214	0.331098
2215	0.330923
2216	0.330747
2217	0.330572
2218	0.330397
2219	0.330222
2220	0.330046
2221	0.329871
2222	0.329696
2223	0.329520
2224	0.329345
2225	0.329169
2226	0.328994
2227	0.328818
2228	0.328643
2229	0.328467
2230	0.328292
2231	0.328116
2232	0.327941
2233	0.327765
2234	0.327590
2235	0.327414
2236	0.327238
2237	0.327063
2238	0.326887
2239	0.326711
2240	0.326535
2241	0.326360
2242	0.326184
2243	0.326008
2244	0.325832
2245	0.325656
2246	0.325480
2247	0.325305
2248	0.325129
2249	0.324953
2250	0.324777
2251	0.324601
2252	0.324425
2253	0.324249
2254	0.324073
2255	0.323897
2256	0.323721
2257	0.323544
2258	0.323368
2259	0.323192
2260	0.323016
2261	0.322840
2262	0.322664
2263	0.322487
2264	0.322311
2265	0.322135
2266	0.321959
2267	0.321782
2268	0.321606
2269	0.321430
2270	0.321253
2271	0.321077
2272	0.320900
2273	0.320724
2274	0.320548
2275	0.320371
2276	0.320195
2277	0.320018
2278	0.319842
2279	0.319665
2280	0.319488
2281	0.319312
2282	0.319135
2283	0.318959
2284	0.318782
2285	0.318605
2286	0.318429
2287	0.318252
2288	0.318075
2289	0.317898
2290	0.317722
2291	0.317545
2292	0.317368
2293	0.317191
2294	0.317014
2295	0.316837
2296	0.316661
2297	0.316484
2298	0.316307
2299	0.316130
2300	0.315953
2301	0.315776
2302	0.315599
2303	0.315422
2304	0.315245
2305	0.315068
2306	0.314891
2307	0.314713
2308	0.314536
2309	0.314359
2310	0.314182
2311	0.314005
2312	0.313828
2313	0.313650
2314	0.313473
2315	0.313296
2316	0.313119
2317	0.312941
2318	0.312764
2319	0.312587
2320	0.312409
2321	0.312232
2322	0.312055
2323	0.311877
2324	0.311700
2325	0.311522
2326	0.311345
2327	0.311167
2328	0.310990
2329	0.310812
2330	0.310635
2331	0.310457
2332	0.310280
2333	0.310102
2334	0.309924
2335	0.309747
2336	0.309569
2337	0.309391
2338	0.309214
2339	0.309036
2340	0.308858
2341	0.308681
2342	0.308503
2343	0.308325
2344	0.308147
2345	0.307969
2346	0.307792
2347	0.307614
2348	0.307436
2349	0.307258
2350	0.307080
2351	0.306902
2352	0.306724
2353	0.306546
2354	0.306368
2355	0.306190
2356	0.306012
2357	0.305834
2358	0.305656
2359	0.305478
2360	0.305300
2361	0.305122
2362	0.304944
2363	0.304766
2364	0.304587
2365	0.304409
2366	0.304231
2367	0.304053
2368	0.303875
2369	0.303696
2370	0.303518
2371	0.303340
2372	0.303162
2373	0.302983
2374	0.302805
2375	0.302626
2376	0.302448
2377	0.302270
2378	0.302091
2379	0.301913
2380	0.301734
2381	0.301556
2382	0.301378
2383	0.301199
2384	0.301020
2385	0.300842
2386	0.300663
2387	0.300485
2388	0.300306
2389	0.300128
2390	0.299949
2391	0.299770
2392	0.299592
2393	0.299413
2394	0.299234
2395	0.299056
2396	0.298877
2397	0.298698
2398	0.298519
2399	0.298341
2400	0.298162
2401	0.297983
2402	0.297804
2403	0.297625
2404	0.297447
2405	0.297268
2406	0.297089
2407	0.296910
2408	0.296731
2409	0.296552
2410	0.296373
2411	0.296194
2412	0.296015
2413	0.295836
2414	0.295657
2415	0.295478
2416	0.295299
2417	0.295120
2418	0.294941
2419	0.294762
2420	0.294583
2421	0.294403
2422	0.294224
2423	0.294045
2424	0.293866
2425	0.293687
2426	0.293507
2427	0.293328
2428	0.293149
2429	0.292970
2430	0.292790
2431	0.292611
2432	0.292432
2433	0.292252
2434	0.292073
2435	0.291894
2436	0.291714
2437	0.291535
2438	0.291355
2439	0.291176
2440	0.290997
2441	0.290817
2442	0.290638
2443	0.290458
2444	0.290279
2445	0.290099
2446	0.289919
2447	0.289740
2448	0.289560
2449	0.289381
2450	0.289201
2451	0.289021
2452	0.288842
2453	0.288662
2454	0.288482
2455	0.288303
2456	0.288123
2457	0.287943
2458	0.287764
2459	0.287584
2460	0.287404
2461	0.287224
2462	0.287044
2463	0.286865
2464	0.286685
2465	0.286505
2466	0.286325
2467	0.286145
2468	0.285965
2469	0.285785
2470	0.285605
2471	0.285425
2472	0.285246
2473	0.285066
2474	0.284886
2475	0.284706
2476	0.284526
2477	0.284345
2478	0.284165
2479	0.283985
2480	0.283805
2481	0.283625
2482	0.283445
2483	0.283265
2484	0.283085
2485	0.282905
2486	0.282724
2487	0.282544
2488	0.282364
2489	0.282184
2490	0.282004
2491	0.281823
2492	0.281643
2493	0.281463
2494	0.281282
2495	0.281102
2496	0.280922
2497	0.280741
2498	0.280561
2499	0.280381
2500	0.280200
2501	0.280020
2502	0.279840
2503	0.279659
2504	0.279479
2505	0.279298
2506	0.279118
2507	0.278937
2508	0.278757
2509	0.278576
2510	0.278396
2511	0.278215
2512	0.278035
2513	0.277854
2514	0.277673
2515	0.277493
2516	0.277312
2517	0.277131
2518	0.276951
2519	0.276770
2520	0.276589
2521	0.276409
2522	0.276228
2523	0.276047
2524	0.275867
2525	0.275686
2526	0.275505
2527	0.275324
2528	0.275143
2529	0.274963
2530	0.274782
2531	0.274601
2532	0.274420
2533	0.274239
2534	0.274058
2535	0.273877
2536	0.273697
2537	0.273516
2538	0.273335
2539	0.273154
2540	0.272973
2541	0.272792
2542	0.272611
2543	0.272430
2544	0.272249
2545	0.272068
2546	0.271887
2547	0.271706
2548	0.271524
2549	0.271343
2550	0.271162
2551	0.270981
2552	0.270800
2553	0.270619
2554	0.270438
2555	0.270256
2556	0.270075
2557	0.269894
2558	0.269713
2559	0.269532
2560	0.269350
2561	0.269169
2562	0.268988
2563	0.268807
2564	0.268625
2565	0.268444
2566	0.268263
2567	0.268081
2568	0.267900
2569	0.267718
2570	0.267537
2571	0.267356
2572	0.267174
2573	0.266993
2574	0.266811
2575	0.266630
2576	0.266448
2577	0.266267
2578	0.266085
2579	0.265904
2580	0.265722
2581	0.265541
2582	0.265359
2583	0.265178
2584	0.264996
2585	0.264815
2586	0.264633
2587	0.264451
2588	0.264270
2589	0.264088
2590	0.263906
2591	0.263725
2592	0.263543
2593	0.263361
2594	0.263180
2595	0.262998
2596	0.262816
2597	0.262634
2598	0.262453
2599	0.262271
2600	0.262089
2601	0.261907
2602	0.261725
2603	0.261544
2604	0.261362
2605	0.261180
2606	0.260998
2607	0.260816
2608	0.260634
2609	0.260452
2610	0.260270
2611	0.260089
2612	0.259907
2613	0.259725
2614	0.259543
2615	0.259361
2616	0.259179
2617	0.258997
2618	0.258815
2619	0.258633
2620	0.258450
2621	0.258268
2622	0.258086
2623	0.257904
2624	0.257722
2625	0.257540
2626	0.257358
2627	0.257176
2628	0.256994
2629	0.256811
2630	0.256629
2631	0.256447
2632	0.256265
2633	0.256083
2634	0.255900
2635	0.255718
2636	0.255536
2637	0.255354
2638	0.255171
2639	0.254989
2640	0.254807
2641	0.254624
2642	0.254442
2643	0.254260
2644	0.254077
2645	0.253895
2646	0.253713
2647	0.253530
2648	0.253348
2649	0.253165
2650	0.252983
2651	0.252801
2652	0.252618
2653	0.252436
2654	0.252253
2655	0.252071
2656	0.251888
2657	0.251706
2658	0.251523
2659	0.251341
2660	0.251158
2661	0.250975
2662	0.250793
2663	0.250610
2664	0.250428
2665	0.250245
2666	0.250062
2667	0.249880
2668	0.249697
2669	0.249515
2670	0.249332
2671	0.249149
2672	0.248966
2673	0.248784
2674	0.248601
2675	0.248418
2676	0.248236
2677	0.248053
2678	0.247870
2679	0.247687
2680	0.247504
2681	0.247322
2682	0.247139
2683	0.246956
2684	0.246773
2685	0.246590
2686	0.246407
2687	0.246225
2688	0.246042
2689	0.245859
2690	0.245676
2691	0.245493
2692	0.245310
2693	0.245127
2694	0.244944
2695	0.244761
2696	0.244578
2697	0.244395
2698	0.244212
2699	0.244029
2700	0.243846
2701	0.243663
2702	0.243480
2703	0.243297
2704	0.243114
2705	0.242931
2706	0.242748
2707	0.242565
2708	0.242381
2709	0.242198
2710	0.242015
2711	0.241832
2712	0.241649
2713	0.241466
2714	0.241282
2715	0.241099
2716	0.240916
2717	0.240733
2718	0.240550
2719	0.240366
2720	0.240183
2721	0.240000
2722	0.239817
2723	0.239633
2724	0.239450
2725	0.239267
2726	0.239083
2727	0.238900
2728	0.238717
2729	0.238533
2730	0.238350
2731	0.238167
2732	0.237983
2733	0.237800
2734	0.237616
2735	0.237433
2736	0.237249
2737	0.237066
2738	0.236883
2739	0.236699
2740	0.236516
2741	0.236332
2742	0.236149
2743	0.235965
2744	0.235782
2745	0.235598
2746	0.235414
2747	0.235231
2748	0.235047
2749	0.234864
2750	0.234680
2751	0.234497
2752	0.234313
2753	0.234129
2754	0.233946
2755	0.233762
2756	0.233578
2757	0.233395
2758	0.233211
2759	0.233027
2760	0.232844
2761	0.232660
2762	0.232476
2763	0.232293
2764	0.232109
2765	0.231925
2766	0.231741
2767	0.231557
2768	0.231374
2769	0.231190
2770	0.231006
2771	0.230822
2772	0.230638
2773	0.230455
2774	0.230271
2775	0.230087
2776	0.229903
2777	0.229719
2778	0.229535
2779	0.229351
2780	0.229167
2781	0.228984
2782	0.228800
2783	0.228616
2784	0.228432
2785	0.228248
2786	0.228064
2787	0.227880
2788	0.227696
2789	0.227512
2790	0.227328
2791	0.227144
2792	0.226960
2793	0.226776
2794	0.226592
2795	0.226408
2796	0.226223
2797	0.226039
2798	0.225855
2799	0.225671
2800	0.225487
2801	0.225303
2802	0.225119
2803	0.224935
2804	0.224751
2805	0.224566
2806	0.224382
2807	0.224198
2808	0.224014
2809	0.223830
2810	0.223645
2811	0.223461
2812	0.223277
2813	0.223093
2814	0.222908
2815	0.222724
2816	0.222540
2817	0.222356
2818	0.222171
2819	0.221987
2820	0.221803
2821	0.221618
2822	0.221434
2823	0.221250
2824	0.221065
2825	0.220881
2826	0.220696
2827	0.220512
2828	0.220328
2829	0.220143
2830	0.219959
2831	0.219774
2832	0.219590
2833	0.219406
2834	0.219221
2835	0.219037
2836	0.218852
2837	0.218668
2838	0.218483
2839	0.218299
2840	0.218114
2841	0.217930
2842	0.217745
2843	0.217561
2844	0.217376
2845	0.217191
2846	0.217007
2847	0.216822
2848	0.216638
2849	0.216453
2850	0.216268
2851	0.216084
2852	0.215899
2853	0.215715
2854	0.215530
2855	0.215345
2856	0.215161
2857	0.214976
2858	0.214791
2859	0.214607
2860	0.214422
2861	0.214237
2862	0.214052
2863	0.213868
2864	0.213683
2865	0.213498
2866	0.213313
2867	0.213129
2868	0.212944
2869	0.212759
2870	0.212574
2871	0.212389
2872	0.212205
2873	0.212020
2874	0.211835
2875	0.211650
2876	0.211465
2877	0.211280
2878	0.211096
2879	0.210911
2880	0.210726
2881	0.210541
2882	0.210356
2883	0.210171
2884	0.209986
2885	0.209801
2886	0.209616
2887	0.209431
2888	0.209246
2889	0.209061
2890	0.208876
2891	0.208691
2892	0.208506
2893	0.208321
2894	0.208136
2895	0.207951
2896	0.207766
2897	0.207581
2898	0.207396
2899	0.207211
2900	0.207026
2901	0.206841
2902	0.206656
2903	0.206471
2904	0.206286
2905	0.206100
2906	0.205915
2907	0.205730
2908	0.205545
2909	0.205360
2910	0.205175
2911	0.204990
2912	0.204804
2913	0.204619
2914	0.204434
2915	0.204249
2916	0.204064
2917	0.203878
2918	0.203693
2919	0.203508
2920	0.203323
2921	0.203137
2922	0.202952
2923	0.202767
2924	0.202582
2925	0.202396
2926	0.202211
2927	0.202026
2928	0.201840
2929	0.201655
2930	0.201470
2931	0.201284
2932	0.201099
2933	0.200914
2934	0.200728
2935	0.200543
2936	0.200357
2937	0.200172
2938	0.199987
2939	0.199801
2940	0.199616
2941	0.199430
2942	0.199245
2943	0.199059
2944	0.198874
2945	0.198689
2946	0.198503
2947	0.198318
2948	0.198132
2949	0.197947
2950	0.197761
2951	0.197576
2952	0.197390
2953	0.197204
2954	0.197019
2955	0.196833
2956	0.196648
2957	0.196462
2958	0.196277
2959	0.196091
2960	0.195905
2961	0.195720
2962	0.195534
2963	0.195349
2964	0.195163
2965	0.194977
2966	0.194792
2967	0.194606
2968	0.194420
2969	0.194235
2970	0.194049
2971	0.193863
2972	0.193678
2973	0.193492
2974	0.193306
2975	0.193121
2976	0.192935
2977	0.192749
2978	0.192563
2979	0.192378
2980	0.192192
2981	0.192006
2982	0.191820
2983	0.191635
2984	0.191449
2985	0.191263
2986	0.191077
2987	0.190891
2988	0.190706
2989	0.190520
2990	0.190334
2991	0.190148
2992	0.189962
2993	0.189776
2994	0.189591
2995	0.189405
2996	0.189219
2997	0.189033
2998	0.188847
2999	0.188661
3000	0.188475
3001	0.188289
3002	0.188103
3003	0.187917
3004	0.187731
3005	0.187545
3006	0.187359
3007	0.187174
3008	0.186988
3009	0.186802
3010	0.186616
3011	0.186430
3012	0.186244
3013	0.186058
3014	0.185872
3015	0.185685
3016	0.185499
3017	0.185313
3018	0.185127
3019	0.184941
3020	0.184755
3021	0.184569
3022	0.184383
3023	0.184197
3024	0.184011
3025	0.183825
3026	0.183639
3027	0.183453
3028	0.183266
3029	0.183080
3030	0.182894
3031	0.182708
3032	0.182522
3033	0.182336
3034	0.182149
3035	0.181963
3036	0.181777
3037	0.181591
3038	0.181405
3039	0.181218
3040	0.181032
3041	0.180846
3042	0.180660
3043	0.180474
3044	0.180287
3045	0.180101
3046	0.179915
3047	0.179728
3048	0.179542
3049	0.179356
3050	0.179170
3051	0.178983
3052	0.178797
3053	0.178611
3054	0.178424
3055	0.178238
3056	0.178052
3057	0.177865
3058	0.177679
3059	0.177493
3060	0.177306
3061	0.177120
3062	0.176934
3063	0.176747
3064	0.176561
3065	0.176374
3066	0.176188
3067	0.176001
3068	0.175815
3069	0.175629
3070	0.175442
3071	0.175256
3072	0.175069
3073	0.174883
3074	0.174696
3075	0.174510
3076	0.174323
3077	0.174137
3078	0.173950
3079	0.173764
3080	0.173577
3081	0.173391
3082	0.173204
3083	0.173018
3084	0.172831
3085	0.172645
3086	0.172458
3087	0.172272
3088	0.172085
3089	0.171899
3090	0.171712
3091	0.171525
3092	0.171339
3093	0.171152
3094	0.170966
3095	0.170779
3096	0.170592
3097	0.170406
3098	0.170219
3099	0.170032
3100	0.169846
3101	0.169659
3102	0.169472
3103	0.169286
3104	0.169099
3105	0.168912
3106	0.168726
3107	0.168539
3108	0.168352
3109	0.168166
3110	0.167979
3111	0.167792
3112	0.167605
3113	0.167419
3114	0.167232
3115	0.167045
3116	0.166858
3117	0.166672
3118	0.166485
3119	0.166298
3120	0.166111
3121	0.165925
3122	0.165738
3123	0.165551
3124	0.165364
3125	0.165177
3126	0.164991
3127	0.164804
3128	0.164617
3129	0.164430
3130	0.164243
3131	0.164056
3132	0.163869
3133	0.163683
3134	0.163496
3135	0.163309
3136	0.163122
3137	0.162935
3138	0.162748
3139	0.162561
3140	0.162374
3141	0.162187
3142	0.162000
3143	0.161814
3144	0.161627
3145	0.161440
3146	0.161253
3147	0.161066
3148	0.160879
3149	0.160692
3150	0.160505
3151	0.160318
3152	0.160131
3153	0.159944
3154	0.159757
3155	0.159570
3156	0.159383
3157	0.159196
3158	0.159009
3159	0.158822
3160	0.158635
3161	0.158448
3162	0.158261
3163	0.158074
3164	0.157886
3165	0.157699
3166	0.157512
3167	0.157325
3168	0.157138
3169	0.156951
3170	0.156764
3171	0.156577
3172	0.156390
3173	0.156203
3174	0.156015
3175	0.155828
3176	0.155641
3177	0.155454
3178	0.155267
3179	0.155080
3180	0.154893
3181	0.154705
3182	0.154518
3183	0.154331
3184	0.154144
3185	0.153957
3186	0.153769
3187	0.153582
3188	0.153395
3189	0.153208
3190	0.153021
3191	0.152833
3192	0.152646
3193	0.152459
3194	0.152272
3195	0.152084
3196	0.151897
3197	0.151710
3198	0.151523
3199	0.151335
3200	0.151148
3201	0.150961
3202	0.150773
3203	0.150586
3204	0.150399
3205	0.150211
3206	0.150024
3207	0.149837
3208	0.149649
3209	0.149462
3210	0.149275
3211	0.149087
3212	0.148900
3213	0.148713
3214	0.148525
3215	0.148338
3216	0.148151
3217	0.147963
3218	0.147776
3219	0.147588
3220	0.147401
3221	0.147214
3222	0.147026
3223	0.146839
3224	0.146651
3225	0.146464
3226	0.146276
3227	0.146089
3228	0.145902
3229	0.145714
3230	0.145527
3231	0.145339
3232	0.145152
3233	0.144964
3234	0.144777
3235	0.144589
3236	0.144402
3237	0.144214
3238	0.144027
3239	0.143839
3240	0.143652
3241	0.143464
3242	0.143277
3243	0.143089
3244	0.142902
3245	0.142714
3246	0.142527
3247	0.142339
3248	0.142151
3249	0.141964
3250	0.141776
3251	0.141589
3252	0.141401
3253	0.141214
3254	0.141026
3255	0.140838
3256	0.140651
3257	0.140463
3258	0.140276
3259	0.140088
3260	0.139900
3261	0.139713
3262	0.139525
3263	0.139337
3264	0.139150
3265	0.138962
3266	0.138774
3267	0.138587
3268	0.138399
3269	0.138211
3270	0.138024
3271	0.137836
3272	0.137648
3273	0.137461
3274	0.137273
3275	0.137085
3276	0.136898
3277	0.136710
3278	0.136522
3279	0.136334
3280	0.136147
3281	0.135959
3282	0.135771
3283	0.135584
3284	0.135396
3285	0.135208
3286	0.135020
3287	0.134833
3288	0.134645
3289	0.134457
3290	0.134269
3291	0.134081
3292	0.133894
3293	0.133706
3294	0.133518
3295	0.133330
3296	0.133142
3297	0.132955
3298	0.132767
3299	0.132579
3300	0.132391
3301	0.132203
3302	0.132015
3303	0.131828
3304	0.131640
3305	0.131452
3306	0.131264
3307	0.131076
3308	0.130888
3309	0.130700
3310	0.130512
3311	0.130325
3312	0.130137
3313	0.129949
3314	0.129761
3315	0.129573
3316	0.129385
3317	0.129197
3318	0.129009
3319	0.128821
3320	0.128633
3321	0.128445
3322	0.128258
3323	0.128070
3324	0.127882
3325	0.127694
3326	0.127506
3327	0.127318
3328	0.127130
3329	0.126942
3330	0.126754
3331	0.126566
3332	0.126378
3333	0.126190
3334	0.126002
3335	0.125814
3336	0.125626
3337	0.125438
3338	0.125250
3339	0.125062
3340	0.124874
3341	0.124686
3342	0.124498
3343	0.124310
3344	0.124122
3345	0.123934
3346	0.123745
3347	0.123557
3348	0.123369
3349	0.123181
3350	0.122993
3351	0.122805
3352	0.122617
3353	0.122429
3354	0.122241
3355	0.122053
3356	0.121865
3357	0.121677
3358	0.121488
3359	0.121300
3360	0.121112
3361	0.120924
3362	0.120736
3363	0.120548
3364	0.120360
3365	0.120172
3366	0.119983
3367	0.119795
3368	0.119607
3369	0.119419
3370	0.119231
3371	0.119043
3372	0.118854
3373	0.118666
3374	0.118478
3375	0.118290
3376	0.118102
3377	0.117914
3378	0.117725
3379	0.117537
3380	0.117349
3381	0.117161
3382	0.116972
3383	0.116784
3384	0.116596
3385	0.116408
3386	0.116220
3387	0.116031
3388	0.115843
3389	0.115655
3390	0.115467
3391	0.115278
3392	0.115090
3393	0.114902
3394	0.114714
3395	0.114525
3396	0.114337
3397	0.114149
3398	0.113960
3399	0.113772
3400	0.113584
3401	0.113395
3402	0.113207
3403	0.113019
3404	0.112831
3405	0.112642
3406	0.112454
3407	0.112266
3408	0.112077
3409	0.111889
3410	0.111701
3411	0.111512
3412	0.111324
3413	0.111136
3414	0.110947
3415	0.110759
3416	0.110571
3417	0.110382
3418	0.110194
3419	0.110005
3420	0.109817
3421	0.109629
3422	0.109440
3423	0.109252
3424	0.109063
3425	0.108875
3426	0.108687
3427	0.108498
3428	0.108310
3429	0.108121
3430	0.107933
3431	0.107745
3432	0.107556
3433	0.107368
3434	0.107179
3435	0.106991
3436	0.106802
3437	0.106614
3438	0.106426
3439	0.106237
3440	0.106049
3441	0.105860
3442	0.105672
3443	0.105483
3444	0.105295
3445	0.105106
3446	0.104918
3447	0.104729
3448	0.104541
3449	0.104352
3450	0.104164
3451	0.103975
3452	0.103787
3453	0.103598
3454	0.103410
3455	0.103221
3456	0.103033
3457	0.102844
3458	0.102656
3459	0.102467
3460	0.102279
3461	0.102090
3462	0.101902
3463	0.101713
3464	0.101524
3465	0.101336
3466	0.101147
3467	0.100959
3468	0.100770
3469	0.100582
3470	0.100393
3471	0.100205
3472	0.100016
3473	0.099827
3474	0.099639
3475	0.099450
3476	0.099262
3477	0.099073
3478	0.098884
3479	0.098696
3480	0.098507
3481	0.098319
3482	0.098130
3483	0.097941
3484	0.097753
3485	0.097564
3486	0.097375
3487	0.097187
3488	0.096998
3489	0.096810
3490	0.096621
3491	0.096432
3492	0.096244
3493	0.096055
3494	0.095866
3495	0.095678
3496	0.095489
3497	0.095300
3498	0.095112
3499	0.094923
3500	0.094734
3501	0.094546
3502	0.094357
3503	0.094168
3504	0.093980
3505	0.093791
3506	0.093602
3507	0.093414
3508	0.093225
3509	0.093036
3510	0.092847
3511	0.092659
3512	0.092470
3513	0.092281
3514	0.092093
3515	0.091904
3516	0.091715
3517	0.091526
3518	0.091338
3519	0.091149
3520	0.090960
3521	0.090771
3522	0.090583
3523	0.090394
3524	0.090205
3525	0.090016
3526	0.089828
3527	0.089639
3528	0.089450
3529	0.089261
3530	0.089073
3531	0.088884
3532	0.088695
3533	0.088506
3534	0.088317
3535	0.088129
3536	0.087940
3537	0.087751
3538	0.087562
3539	0.087374
3540	0.087185
3541	0.086996
3542	0.086807
3543	0.086618
3544	0.086430
3545	0.086241
3546	0.086052
3547	0.085863
3548	0.085674
3549	0.085485
3550	0.085297
3551	0.085108
3552	0.084919
3553	0.084730
3554	0.084541
3555	0.084353
3556	0.084164
3557	0.083975
3558	0.083786
3559	0.083597
3560	0.083408
3561	0.083219
3562	0.083031
3563	0.082842
3564	0.082653
3565	0.082464
3566	0.082275
3567	0.082086
3568	0.081897
3569	0.081709
3570	0.081520
3571	0.081331
3572	0.081142
3573	0.080953
3574	0.080764
3575	0.080575
3576	0.080386
3577	0.080198
3578	0.080009
3579	0.079820
3580	0.079631
3581	0.079442
3582	0.079253
3583	0.079064
3584	0.078875
3585	0.078686
3586	0.078497
3587	0.078309
3588	0.078120
3589	0.077931
3590	0.077742
3591	0.077553
3592	0.077364
3593	0.077175
3594	0.076986
3595	0.076797
3596	0.076608
3597	0.076420
3598	0.076231
3599	0.076042
3600	0.075853
3601	0.075664
3602	0.075475
3603	0.075286
3604	0.075097
3605	0.074908
3606	0.074719
3607	0.074531
3608	0.074341
3609	0.074153
3610	0.073964
3611	0.073775
3612	0.073586
3613	0.073397
3614	0.073208
3615	0.073019
3616	0.072830
3617	0.072641
3618	0.072452
3619	0.072264
3620	0.072074
3621	0.071886
3622	0.071696
3623	0.071508
3624	0.071319
3625	0.071130
3626	0.070941
3627	0.070752
3628	0.070563
3629	0.070374
3630	0.070185
3631	0.069997
3632	0.069807
3633	0.069619
3634	0.069429
3635	0.069241
3636	0.069052
3637	0.068863
3638	0.068674
3639	0.068485
3640	0.068296
3641	0.068108
3642	0.067918
3643	0.067730
3644	0.067540
3645	0.067352
3646	0.067163
3647	0.066974
3648	0.066785
3649	0.066597
3650	0.066407
3651	0.066219
3652	0.066029
3653	0.065841
3654	0.065652
3655	0.065464
3656	0.065274
3657	0.065086
3658	0.064896
3659	0.064708
3660	0.064519
3661	0.064331
3662	0.064141
3663	0.063953
3664	0.063763
3665	0.063575
3666	0.063386
3667	0.063198
3668	0.063008
3669	0.062820
3670	0.062631
3671	0.062443
3672	0.062253
3673	0.062065
3674	0.061876
3675	0.061688
3676	0.061498
3677	0.061310
3678	0.061121
3679	0.060933
3680	0.060743
3681	0.060556
3682	0.060366
3683	0.060178
3684	0.059989
3685	0.059801
3686	0.059611
3687	0.059424
3688	0.059234
3689	0.059047
3690	0.058857
3691	0.058669
3692	0.058480
3693	0.058292
3694	0.058102
3695	0.057915
3696	0.057725
3697	0.057538
3698	0.057348
3699	0.057161
3700	0.056971
3701	0.056784
3702	0.056594
3703	0.056407
3704	0.056217
3705	0.056031
3706	0.055841
3707	0.055654
3708	0.055464
3709	0.055277
3710	0.055087
3711	0.054901
3712	0.054710
3713	0.054524
3714	0.054334
3715	0.054147
3716	0.053957
3717	0.053771
3718	0.053581
3719	0.053395
3720	0.053205
3721	0.053019
3722	0.052828
3723	0.052642
3724	0.052452
3725	0.052266
3726	0.052076
3727	0.051890
3728	0.051700
3729	0.051514
3730	0.051324
3731	0.051139
3732	0.050948
3733	0.050763
3734	0.050573
3735	0.050387
3736	0.050197
3737	0.050012
3738	0.049822
3739	0.049637
3740	0.049446
3741	0.049261
3742	0.049071
3743	0.048886
3744	0.048696
3745	0.048511
3746	0.048321
3747	0.048136
3748	0.047946
3749	0.047762
3750	0.047571
3751	0.047387
3752	0.047197
3753	0.047013
3754	0.046823
3755	0.046639
3756	0.046448
3757	0.046265
3758	0.046074
3759	0.045891
3760	0.045700
3761	0.045517
3762	0.045327
3763	0.045143
3764	0.044953
3765	0.044770
3766	0.044580
3767	0.044397
3768	0.044206
3769	0.044024
3770	0.043833
3771	0.043651
3772	0.043461
3773	0.043278
3774	0.043088
3775	0.042906
3776	0.042716
3777	0.042534
3778	0.042344
3779	0.042162
3780	0.041972
3781	0.041790
3782	0.041600
3783	0.041419
3784	0.041229
3785	0.041048
3786	0.040858
3787	0.040677
3788	0.040487
3789	0.040306
3790	0.040116
3791	0.039936
3792	0.039746
3793	0.039566
3794	0.039376
3795	0.039196
3796	0.039006
3797	0.038827
3798	0.038637
3799	0.038458
3800	0.038268
3801	0.038089
3802	0.037899
3803	0.037720
3804	0.037531
3805	0.037352
3806	0.037163
3807	0.036985
3808	0.036795
3809	0.036617
3810	0.036428
3811	0.036250
3812	0.036061
3813	0.035884
3814	0.035695
3815	0.035518
3816	0.035329
3817	0.035152
3818	0.034963
3819	0.034787
3820	0.034598
3821	0.034422
3822	0.034233
3823	0.034058
3824	0.033869
3825	0.033694
3826	0.033505
3827	0.033330
3828	0.033142
3829	0.032968
3830	0.032780
3831	0.032605
3832	0.032417
3833	0.032244
3834	0.032056
3835	0.031882
3836	0.031695
3837	0.031522
3838	0.031334
3839	0.031162
3840	0.030974
3841	0.030802
3842	0.030615
3843	0.030443
3844	0.030257
3845	0.030085
3846	0.029899
3847	0.029728
3848	0.029541
3849	0.029371
3850	0.029185
3851	0.029015
3852	0.028829
3853	0.028659
3854	0.028474
3855	0.028305
3856	0.028120
3857	0.027951
3858	0.027766
3859	0.027598
3860	0.027413
3861	0.027246
3862	0.027061
3863	0.026894
3864	0.026710
3865	0.026543
3866	0.026360
3867	0.026194
3868	0.026010
3869	0.025845
3870	0.025662
3871	0.025497
3872	0.025315
3873	0.025150
3874	0.024968
3875	0.024804
3876	0.024622
3877	0.024459
3878	0.024278
3879	0.024115
3880	0.023934
3881	0.023772
3882	0.023592
3883	0.023430
3884	0.023251
3885	0.023090
3886	0.022911
3887	0.022750
3888	0.022572
3889	0.022412
3890	0.022234
3891	0.022075
3892	0.021897
3893	0.021739
3894	0.021562
3895	0.021404
3896	0.021228
3897	0.021071
3898	0.020895
3899	0.020739
3900	0.020564
3901	0.020408
3902	0.020234
3903	0.020079
3904	0.019905
3905	0.019751
3906	0.019578
3907	0.019425
3908	0.019252
3909	0.019100
3910	0.018928
3911	0.018777
3912	0.018606
3913	0.018455
3914	0.018285
3915	0.018135
3916	0.017966
3917	0.017816
3918	0.017648
3919	0.017500
3920	0.017332
3921	0.017185
3922	0.017018
3923	0.016872
3924	0.016706
3925	0.016560
3926	0.016395
3927	0.016251
3928	0.016087
3929	0.015943
3930	0.015780
3931	0.015637
3932	0.015475
3933	0.015334
3934	0.015173
3935	0.015032
3936	0.014872
3937	0.014732
3938	0.014574
3939	0.014435
3940	0.014277
3941	0.014140
3942	0.013983
3943	0.013847
3944	0.013691
3945	0.013556
3946	0.013402
3947	0.013267
3948	0.013114
3949	0.012981
3950	0.012830
3951	0.012697
3952	0.012547
3953	0.012416
3954	0.012267
3955	0.012137
3956	0.011990
3957	0.011861
3958	0.011715
3959	0.011587
3960	0.011442
3961	0.011316
3962	0.011173
3963	0.011048
3964	0.010906
3965	0.010782
3966	0.010642
3967	0.010519
3968	0.010380
3969	0.010259
3970	0.010122
3971	0.010002
3972	0.009866
3973	0.009748
3974	0.009614
3975	0.009497
3976	0.009364
3977	0.009248
3978	0.009117
3979	0.009003
3980	0.008874
3981	0.008761
3982	0.008633
3983	0.008522
3984	0.008396
3985	0.008286
3986	0.008162
3987	0.008054
3988	0.007931
3989	0.007824
3990	0.007702
3991	0.007596
3992	0.007472
3993	0.007359
3994	0.007219
3995	0.007063
3996	0.006823
3997	0.006428
3998	0.005627
3999	0.003910
4000	0.000000
4001	0.000000
