0	0.000000
1	0.000000
2	0.000000
3	0.000000
4	0.000000
5	0.000000
6	0.000000
7	0.000000
8	0.000000
9	0.000000
10	0.000000
11	0.000000
12	0.000000
13	0.000000
14	0.000000
15	0.000000
16	0.000000
17	0.000000
18	0.000000
19	0.000000
20	0.000000
21	0.000000
22	0.000000
23	0.000000
24	0.000000
25	0.000000
26	0.000000
27	0.000000
28	0.000000
29	0.000000
30	0.000000
31	0.000000
32	0.000000
33	0.000000
34	0.000000
35	0.000000
36	0.000000
37	0.000000
38	0.000000
39	0.000000
40	0.000000
41	0.000000
42	0.000000
43	0.000000
44	0.000000
45	0.000000
46	0.000000
47	0.000000
48	0.000000
49	0.000000
50	0.000000
51	0.000000
52	0.000000
53	0.000000
54	0.000000
55	0.000000
56	0.000000
57	0.000000
58	0.000000
59	0.000000
60	0.000000
61	0.000000
62	0.000000
63	0.000000
64	0.000000
65	0.000000
66	0.000000
67	0.000000
68	0.000000
69	0.000000
70	0.000000
71	0.000000
72	0.000000
73	0.000000
74	0.000000
75	0.000000
76	0.000000
77	0.000000
78	0.000000
79	0.000000
80	0.000000
81	0.000000
82	0.000000
83	0.000000
84	0.000000
85	0.000000
86	0.000000
87	0.000000
88	0.000000
89	0.000000
90	0.000000
91	0.000000
92	0.000000
93	0.000000
94	0.000000
95	0.000000
96	0.000000
97	0.000000
98	0.000000
99	0.000000
100	0.000000
101	0.000000
102	0.000000
103	0.000000
104	0.000000
105	0.000000
106	0.000000
107	0.000000
108	0.000000
109	0.000000
110	0.000000
111	0.000000
112	0.000000
113	0.000000
114	0.000000
115	0.000000
116	0.000000
117	0.000000
118	0.000000
119	0.000000
120	0.000000
121	0.000000
122	0.000000
123	0.000000
124	0.000000
125	0.000000
126	0.000000
127	0.000000
128	0.000000
129	0.000000
130	0.000000
131	0.000000
132	0.000000
133	0.000000
134	0.000000
135	0.000000
136	0.000000
137	0.000000
138	0.000000
139	0.000000
140	0.000000
141	0.000000
142	0.000000
143	0.000000
144	0.000000
145	0.000000
146	0.000000
147	0.000000
148	0.000000
149	0.000000
150	0.000000
151	0.000000
152	0.000000
153	0.000000
154	0.000000
155	0.000000
156	0.000000
157	0.000000
158	0.000000
159	0.000000
160	0.000000
161	0.000000
162	0.000000
163	0.000000
164	0.000000
165	0.000000
166	0.000000
167	0.000000
168	0.000000
169	0.000000
170	0.000000
171	0.000000
172	0.000000
173	0.000000
174	0.000000
175	0.000000
176	0.000000
177	0.000000
178	0.000000
179	0.000000
180	0.000000
181	0.000000
182	0.000000
183	0.000000
184	0.000000
185	0.000000
186	0.000000
187	0.000000
188	0.000000
189	0.000000
190	0.000000
191	0.000000
192	0.000000
193	0.000000
194	0.000000
195	0.000000
196	0.000000
197	0.000000
198	0.000000
199	0.000000
200	0.000000
201	0.000000
202	0.000000
203	0.000000
204	0.000000
205	0.000000
206	0.000000
207	0.000000
208	0.000000
209	0.000000
210	0.000000
211	0.000000
212	0.000000
213	0.000000
214	0.000000
215	0.000000
216	0.000000
217	0.000000
218	0.000000
219	0.000000
220	0.000000
221	0.000000
222	0.000000
223	0.000000
224	0.000000
225	0.000000
226	0.000000
227	0.000000
228	0.000000
229	0.000000
230	0.000000
231	0.000000
232	0.000000
233	0.000000
234	0.000000
235	0.000000
236	0.000000
237	0.000000
238	0.000000
239	0.000000
240	0.000000
241	0.000000
242	0.000000
243	0.000000
244	0.000000
245	0.000000
246	0.000000
247	0.000000
248	0.000000
249	0.000000
250	0.000000
251	0.000000
252	0.000000
253	0.000000
254	0.000000
255	0.000000
256	0.000000
257	0.000000
258	0.000000
259	0.000000
260	0.000000
261	0.000000
262	0.000000
263	0.000000
264	0.000000
265	0.000000
266	0.000000
267	0.000000
268	0.000000
269	0.000000
270	0.000000
271	0.000000
272	0.000000
273	0.000000
274	0.000000
275	0.000000
276	0.000000
277	0.000000
278	0.000000
279	0.000000
280	0.000000
281	0.000000
282	0.000000
283	0.000000
284	0.000000
285	0.000000
286	0.000000
287	0.000000
288	0.000000
289	0.000000
290	0.000000
291	0.000000
292	0.000000
293	0.000000
294	0.000000
295	0.000000
296	0.000000
297	0.000000
298	0.000000
299	0.000000
300	0.000000
301	0.000000
302	0.000000
303	0.000000
304	0.000000
305	0.000000
306	0.000000
307	0.000000
308	0.000000
309	0.000000
310	0.000000
311	0.000000
312	0.000000
313	0.000000
314	0.000000
315	0.000000
316	0.000000
317	0.000000
318	0.000000
319	0.000000
320	0.000000
321	0.000000
322	0.000000
323	0.000000
324	0.000000
325	0.000000
326	0.000000
327	0.000000
328	0.000000
329	0.000000
330	0.000000
331	0.000000
332	0.000000
333	0.000000
334	0.000000
335	0.000000
336	0.000000
337	0.000000
338	0.000000
339	0.000000
340	0.000000
341	0.000000
342	0.000000
343	0.000000
344	0.000000
345	0.000000
346	0.000000
347	0.000000
348	0.000000
349	0.000000
350	0.000000
351	0.000000
352	0.000000
353	0.000000
354	0.000000
355	0.000000
356	0.000000
357	0.000000
358	0.000000
359	0.000000
360	0.000000
361	0.000000
362	0.000000
363	0.000000
364	0.000000
365	0.000000
366	0.000000
367	0.000000
368	0.000000
369	0.000000
370	0.000000
371	0.000000
372	0.000000
373	0.000000
374	0.000000
375	0.000000
376	0.000000
377	0.000000
378	0.000000
379	0.000000
380	0.000000
381	0.000000
382	0.000000
383	0.000000
384	0.000000
385	0.000000
386	0.000000
387	0.000000
388	0.000000
389	0.000000
390	0.000000
391	0.000000
392	0.000000
393	0.000000
394	0.000000
395	0.000000
396	0.000000
397	0.000000
398	0.000000
399	0.000000
400	0.000000
401	0.000000
402	0.000000
403	0.000000
404	0.000000
405	0.000000
406	0.000000
407	0.000000
408	0.000000
409	0.000000
410	0.000000
411	0.000000
412	0.000000
413	0.000000
414	0.000000
415	0.000000
416	0.000000
417	0.000000
418	0.000000
419	0.000000
420	0.000000
421	0.000000
422	0.000000
423	0.000000
424	0.000000
425	0.000000
426	0.000000
427	0.000000
428	0.000000
429	0.000000
430	0.000000
431	0.000000
432	0.000000
433	0.000000
434	0.000000
435	0.000000
436	0.000000
437	0.000000
438	0.000000
439	0.000000
440	0.000000
441	0.000000
442	0.000000
443	0.000000
444	0.000000
445	0.000000
446	0.000000
447	0.000000
448	0.000000
449	0.000000
450	0.000000
451	0.000000
452	0.000000
453	0.000000
454	0.000000
455	0.000000
456	0.000000
457	0.000000
458	0.000000
459	0.000000
460	0.000000
461	0.000000
462	0.000000
463	0.000000
464	0.000000
465	0.000000
466	0.000000
467	0.000000
468	0.000000
469	0.000000
470	0.000000
471	0.000000
472	0.000000
473	0.000000
474	0.000000
475	0.000000
476	0.000000
477	0.000000
478	0.000000
479	0.000000
480	0.000000
481	0.000000
482	0.000000
483	0.000000
484	0.000000
485	0.000000
486	0.000000
487	0.000000
488	0.000000
489	0.000000
490	0.000000
491	0.000000
492	0.000000
493	0.000000
494	0.000000
495	0.000000
496	0.000000
497	0.000000
498	0.000000
499	0.000000
500	0.000000
501	0.000000
502	0.000000
503	0.000000
504	0.000000
505	0.000000
506	0.000000
507	0.000000
508	0.000000
509	0.000000
510	0.000000
511	0.000000
512	0.000000
513	0.000000
514	0.000000
515	0.000000
516	0.000000
517	0.000000
518	0.000000
519	0.000000
520	0.000000
521	0.000000
522	0.000000
523	0.000000
524	0.000000
525	0.000000
526	0.000000
527	0.000000
528	0.000000
529	0.000000
530	0.000000
531	0.000000
532	0.000000
533	0.000000
534	0.000000
535	0.000000
536	0.000000
537	0.000000
538	0.000000
539	0.000000
540	0.000000
541	0.000000
542	0.000000
543	0.000000
544	0.000000
545	0.000000
546	0.000000
547	0.000000
548	0.000000
549	0.000000
550	0.000000
551	0.000000
552	0.000000
553	0.000000
554	0.000000
555	0.000000
556	0.000000
557	0.000000
558	0.000000
559	0.000000
560	0.000000
561	0.000000
562	0.000000
563	0.000000
564	0.000000
565	0.000000
566	0.000000
567	0.000000
568	0.000000
569	0.000000
570	0.000000
571	0.000000
572	0.000000
573	0.000000
574	0.000000
575	0.000000
576	0.000000
577	0.000000
578	0.000000
579	0.000000
580	0.000000
581	0.000000
582	0.000000
583	0.000000
584	0.000000
585	0.000000
586	0.000000
587	0.000000
588	0.000000
589	0.000000
590	0.000000
591	0.000000
592	0.000000
593	0.000000
594	0.000000
595	0.000000
596	0.000000
597	0.000000
598	0.000000
599	0.000000
600	0.000000
601	0.000000
602	0.000000
603	0.000000
604	0.000000
605	0.000000
606	0.000000
607	0.000000
608	0.000000
609	0.000000
610	0.000000
611	0.000000
612	0.000000
613	0.000000
614	0.000000
615	0.000000
616	0.000000
617	0.000000
618	0.000000
619	0.000000
620	0.000000
621	0.000000
622	0.000000
623	0.000000
624	0.000000
625	0.000000
626	0.000000
627	0.000000
628	0.000000
629	0.000000
630	0.000000
631	0.000000
632	0.000000
633	0.000000
634	0.000000
635	0.000000
636	0.000000
637	0.000000
638	0.000000
639	0.000000
640	0.000000
641	0.000000
642	0.000000
643	0.000000
644	0.000000
645	0.000000
646	0.000000
647	0.000000
648	0.000000
649	0.000000
650	0.000000
651	0.000000
652	0.000000
653	0.000000
654	0.000000
655	0.000000
656	0.000000
657	0.000000
658	0.000000
659	0.000000
660	0.000000
661	0.000000
662	0.000000
663	0.000000
664	0.000000
665	0.000000
666	0.000000
667	0.000000
668	0.000000
669	0.000000
670	0.000000
671	0.000000
672	0.000000
673	0.000000
674	0.000000
675	0.000000
676	0.000000
677	0.000000
678	0.000000
679	0.000000
680	0.000000
681	0.000000
682	0.000000
683	0.000000
684	0.000000
685	0.000000
686	0.000000
687	0.000000
688	0.000000
689	0.000000
690	0.000000
691	0.000000
692	0.000000
693	0.000000
694	0.000000
695	0.000000
696	0.000000
697	0.000000
698	0.000000
699	0.000000
700	0.000000
701	0.000000
702	0.000000
703	0.000000
704	0.000000
705	0.000000
706	0.000000
707	0.000000
708	0.000000
709	0.000000
710	0.000000
711	0.000000
712	0.000000
713	0.000000
714	0.000000
715	0.000000
716	0.000000
717	0.000000
718	0.000000
719	0.000000
720	0.000000
721	0.000000
722	0.000000
723	0.000000
724	0.000000
725	0.000000
726	0.000000
727	0.000000
728	0.000000
729	0.000000
730	0.000000
731	0.000000
732	0.000000
733	0.000000
734	0.000000
735	0.000000
736	0.000000
737	0.000000
738	0.000000
739	0.000000
740	0.000000
741	0.000000
742	0.000000
743	0.000000
744	0.000000
745	0.000000
746	0.000000
747	0.000000
748	0.000000
749	0.000000
750	0.000000
751	0.000000
752	0.000000
753	0.000000
754	0.000000
755	0.000000
756	0.000000
757	0.000000
758	0.000000
759	0.000000
760	0.000000
761	0.000000
762	0.000000
763	0.000000
764	0.000000
765	0.000000
766	0.000000
767	0.000000
768	0.000000
769	0.000000
770	0.000000
771	0.000000
772	0.000000
773	0.000000
774	0.000000
775	0.000000
776	0.000000
777	0.000000
778	0.000000
779	0.000000
780	0.000000
781	0.000000
782	0.000000
783	0.000000
784	0.000000
785	0.000000
786	0.000000
787	0.000000
788	0.000000
789	0.000000
790	0.000000
791	0.000000
792	0.000000
793	0.000000
794	0.000000
795	0.000000
796	0.000000
797	0.000000
798	0.000000
799	0.000000
800	0.000000
801	0.000000
802	0.000000
803	0.000000
804	0.000000
805	0.000000
806	0.000000
807	0.000000
808	0.000000
809	0.000000
810	0.000000
811	0.000000
812	0.000000
813	0.000000
814	0.000000
815	0.000000
816	0.000000
817	0.000000
818	0.000000
819	0.000000
820	0.000000
821	0.000000
822	0.000000
823	0.000000
824	0.000000
825	0.000000
826	0.000000
827	0.000000
828	0.000000
829	0.000000
830	0.000000
831	0.000000
832	0.000000
833	0.000000
834	0.000000
835	0.000000
836	0.000000
837	0.000000
838	0.000000
839	0.000000
840	0.000000
841	0.000000
842	0.000000
843	0.000000
844	0.000000
845	0.000000
846	0.000000
847	0.000000
848	0.000000
849	0.000000
850	0.000000
851	0.000000
852	0.000000
853	0.000000
854	0.000000
855	0.000000
856	0.000000
857	0.000000
858	0.000000
859	0.000000
860	0.000000
861	0.000000
862	0.000000
863	0.000000
864	0.000000
865	0.000000
866	0.000000
867	0.000000
868	0.000000
869	0.000000
870	0.000000
871	0.000000
872	0.000000
873	0.000000
874	0.000000
875	0.000000
876	0.000000
877	0.000000
878	0.000000
879	0.000000
880	0.000000
881	0.000000
882	0.000000
883	0.000000
884	0.000000
885	0.000000
886	0.000000
887	0.000000
888	0.000000
889	0.000000
890	0.000000
891	0.000000
892	0.000000
893	0.000000
894	0.000000
895	0.000000
896	0.000000
897	0.000000
898	0.000000
899	0.000000
900	0.000000
901	0.000000
902	0.000000
903	0.000000
904	0.000000
905	0.000000
906	0.000000
907	0.000000
908	0.000000
909	0.000000
910	0.000000
911	0.000000
912	0.000000
913	0.000000
914	0.000000
915	0.000000
916	0.000000
917	0.000000
918	0.000000
919	0.000000
920	0.000000
921	0.000000
922	0.000000
923	0.000000
924	0.000000
925	0.000000
926	0.000000
927	0.000000
928	0.000000
929	0.000000
930	0.000000
931	0.000000
932	0.000000
933	0.000000
934	0.000000
935	0.000000
936	0.000000
937	0.000000
938	0.000000
939	0.000000
940	0.000000
941	0.000000
942	0.000000
943	0.000000
944	0.000000
945	0.000000
946	0.000000
947	0.000000
948	0.000000
949	0.000000
950	0.000000
951	0.000000
952	0.000000
953	0.000000
954	0.000000
955	0.000000
956	0.000000
957	0.000000
958	0.000000
959	0.000000
960	0.000000
961	0.000000
962	0.000000
963	0.000000
964	0.000000
965	0.000000
966	0.000000
967	0.000000
968	0.000000
969	0.000000
970	0.000000
971	0.000000
972	0.000000
973	0.000000
974	0.000000
975	0.000000
976	0.000000
977	0.000000
978	0.000000
979	0.000000
980	0.000000
981	0.000000
982	0.000000
983	0.000000
984	0.000000
985	0.000000
986	0.000000
987	0.000000
988	0.000000
989	0.000000
990	0.000000
991	0.000000
992	0.000000
993	0.000000
994	0.000000
995	0.000000
996	0.000000
997	0.000000
998	0.000000
999	0.000000
1000	0.000000
1001	0.000000
1002	0.000000
1003	0.000000
1004	0.000000
1005	0.000000
1006	0.000000
1007	0.000000
1008	0.000000
1009	0.000000
1010	0.000000
1011	0.000000
1012	0.000000
1013	0.000000
1014	0.000000
1015	0.000000
1016	0.000000
1017	0.000000
1018	0.000000
1019	0.000000
1020	0.000000
1021	0.000000
1022	0.000000
1023	0.000000
1024	0.000000
1025	0.000000
1026	0.000000
1027	0.000000
1028	0.000000
1029	0.000000
1030	0.000000
1031	0.000000
1032	0.000000
1033	0.000000
1034	0.000000
1035	0.000000
1036	0.000000
1037	0.000000
1038	0.000000
1039	0.000000
1040	0.000000
1041	0.000000
1042	0.000000
1043	0.000000
1044	0.000000
1045	0.000000
1046	0.000000
1047	0.000000
1048	0.000000
1049	0.000000
1050	0.000000
1051	0.000000
1052	0.000000
1053	0.000000
1054	0.000000
1055	0.000000
1056	0.000000
1057	0.000000
1058	0.000000
1059	0.000000
1060	0.000000
1061	0.000000
1062	0.000000
1063	0.000000
1064	0.000000
1065	0.000000
1066	0.000000
1067	0.000000
1068	0.000000
1069	0.000000
1070	0.000000
1071	0.000000
1072	0.000000
1073	0.000000
1074	0.000000
1075	0.000000
1076	0.000000
1077	0.000000
1078	0.000000
1079	0.000000
1080	0.000000
1081	0.000000
1082	0.000000
1083	0.000000
1084	0.000000
1085	0.000000
1086	0.000000
1087	0.000000
1088	0.000000
1089	0.000000
1090	0.000000
1091	0.000000
1092	0.000000
1093	0.000000
1094	0.000000
1095	0.000000
1096	0.000000
1097	0.000000
1098	0.000000
1099	0.000000
1100	0.000000
1101	0.000000
1102	0.000000
1103	0.000000
1104	0.000000
1105	0.000000
1106	0.000000
1107	0.000000
1108	0.000000
1109	0.000000
1110	0.000000
1111	0.000000
1112	0.000000
1113	0.000000
1114	0.000000
1115	0.000000
1116	0.000000
1117	0.000000
1118	0.000000
1119	0.000000
1120	0.000000
1121	0.000000
1122	0.000000
1123	0.000000
1124	0.000000
1125	0.000000
1126	0.000000
1127	0.000000
1128	0.000000
1129	0.000000
1130	0.000000
1131	0.000000
1132	0.000000
1133	0.000000
1134	0.000000
1135	0.000000
1136	0.000000
1137	0.000000
1138	0.000000
1139	0.000000
1140	0.000000
1141	0.000000
1142	0.000000
1143	0.000000
1144	0.000000
1145	0.000000
1146	0.000000
1147	0.000000
1148	0.000000
1149	0.000000
1150	0.000000
1151	0.000000
1152	0.000000
1153	0.000000
1154	0.000000
1155	0.000000
1156	0.000000
1157	0.000000
1158	0.000000
1159	0.000000
1160	0.000000
1161	0.000000
1162	0.000000
1163	0.000000
1164	0.000000
1165	0.000000
1166	0.000000
1167	0.000000
1168	0.000000
1169	0.000000
1170	0.000000
1171	0.000000
1172	0.000000
1173	0.000000
1174	0.000000
1175	0.000000
1176	0.000000
1177	0.000000
1178	0.000000
1179	0.000000
1180	0.000000
1181	0.000000
1182	0.000000
1183	0.000000
1184	0.000000
1185	0.000000
1186	0.000000
1187	0.000000
1188	0.000000
1189	0.000000
1190	0.000000
1191	0.000000
1192	0.000000
1193	0.000000
1194	0.000000
1195	0.000000
1196	0.000000
1197	0.000000
1198	0.000000
1199	0.000000
1200	0.000000
1201	0.000000
1202	0.000000
1203	0.000000
1204	0.000000
1205	0.000000
1206	0.000000
1207	0.000000
1208	0.000000
1209	0.000000
1210	0.000000
1211	0.000000
1212	0.000000
1213	0.000000
1214	0.000000
1215	0.000000
1216	0.000000
1217	0.000000
1218	0.000000
1219	0.000000
1220	0.000000
1221	0.000000
1222	0.000000
1223	0.000000
1224	0.000000
1225	0.000000
1226	0.000000
1227	0.000000
1228	0.000000
1229	0.000000
1230	0.000000
1231	0.000000
1232	0.000000
1233	0.000000
1234	0.000000
1235	0.000000
1236	0.000000
1237	0.000000
1238	0.000000
1239	0.000000
1240	0.000000
1241	0.000000
1242	0.000000
1243	0.000000
1244	0.000000
1245	0.000000
1246	0.000000
1247	0.000000
1248	0.000000
1249	0.000000
1250	0.000000
1251	0.000000
1252	0.000000
1253	0.000000
1254	0.000000
1255	0.000000
1256	0.000000
1257	0.000000
1258	0.000000
1259	0.000000
1260	0.000000
1261	0.000000
1262	0.000000
1263	0.000000
1264	0.000000
1265	0.000000
1266	0.000000
1267	0.000000
1268	0.000000
1269	0.000000
1270	0.000000
1271	0.000000
1272	0.000000
1273	0.000000
1274	0.000000
1275	0.000000
1276	0.000000
1277	0.000000
1278	0.000000
1279	0.000000
1280	0.000000
1281	0.000000
1282	0.000000
1283	0.000000
1284	0.000000
1285	0.000000
1286	0.000000
1287	0.000000
1288	0.000000
1289	0.000000
1290	0.000000
1291	0.000000
1292	0.000000
1293	0.000000
1294	0.000000
1295	0.000000
1296	0.000000
1297	0.000000
1298	0.000000
1299	0.000000
1300	0.000000
1301	0.000000
1302	0.000000
1303	0.000000
1304	0.000000
1305	0.000000
1306	0.000000
1307	0.000000
1308	0.000000
1309	0.000000
1310	0.000000
1311	0.000000
1312	0.000000
1313	0.000000
1314	0.000000
1315	0.000000
1316	0.000000
1317	0.000000
1318	0.000000
1319	0.000000
1320	0.000000
1321	0.000000
1322	0.000000
1323	0.000000
1324	0.000000
1325	0.000000
1326	0.000000
1327	0.000000
1328	0.000000
1329	0.000000
1330	0.000000
1331	0.000000
1332	0.000000
1333	0.000000
1334	0.000000
1335	0.000000
1336	0.000000
1337	0.000000
1338	0.000000
1339	0.000000
1340	0.000000
1341	0.000000
1342	0.000000
1343	0.000000
1344	0.000000
1345	0.000000
1346	0.000000
1347	0.000000
1348	0.000000
1349	0.000000
1350	0.000000
1351	0.000000
1352	0.000000
1353	0.000000
1354	0.000000
1355	0.000000
1356	0.000000
1357	0.000000
1358	0.000000
1359	0.000000
1360	0.000000
1361	0.000000
1362	0.000000
1363	0.000000
1364	0.000000
1365	0.000000
1366	0.000000
1367	0.000000
1368	0.000000
1369	0.000000
1370	0.000000
1371	0.000000
1372	0.000000
1373	0.000000
1374	0.000000
1375	0.000000
1376	0.000000
1377	0.000000
1378	0.000000
1379	0.000000
1380	0.000000
1381	0.000000
1382	0.000000
1383	0.000000
1384	0.000000
1385	0.000000
1386	0.000000
1387	0.000000
1388	0.000000
1389	0.000000
1390	0.000000
1391	0.000000
1392	0.000000
1393	0.000000
1394	0.000000
1395	0.000000
1396	0.000000
1397	0.000000
1398	0.000000
1399	0.000000
1400	0.000000
1401	0.000000
1402	0.000000
1403	0.000000
1404	0.000000
1405	0.000000
1406	0.000000
1407	0.000000
1408	0.000000
1409	0.000000
1410	0.000000
1411	0.000000
1412	0.000000
1413	0.000000
1414	0.000000
1415	0.000000
1416	0.000000
1417	0.000000
1418	0.000000
1419	0.000000
1420	0.000000
1421	0.000000
1422	0.000000
1423	0.000000
1424	0.000000
1425	0.000000
1426	0.000000
1427	0.000000
1428	0.000000
1429	0.000000
1430	0.000000
1431	0.000000
1432	0.000000
1433	0.000000
1434	0.000000
1435	0.000000
1436	0.000000
1437	0.000000
1438	0.000000
1439	0.000000
1440	0.000000
1441	0.000000
1442	0.000000
1443	0.000000
1444	0.000000
1445	0.000000
1446	0.000000
1447	0.000000
1448	0.000000
1449	0.000000
1450	0.000000
1451	0.000000
1452	0.000000
1453	0.000000
1454	0.000000
1455	0.000000
1456	0.000000
1457	0.000000
1458	0.000000
1459	0.000000
1460	0.000000
1461	0.000000
1462	0.000000
1463	0.000000
1464	0.000000
1465	0.000000
1466	0.000000
1467	0.000000
1468	0.000000
1469	0.000000
1470	0.000000
1471	0.000000
1472	0.000000
1473	0.000000
1474	0.000000
1475	0.000000
1476	0.000000
1477	0.000000
1478	0.000000
1479	0.000000
1480	0.000000
1481	0.000000
1482	0.000000
1483	0.000000
1484	0.000000
1485	0.000000
1486	0.000000
1487	0.000000
1488	0.000000
1489	0.000000
1490	0.000000
1491	0.000000
1492	0.000000
1493	0.000000
1494	0.000000
1495	0.000000
1496	0.000000
1497	0.000000
1498	0.000000
1499	0.000000
1500	0.000000
1501	0.000000
1502	0.000000
1503	0.000000
1504	0.000000
1505	0.000000
1506	0.000000
1507	0.000000
1508	0.000000
1509	0.000000
1510	0.000000
1511	0.000000
1512	0.000000
1513	0.000000
1514	0.000000
1515	0.000000
1516	0.000000
1517	0.000000
1518	0.000000
1519	0.000000
1520	0.000000
1521	0.000000
1522	0.000000
1523	0.000000
1524	0.000000
1525	0.000000
1526	0.000000
1527	0.000000
1528	0.000000
1529	0.000000
1530	0.000000
1531	0.000000
1532	0.000000
1533	0.000000
1534	0.000000
1535	0.000000
1536	0.000000
1537	0.000000
1538	0.000000
1539	0.000000
1540	0.000000
1541	0.000000
1542	0.000000
1543	0.000000
1544	0.000000
1545	0.000000
1546	0.000000
1547	0.000000
1548	0.000000
1549	0.000000
1550	0.000000
1551	0.000000
1552	0.000000
1553	0.000000
1554	0.000000
1555	0.000000
1556	0.000000
1557	0.000000
1558	0.000000
1559	0.000000
1560	0.000000
1561	0.000000
1562	0.000000
1563	0.000000
1564	0.000000
1565	0.000000
1566	0.000000
1567	0.000000
1568	0.000000
1569	0.000000
1570	0.000000
1571	0.000000
1572	0.000000
1573	0.000000
1574	0.000000
1575	0.000000
1576	0.000000
1577	0.000000
1578	0.000000
1579	0.000000
1580	0.000000
1581	0.000000
1582	0.000000
1583	0.000000
1584	0.000000
1585	0.000000
1586	0.000000
1587	0.000000
1588	0.000000
1589	0.000000
1590	0.000000
1591	0.000000
1592	0.000000
1593	0.000000
1594	0.000000
1595	0.000000
1596	0.000000
1597	0.000000
1598	0.000000
1599	0.000000
1600	0.000000
1601	0.000000
1602	0.000000
1603	0.000000
1604	0.000000
1605	0.000000
1606	0.000000
1607	0.000000
1608	0.000000
1609	0.000000
1610	0.000000
1611	0.000000
1612	0.000000
1613	0.000000
1614	0.000000
1615	0.000000
1616	0.000000
1617	0.000000
1618	0.000000
1619	0.000000
1620	0.000000
1621	0.000000
1622	0.000000
1623	0.000000
1624	0.000000
1625	0.000000
1626	0.000000
1627	0.000000
1628	0.000000
1629	0.000000
1630	0.000000
1631	0.000000
1632	0.000000
1633	0.000000
1634	0.000000
1635	0.000000
1636	0.000000
1637	0.000000
1638	0.000000
1639	0.000000
1640	0.000000
1641	0.000000
1642	0.000000
1643	0.000000
1644	0.000000
1645	0.000000
1646	0.000000
1647	0.000000
1648	0.000000
1649	0.000000
1650	0.000000
1651	0.000000
1652	0.000000
1653	0.000000
1654	0.000000
1655	0.000000
1656	0.000000
1657	0.000000
1658	0.000000
1659	0.000000
1660	0.000000
1661	0.000000
1662	0.000000
1663	0.000000
1664	0.000000
1665	0.000000
1666	0.000000
1667	0.000000
1668	0.000000
1669	0.000000
1670	0.000000
1671	0.000000
1672	0.000000
1673	0.000000
1674	0.000000
1675	0.000000
1676	0.000000
1677	0.000000
1678	0.000000
1679	0.000000
1680	0.000000
1681	0.000000
1682	0.000000
1683	0.000000
1684	0.000000
1685	0.000000
1686	0.000000
1687	0.000000
1688	0.000000
1689	0.000000
1690	0.000000
1691	0.000000
1692	0.000000
1693	0.000000
1694	0.000000
1695	0.000000
1696	0.000000
1697	0.000000
1698	0.000000
1699	0.000000
1700	0.000000
1701	0.000000
1702	0.000000
1703	0.000000
1704	0.000000
1705	0.000000
1706	0.000000
1707	0.000000
1708	0.000000
1709	0.000000
1710	0.000000
1711	0.000000
1712	0.000000
1713	0.000000
1714	0.000000
1715	0.000000
1716	0.000000
1717	0.000000
1718	0.000000
1719	0.000000
1720	0.000000
1721	0.000000
1722	0.000000
1723	0.000000
1724	0.000000
1725	0.000000
1726	0.000000
1727	0.000000
1728	0.000000
1729	0.000000
1730	0.000000
1731	0.000000
1732	0.000000
1733	0.000000
1734	0.000000
1735	0.000000
1736	0.000000
1737	0.000000
1738	0.000000
1739	0.000000
1740	0.000000
1741	0.000000
1742	0.000000
1743	0.000000
1744	0.000000
1745	0.000000
1746	0.000000
1747	0.000000
1748	0.000000
1749	0.000000
1750	0.000000
1751	0.000000
1752	0.000000
1753	0.000000
1754	0.000000
1755	0.000000
1756	0.000000
1757	0.000000
1758	0.000000
1759	0.000000
1760	0.000000
1761	0.000000
1762	0.000000
1763	0.000000
1764	0.000000
1765	0.000000
1766	0.000000
1767	0.000000
1768	0.000000
1769	0.000000
1770	0.000000
1771	0.000000
1772	0.000000
1773	0.000000
1774	0.000000
1775	0.000000
1776	0.000000
1777	0.000000
1778	0.000000
1779	0.000000
1780	0.000000
1781	0.000000
1782	0.000000
1783	0.000000
1784	0.000000
1785	0.000000
1786	0.000000
1787	0.000000
1788	0.000000
1789	0.000000
1790	0.000000
1791	0.000000
1792	0.000000
1793	0.000000
1794	0.000000
1795	0.000000
1796	0.000000
1797	0.000000
1798	0.000000
1799	0.000000
1800	0.000000
1801	0.000000
1802	0.000000
1803	0.000000
1804	0.000000
1805	0.000000
1806	0.000000
1807	0.000000
1808	0.000000
1809	0.000000
1810	0.000000
1811	0.000000
1812	0.000000
1813	0.000000
1814	0.000000
1815	0.000000
1816	0.000000
1817	0.000000
1818	0.000000
1819	0.000000
1820	0.000000
1821	0.000000
1822	0.000000
1823	0.000000
1824	0.000000
1825	0.000000
1826	0.000000
1827	0.000000
1828	0.000000
1829	0.000000
1830	0.000000
1831	0.000000
1832	0.000000
1833	0.000000
1834	0.000000
1835	0.000000
1836	0.000000
1837	0.000000
1838	0.000000
1839	0.000000
1840	0.000000
1841	0.000000
1842	0.000000
1843	0.000000
1844	0.000000
1845	0.000000
1846	0.000000
1847	0.000000
1848	0.000000
1849	0.000000
1850	0.000000
1851	0.000000
1852	0.000000
1853	0.000000
1854	0.000000
1855	0.000000
1856	0.000000
1857	0.000000
1858	0.000000
1859	0.000000
1860	0.000000
1861	0.000000
1862	0.000000
1863	0.000000
1864	0.000000
1865	0.000000
1866	0.000000
1867	0.000000
1868	0.000000
1869	0.000000
1870	0.000000
1871	0.000000
1872	0.000000
1873	0.000000
1874	0.000000
1875	0.000000
1876	0.000000
1877	0.000000
1878	0.000000
1879	0.000000
1880	0.000000
1881	0.000000
1882	0.000000
1883	0.000000
1884	0.000000
1885	0.000000
1886	0.000000
1887	0.000000
1888	0.000000
1889	0.000000
1890	0.000000
1891	0.000000
1892	0.000000
1893	0.000000
1894	0.000000
1895	0.000000
1896	0.000000
1897	0.000000
1898	0.000000
1899	0.000000
1900	0.000000
1901	0.000000
1902	0.000000
1903	0.000000
1904	0.000000
1905	0.000000
1906	0.000000
1907	0.000000
1908	0.000000
1909	0.000000
1910	0.000000
1911	0.000000
1912	0.000000
1913	0.000000
1914	0.000000
1915	0.000000
1916	0.000000
1917	0.000000
1918	0.000000
1919	0.000000
1920	0.000000
1921	0.000000
1922	0.000000
1923	0.000000
1924	0.000000
1925	0.000000
1926	0.000000
1927	0.000000
1928	0.000000
1929	0.000000
1930	0.000000
1931	0.000000
1932	0.000000
1933	0.000000
1934	0.000000
1935	0.000000
1936	0.000000
1937	0.000000
1938	0.000000
1939	0.000000
1940	0.000000
1941	0.000000
1942	0.000000
1943	0.000000
1944	0.000000
1945	0.000000
1946	0.000000
1947	0.000000
1948	0.000000
1949	0.000000
1950	0.000000
1951	0.000000
1952	0.000000
1953	0.000000
1954	0.000000
1955	0.000000
1956	0.000000
1957	0.000000
1958	0.000000
1959	0.000000
1960	0.000000
1961	0.000000
1962	0.000000
1963	0.000000
1964	0.000000
1965	0.000000
1966	0.000000
1967	0.000000
1968	0.000000
1969	0.000000
1970	0.000000
1971	0.000000
1972	0.000000
1973	0.000000
1974	0.000000
1975	0.000000
1976	0.000000
1977	0.000000
1978	0.000000
1979	0.000000
1980	0.000000
1981	0.000000
1982	0.000000
1983	0.000000
1984	0.000000
1985	0.000000
1986	0.000000
1987	0.000000
1988	0.000000
1989	0.000000
1990	0.000000
1991	0.000000
1992	0.000000
1993	0.000000
1994	0.000000
1995	0.000000
1996	0.000000
1997	0.000000
1998	0.000000
1999	0.000000
2000	0.000000
2001	0.000000
2002	0.000000
2003	0.000000
2004	0.000000
2005	0.000000
2006	0.000000
2007	0.000000
2008	0.000000
2009	0.000000
2010	0.000000
2011	0.000000
2012	0.000000
2013	0.000000
2014	0.000000
2015	0.000000
2016	0.000000
2017	0.000000
2018	0.000000
2019	0.000000
2020	0.000000
2021	0.000000
2022	0.000000
2023	0.000000
2024	0.000000
2025	0.000000
2026	0.000000
2027	0.000000
2028	0.000000
2029	0.000000
2030	0.000000
2031	0.000000
2032	0.000000
2033	0.000000
2034	0.000000
2035	0.000000
2036	0.000000
2037	0.000000
2038	0.000000
2039	0.000000
2040	0.000000
2041	0.000000
2042	0.000000
2043	0.000000
2044	0.000000
2045	0.000000
2046	0.000000
2047	0.000000
2048	0.000000
2049	0.000000
2050	0.000000
2051	0.000000
2052	0.000000
2053	0.000000
2054	0.000000
2055	0.000000
2056	0.000000
2057	0.000000
2058	0.000000
2059	0.000000
2060	0.000000
2061	0.000000
2062	0.000000
2063	0.000000
2064	0.000000
2065	0.000000
2066	0.000000
2067	0.000000
2068	0.000000
2069	0.000000
2070	0.000000
2071	0.000000
2072	0.000000
2073	0.000000
2074	0.000000
2075	0.000000
2076	0.000000
2077	0.000000
2078	0.000000
2079	0.000000
2080	0.000000
2081	0.000000
2082	0.000000
2083	0.000000
2084	0.000000
2085	0.000000
2086	0.000000
2087	0.000000
2088	0.000000
2089	0.000000
2090	0.000000
2091	0.000000
2092	0.000000
2093	0.000000
2094	0.000000
2095	0.000000
2096	0.000000
2097	0.000000
2098	0.000000
2099	0.000000
2100	0.000000
2101	0.000000
2102	0.000000
2103	0.000000
2104	0.000000
2105	0.000000
2106	0.000000
2107	0.000000
2108	0.000000
2109	0.000000
2110	0.000000
2111	0.000000
2112	0.000000
2113	0.000000
2114	0.000000
2115	0.000000
2116	0.000000
2117	0.000000
2118	0.000000
2119	0.000000
2120	0.000000
2121	0.000000
2122	0.000000
2123	0.000000
2124	0.000000
2125	0.000000
2126	0.000000
2127	0.000000
2128	0.000000
2129	0.000000
2130	0.000000
2131	0.000000
2132	0.000000
2133	0.000000
2134	0.000000
2135	0.000000
2136	0.000000
2137	0.000000
2138	0.000000
2139	0.000000
2140	0.000000
2141	0.000000
2142	0.000000
2143	0.000000
2144	0.000000
2145	0.000000
2146	0.000000
2147	0.000000
2148	0.000000
2149	0.000000
2150	0.000000
2151	0.000000
2152	0.000000
2153	0.000000
2154	0.000000
2155	0.000000
2156	0.000000
2157	0.000000
2158	0.000000
2159	0.000000
2160	0.000000
2161	0.000000
2162	0.000000
2163	0.000000
2164	0.000000
2165	0.000000
2166	0.000000
2167	0.000000
2168	0.000000
2169	0.000000
2170	0.000000
2171	0.000000
2172	0.000000
2173	0.000000
2174	0.000000
2175	0.000000
2176	0.000000
2177	0.000000
2178	0.000000
2179	0.000000
2180	0.000000
2181	0.000000
2182	0.000000
2183	0.000000
2184	0.000000
2185	0.000000
2186	0.000000
2187	0.000000
2188	0.000000
2189	0.000000
2190	0.000000
2191	0.000000
2192	0.000000
2193	0.000000
2194	0.000000
2195	0.000000
2196	0.000000
2197	0.000000
2198	0.000000
2199	0.000000
2200	0.000000
2201	0.000000
2202	0.000000
2203	0.000000
2204	0.000000
2205	0.000000
2206	0.000000
2207	0.000000
2208	0.000000
2209	0.000000
2210	0.000000
2211	0.000000
2212	0.000000
2213	0.000000
2214	0.000000
2215	0.000000
2216	0.000000
2217	0.000000
2218	0.000000
2219	0.000000
2220	0.000000
2221	0.000000
2222	0.000000
2223	0.000000
2224	0.000000
2225	0.000000
2226	0.000000
2227	0.000000
2228	0.000000
2229	0.000000
2230	0.000000
2231	0.000000
2232	0.000000
2233	0.000000
2234	0.000000
2235	0.000000
2236	0.000000
2237	0.000000
2238	0.000000
2239	0.000000
2240	0.000000
2241	0.000000
2242	0.000000
2243	0.000000
2244	0.000000
2245	0.000000
2246	0.000000
2247	0.000000
2248	0.000000
2249	0.000000
2250	0.000000
2251	0.000000
2252	0.000000
2253	0.000000
2254	0.000000
2255	0.000000
2256	0.000000
2257	0.000000
2258	0.000000
2259	0.000000
2260	0.000000
2261	0.000000
2262	0.000000
2263	0.000000
2264	0.000000
2265	0.000000
2266	0.000000
2267	0.000000
2268	0.000000
2269	0.000000
2270	0.000000
2271	0.000000
2272	0.000000
2273	0.000000
2274	0.000000
2275	0.000000
2276	0.000000
2277	0.000000
2278	0.000000
2279	0.000000
2280	0.000000
2281	0.000000
2282	0.000000
2283	0.000000
2284	0.000000
2285	0.000000
2286	0.000000
2287	0.000000
2288	0.000000
2289	0.000000
2290	0.000000
2291	0.000000
2292	0.000000
2293	0.000000
2294	0.000000
2295	0.000000
2296	0.000000
2297	0.000000
2298	0.000000
2299	0.000000
2300	0.000000
2301	0.000000
2302	0.000000
2303	0.000000
2304	0.000000
2305	0.000000
2306	0.000000
2307	0.000000
2308	0.000000
2309	0.000000
2310	0.000000
2311	0.000000
2312	0.000000
2313	0.000000
2314	0.000000
2315	0.000000
2316	0.000000
2317	0.000000
2318	0.000000
2319	0.000000
2320	0.000000
2321	0.000000
2322	0.000000
2323	0.000000
2324	0.000000
2325	0.000000
2326	0.000000
2327	0.000000
2328	0.000000
2329	0.000000
2330	0.000000
2331	0.000000
2332	0.000000
2333	0.000000
2334	0.000000
2335	0.000000
2336	0.000000
2337	0.000000
2338	0.000000
2339	0.000000
2340	0.000000
2341	0.000000
2342	0.000000
2343	0.000000
2344	0.000000
2345	0.000000
2346	0.000000
2347	0.000000
2348	0.000000
2349	0.000000
2350	0.000000
2351	0.000000
2352	0.000000
2353	0.000000
2354	0.000000
2355	0.000000
2356	0.000000
2357	0.000000
2358	0.000000
2359	0.000000
2360	0.000000
2361	0.000000
2362	0.000000
2363	0.000000
2364	0.000000
2365	0.000000
2366	0.000000
2367	0.000000
2368	0.000000
2369	0.000000
2370	0.000000
2371	0.000000
2372	0.000000
2373	0.000000
2374	0.000000
2375	0.000000
2376	0.000000
2377	0.000000
2378	0.000000
2379	0.000000
2380	0.000000
2381	0.000000
2382	0.000000
2383	0.000000
2384	0.000000
2385	0.000000
2386	0.000000
2387	0.000000
2388	0.000000
2389	0.000000
2390	0.000000
2391	0.000000
2392	0.000000
2393	0.000000
2394	0.000000
2395	0.000000
2396	0.000000
2397	0.000000
2398	0.000000
2399	0.000000
2400	0.000000
2401	0.000000
2402	0.000000
2403	0.000000
2404	0.000000
2405	0.000000
2406	0.000000
2407	0.000000
2408	0.000000
2409	0.000000
2410	0.000000
2411	0.000000
2412	0.000000
2413	0.000000
2414	0.000000
2415	0.000000
2416	0.000000
2417	0.000000
2418	0.000000
2419	0.000000
2420	0.000000
2421	0.000000
2422	0.000000
2423	0.000000
2424	0.000000
2425	0.000000
2426	0.000000
2427	0.000000
2428	0.000000
2429	0.000000
2430	0.000000
2431	0.000000
2432	0.000000
2433	0.000000
2434	0.000000
2435	0.000000
2436	0.000000
2437	0.000000
2438	0.000000
2439	0.000000
2440	0.000000
2441	0.000000
2442	0.000000
2443	0.000000
2444	0.000000
2445	0.000000
2446	0.000000
2447	0.000000
2448	0.000000
2449	0.000000
2450	0.000000
2451	0.000000
2452	0.000000
2453	0.000000
2454	0.000000
2455	0.000000
2456	0.000000
2457	0.000000
2458	0.000000
2459	0.000000
2460	0.000000
2461	0.000000
2462	0.000000
2463	0.000000
2464	0.000000
2465	0.000000
2466	0.000000
2467	0.000000
2468	0.000000
2469	0.000000
2470	0.000000
2471	0.000000
2472	0.000000
2473	0.000000
2474	0.000000
2475	0.000000
2476	0.000000
2477	0.000000
2478	0.000000
2479	0.000000
2480	0.000000
2481	0.000000
2482	0.000000
2483	0.000000
2484	0.000000
2485	0.000000
2486	0.000000
2487	0.000000
2488	0.000000
2489	0.000000
2490	0.000000
2491	0.000000
2492	0.000000
2493	0.000000
2494	0.000000
2495	0.000000
2496	0.000000
2497	0.000000
2498	0.000000
2499	0.000000
2500	0.000000
2501	0.000000
2502	0.000000
2503	0.000000
2504	0.000000
2505	0.000000
2506	0.000000
2507	0.000000
2508	0.000000
2509	0.000000
2510	0.000000
2511	0.000000
2512	0.000000
2513	0.000001
2514	0.000001
2515	0.000001
2516	0.000002
2517	0.000003
2518	0.000003
2519	0.000005
2520	0.000007
2521	0.000009
2522	0.000013
2523	0.000018
2524	0.000025
2525	0.000034
2526	0.000047
2527	0.000065
2528	0.000090
2529	0.000125
2530	0.000173
2531	0.000240
2532	0.000332
2533	0.000460
2534	0.000636
2535	0.000880
2536	0.001216
2537	0.001681
2538	0.002322
2539	0.003204
2540	0.004418
2541	0.006082
2542	0.008358
2543	0.011455
2544	0.015646
2545	0.021273
2546	0.028745
2547	0.038531
2548	0.051115
2549	0.066924
2550	0.086217
2551	0.108954
2552	0.134682
2553	0.162502
2554	0.191163
2555	0.219270
2556	0.245548
2557	0.269054
2558	0.289268
2559	0.306075
2560	0.319663
2561	0.330400
2562	0.338730
2563	0.345099
2564	0.349912
2565	0.353513
2566	0.356185
2567	0.358152
2568	0.359587
2569	0.360626
2570	0.361369
2571	0.361891
2572	0.362250
2573	0.362489
2574	0.362639
2575	0.362722
2576	0.362757
2577	0.362757
2578	0.362729
2579	0.362683
2580	0.362622
2581	0.362550
2582	0.362471
2583	0.362385
2584	0.362296
2585	0.362203
2586	0.362108
2587	0.362012
2588	0.361914
2589	0.361815
2590	0.361715
2591	0.361615
2592	0.361515
2593	0.361414
2594	0.361313
2595	0.361212
2596	0.361111
2597	0.361010
2598	0.360909
2599	0.360807
2600	0.360706
2601	0.360604
2602	0.360503
2603	0.360402
2604	0.360300
2605	0.360199
2606	0.360097
2607	0.359996
2608	0.359894
2609	0.359792
2610	0.359691
2611	0.359589
2612	0.359488
2613	0.359386
2614	0.359285
2615	0.359183
2616	0.359082
2617	0.358980
2618	0.358878
2619	0.358777
2620	0.358675
2621	0.358574
2622	0.358472
2623	0.358370
2624	0.358269
2625	0.358167
2626	0.358065
2627	0.357964
2628	0.357862
2629	0.357760
2630	0.357659
2631	0.357557
2632	0.357455
2633	0.357354
2634	0.357252
2635	0.357150
2636	0.357049
2637	0.356947
2638	0.356845
2639	0.356744
2640	0.356642
2641	0.356540
2642	0.356438
2643	0.356337
2644	0.356235
2645	0.356133
2646	0.356031
2647	0.355930
2648	0.355828
2649	0.355726
2650	0.355624
2651	0.355523
2652	0.355421
2653	0.355319
2654	0.355217
2655	0.355115
2656	0.355014
2657	0.354912
2658	0.354810
2659	0.354708
2660	0.354606
2661	0.354504
2662	0.354403
2663	0.354301
2664	0.354199
2665	0.354097
2666	0.353995
2667	0.353893
2668	0.353791
2669	0.353689
2670	0.353588
2671	0.353486
2672	0.353384
2673	0.353282
2674	0.353180
2675	0.353078
2676	0.352976
2677	0.352874
2678	0.352772
2679	0.352670
2680	0.352568
2681	0.352466
2682	0.352364
2683	0.352263
2684	0.352161
2685	0.352059
2686	0.351957
2687	0.351855
2688	0.351753
2689	0.351651
2690	0.351549
2691	0.351447
2692	0.351345
2693	0.351243
2694	0.351141
2695	0.351039
2696	0.350937
2697	0.350834
2698	0.350732
2699	0.350630
2700	0.350528
2701	0.350426
2702	0.350324
2703	0.350222
2704	0.350120
2705	0.350018
2706	0.349916
2707	0.349814
2708	0.349712
2709	0.349610
2710	0.349507
2711	0.349405
2712	0.349303
2713	0.349201
2714	0.349099
2715	0.348997
2716	0.348895
2717	0.348793
2718	0.348690
2719	0.348588
2720	0.348486
2721	0.348384
2722	0.348282
2723	0.348180
2724	0.348077
2725	0.347975
2726	0.347873
2727	0.347771
2728	0.347669
2729	0.347566
2730	0.347464
2731	0.347362
2732	0.347260
2733	0.347158
2734	0.347055
2735	0.346953
2736	0.346851
2737	0.346749
2738	0.346646
2739	0.346544
2740	0.346442
2741	0.346340
2742	0.346237
2743	0.346135
2744	0.346033
2745	0.345930
2746	0.345828
2747	0.345726
2748	0.345624
2749	0.345521
2750	0.345419
2751	0.345317
2752	0.345214
2753	0.345112
2754	0.345010
2755	0.344907
2756	0.344805
2757	0.344703
2758	0.344600
2759	0.344498
2760	0.344395
2761	0.344293
2762	0.344191
2763	0.344088
2764	0.343986
2765	0.343884
2766	0.343781
2767	0.343679
2768	0.343576
2769	0.343474
2770	0.343371
2771	0.343269
2772	0.343167
2773	0.343064
2774	0.342962
2775	0.342859
2776	0.342757
2777	0.342654
2778	0.342552
2779	0.342450
2780	0.342347
2781	0.342245
2782	0.342142
2783	0.342040
2784	0.341937
2785	0.341835
2786	0.341732
2787	0.341630
2788	0.341527
2789	0.341425
2790	0.341322
2791	0.341220
2792	0.341117
2793	0.341015
2794	0.340912
2795	0.340809
2796	0.340707
2797	0.340604
2798	0.340502
2799	0.340399
2800	0.340297
2801	0.340194
2802	0.340092
2803	0.339989
2804	0.339886
2805	0.339784
2806	0.339681
2807	0.339579
2808	0.339476
2809	0.339373
2810	0.339271
2811	0.339168
2812	0.339065
2813	0.338963
2814	0.338860
2815	0.338758
2816	0.338655
2817	0.338552
2818	0.338450
2819	0.338347
2820	0.338244
2821	0.338142
2822	0.338039
2823	0.337936
2824	0.337834
2825	0.337731
2826	0.337628
2827	0.337526
2828	0.337423
2829	0.337320
2830	0.337217
2831	0.337115
2832	0.337012
2833	0.336909
2834	0.336807
2835	0.336704
2836	0.336601
2837	0.336498
2838	0.336396
2839	0.336293
2840	0.336190
2841	0.336087
2842	0.335985
2843	0.335882
2844	0.335779
2845	0.335676
2846	0.335573
2847	0.335471
2848	0.335368
2849	0.335265
2850	0.335162
2851	0.335059
2852	0.334957
2853	0.334854
2854	0.334751
2855	0.334648
2856	0.334545
2857	0.334442
2858	0.334340
2859	0.334237
2860	0.334134
2861	0.334031
2862	0.333928
2863	0.333825
2864	0.333722
2865	0.333620
2866	0.333517
2867	0.333414
2868	0.333311
2869	0.333208
2870	0.333105
2871	0.333002
2872	0.332899
2873	0.332796
2874	0.332694
2875	0.332591
2876	0.332488
2877	0.332385
2878	0.332282
2879	0.332179
2880	0.332076
2881	0.331973
2882	0.331870
2883	0.331767
2884	0.331664
2885	0.331561
2886	0.331458
2887	0.331355
2888	0.331252
2889	0.331149
2890	0.331046
2891	0.330943
2892	0.330840
2893	0.330737
2894	0.330634
2895	0.330531
2896	0.330428
2897	0.330325
2898	0.330222
2899	0.330119
2900	0.330016
2901	0.329913
2902	0.329810
2903	0.329707
2904	0.329604
2905	0.329501
2906	0.329398
2907	0.329295
2908	0.329192
2909	0.329089
2910	0.328986
2911	0.328883
2912	0.328779
2913	0.328676
2914	0.328573
2915	0.328470
2916	0.328367
2917	0.328264
2918	0.328161
2919	0.328058
2920	0.327955
2921	0.327851
2922	0.327748
2923	0.327645
2924	0.327542
2925	0.327439
2926	0.327336
2927	0.327233
2928	0.327129
2929	0.327026
2930	0.326923
2931	0.326820
2932	0.326717
2933	0.326614
2934	0.326510
2935	0.326407
2936	0.326304
2937	0.326201
2938	0.326098
2939	0.325994
2940	0.325891
2941	0.325788
2942	0.325685
2943	0.325582
2944	0.325478
2945	0.325375
2946	0.325272
2947	0.325169
2948	0.325065
2949	0.324962
2950	0.324859
2951	0.324756
2952	0.324652
2953	0.324549
2954	0.324446
2955	0.324343
2956	0.324239
2957	0.324136
2958	0.324033
2959	0.323930
2960	0.323826
2961	0.323723
2962	0.323620
2963	0.323516
2964	0.323413
2965	0.323310
2966	0.323206
2967	0.323103
2968	0.323000
2969	0.322896
2970	0.322793
2971	0.322690
2972	0.322586
2973	0.322483
2974	0.322380
2975	0.322276
2976	0.322173
2977	0.322070
2978	0.321966
2979	0.321863
2980	0.321760
2981	0.321656
2982	0.321553
2983	0.321449
2984	0.321346
2985	0.321243
2986	0.321139
2987	0.321036
2988	0.320932
2989	0.320829
2990	0.320726
2991	0.320622
2992	0.320519
2993	0.320415
2994	0.320312
2995	0.320208
2996	0.320105
2997	0.320002
2998	0.319898
2999	0.319795
3000	0.319691
3001	0.319588
3002	0.319484
3003	0.319381
3004	0.319277
3005	0.319174
3006	0.319070
3007	0.318967
3008	0.318863
3009	0.318760
3010	0.318656
3011	0.318553
3012	0.318449
3013	0.318346
3014	0.318242
3015	0.318139
3016	0.318035
3017	0.317932
3018	0.317828
3019	0.317725
3020	0.317621
3021	0.317518
3022	0.317414
3023	0.317311
3024	0.317207
3025	0.317104
3026	0.317000
3027	0.316896
3028	0.316793
3029	0.316689
3030	0.316586
3031	0.316482
3032	0.316379
3033	0.316275
3034	0.316171
3035	0.316068
3036	0.315964
3037	0.315861
3038	0.315757
3039	0.315653
3040	0.315550
3041	0.315446
3042	0.315342
3043	0.315239
3044	0.315135
3045	0.315032
3046	0.314928
3047	0.314824
3048	0.314721
3049	0.314617
3050	0.314513
3051	0.314410
3052	0.314306
3053	0.314202
3054	0.314099
3055	0.313995
3056	0.313891
3057	0.313788
3058	0.313684
3059	0.313580
3060	0.313477
3061	0.313373
3062	0.313269
3063	0.313165
3064	0.313062
3065	0.312958
3066	0.312854
3067	0.312751
3068	0.312647
3069	0.312543
3070	0.312439
3071	0.312336
3072	0.312232
3073	0.312128
3074	0.312024
3075	0.311921
3076	0.311817
3077	0.311713
3078	0.311609
3079	0.311506
3080	0.311402
3081	0.311298
3082	0.311194
3083	0.311091
3084	0.310987
3085	0.310883
3086	0.310779
3087	0.310675
3088	0.310572
3089	0.310468
3090	0.310364
3091	0.310260
3092	0.310156
3093	0.310053
3094	0.309949
3095	0.309845
3096	0.309741
3097	0.309637
3098	0.309533
3099	0.309430
3100	0.309326
3101	0.309222
3102	0.309118
3103	0.309014
3104	0.308910
3105	0.308806
3106	0.308703
3107	0.308599
3108	0.308495
3109	0.308391
3110	0.308287
3111	0.308183
3112	0.308079
3113	0.307975
3114	0.307872
3115	0.307768
3116	0.307664
3117	0.307560
3118	0.307456
3119	0.307352
3120	0.307248
3121	0.307144
3122	0.307040
3123	0.306936
3124	0.306832
3125	0.306728
3126	0.306624
3127	0.306521
3128	0.306417
3129	0.306313
3130	0.306209
3131	0.306105
3132	0.306001
3133	0.305897
3134	0.305793
3135	0.305689
3136	0.305585
3137	0.305481
3138	0.305377
3139	0.305273
3140	0.305169
3141	0.305065
3142	0.304961
3143	0.304857
3144	0.304753
3145	0.304649
3146	0.304545
3147	0.304441
3148	0.304337
3149	0.304233
3150	0.304129
3151	0.304025
3152	0.303921
3153	0.303817
3154	0.303713
3155	0.303609
3156	0.303505
3157	0.303401
3158	0.303297
3159	0.303192
3160	0.303088
3161	0.302984
3162	0.302880
3163	0.302776
3164	0.302672
3165	0.302568
3166	0.302464
3167	0.302360
3168	0.302256
3169	0.302152
3170	0.302048
3171	0.301943
3172	0.301839
3173	0.301735
3174	0.301631
3175	0.301527
3176	0.301423
3177	0.301319
3178	0.301215
3179	0.301111
3180	0.301006
3181	0.300902
3182	0.300798
3183	0.300694
3184	0.300590
3185	0.300486
3186	0.300382
3187	0.300277
3188	0.300173
3189	0.300069
3190	0.299965
3191	0.299861
3192	0.299757
3193	0.299652
3194	0.299548
3195	0.299444
3196	0.299340
3197	0.299236
3198	0.299131
3199	0.299027
3200	0.298923
3201	0.298819
3202	0.298715
3203	0.298610
3204	0.298506
3205	0.298402
3206	0.298298
3207	0.298194
3208	0.298089
3209	0.297985
3210	0.297881
3211	0.297777
3212	0.297672
3213	0.297568
3214	0.297464
3215	0.297360
3216	0.297255
3217	0.297151
3218	0.297047
3219	0.296943
3220	0.296838
3221	0.296734
3222	0.296630
3223	0.296526
3224	0.296421
3225	0.296317
3226	0.296213
3227	0.296108
3228	0.296004
3229	0.295900
3230	0.295795
3231	0.295691
3232	0.295587
3233	0.295483
3234	0.295378
3235	0.295274
3236	0.295170
3237	0.295065
3238	0.294961
3239	0.294857
3240	0.294752
3241	0.294648
3242	0.294544
3243	0.294439
3244	0.294335
3245	0.294231
3246	0.294126
3247	0.294022
3248	0.293918
3249	0.293813
3250	0.293709
3251	0.293604
3252	0.293500
3253	0.293396
3254	0.293291
3255	0.293187
3256	0.293083
3257	0.292978
3258	0.292874
3259	0.292769
3260	0.292665
3261	0.292561
3262	0.292456
3263	0.292352
3264	0.292247
3265	0.292143
3266	0.292038
3267	0.291934
3268	0.291830
3269	0.291725
3270	0.291621
3271	0.291516
3272	0.291412
3273	0.291307
3274	0.291203
3275	0.291099
3276	0.290994
3277	0.290890
3278	0.290785
3279	0.290681
3280	0.290576
3281	0.290472
3282	0.290367
3283	0.290263
3284	0.290158
3285	0.290054
3286	0.289949
3287	0.289845
3288	0.289740
3289	0.289636
3290	0.289531
3291	0.289427
3292	0.289322
3293	0.289218
3294	0.289113
3295	0.289009
3296	0.288904
3297	0.288800
3298	0.288695
3299	0.288591
3300	0.288486
3301	0.288382
3302	0.288277
3303	0.288173
3304	0.288068
3305	0.287964
3306	0.287859
3307	0.287755
3308	0.287650
3309	0.287545
3310	0.287441
3311	0.287336
3312	0.287232
3313	0.287127
3314	0.287023
3315	0.286918
3316	0.286813
3317	0.286709
3318	0.286604
3319	0.286500
3320	0.286395
3321	0.286291
3322	0.286186
3323	0.286081
3324	0.285977
3325	0.285872
3326	0.285767
3327	0.285663
3328	0.285558
3329	0.285454
3330	0.285349
3331	0.285244
3332	0.285140
3333	0.285035
3334	0.284931
3335	0.284826
3336	0.284721
3337	0.284617
3338	0.284512
3339	0.284407
3340	0.284303
3341	0.284198
3342	0.284093
3343	0.283989
3344	0.283884
3345	0.283779
3346	0.283675
3347	0.283570
3348	0.283465
3349	0.283361
3350	0.283256
3351	0.283151
3352	0.283047
3353	0.282942
3354	0.282837
3355	0.282733
3356	0.282628
3357	0.282523
3358	0.282418
3359	0.282314
3360	0.282209
3361	0.282104
3362	0.282000
3363	0.281895
3364	0.281790
3365	0.281685
3366	0.281581
3367	0.281476
3368	0.281371
3369	0.281266
3370	0.281162
3371	0.281057
3372	0.280952
3373	0.280847
3374	0.280743
3375	0.280638
3376	0.280533
3377	0.280428
3378	0.280324
3379	0.280219
3380	0.280114
3381	0.280009
3382	0.279905
3383	0.279800
3384	0.279695
3385	0.279590
3386	0.279485
3387	0.279381
3388	0.279276
3389	0.279171
3390	0.279066
3391	0.278961
3392	0.278857
3393	0.278752
3394	0.278647
3395	0.278542
3396	0.278437
3397	0.278333
3398	0.278228
3399	0.278123
3400	0.278018
3401	0.277913
3402	0.277808
3403	0.277704
3404	0.277599
3405	0.277494
3406	0.277389
3407	0.277284
3408	0.277179
3409	0.277075
3410	0.276970
3411	0.276865
3412	0.276760
3413	0.276655
3414	0.276550
3415	0.276445
3416	0.276340
3417	0.276236
3418	0.276131
3419	0.276026
3420	0.275921
3421	0.275816
3422	0.275711
3423	0.275606
3424	0.275501
3425	0.275396
3426	0.275292
3427	0.275187
3428	0.275082
3429	0.274977
3430	0.274872
3431	0.274767
3432	0.274662
3433	0.274557
3434	0.274452
3435	0.274347
3436	0.274242
3437	0.274137
3438	0.274033
3439	0.273928
3440	0.273823
3441	0.273718
3442	0.273613
3443	0.273508
3444	0.273403
3445	0.273298
3446	0.273193
3447	0.273088
3448	0.272983
3449	0.272878
3450	0.272773
3451	0.272668
3452	0.272563
3453	0.272458
3454	0.272353
3455	0.272248
3456	0.272143
3457	0.272038
3458	0.271933
3459	0.271828
3460	0.271723
3461	0.271618
3462	0.271513
3463	0.271408
3464	0.271303
3465	0.271198
3466	0.271093
3467	0.270988
3468	0.270883
3469	0.270778
3470	0.270673
3471	0.270568
3472	0.270463
3473	0.270358
3474	0.270253
3475	0.270148
3476	0.270043
3477	0.269938
3478	0.269833
3479	0.269728
3480	0.269623
3481	0.269518
3482	0.269413
3483	0.269308
3484	0.269202
3485	0.269097
3486	0.268992
3487	0.268887
3488	0.268782
3489	0.268677
3490	0.268572
3491	0.268467
3492	0.268362
3493	0.268257
3494	0.268152
3495	0.268047
3496	0.267941
3497	0.267836
3498	0.267731
3499	0.267626
3500	0.267521
3501	0.267416
3502	0.267311
3503	0.267206
3504	0.267101
3505	0.266995
3506	0.266890
3507	0.266785
3508	0.266680
3509	0.266575
3510	0.266470
3511	0.266365
3512	0.266260
3513	0.266154
3514	0.266049
3515	0.265944
3516	0.265839
3517	0.265734
3518	0.265629
3519	0.265524
3520	0.265418
3521	0.265313
3522	0.265208
3523	0.265103
3524	0.264998
3525	0.264893
3526	0.264787
3527	0.264682
3528	0.264577
3529	0.264472
3530	0.264367
3531	0.264261
3532	0.264156
3533	0.264051
3534	0.263946
3535	0.263841
3536	0.263735
3537	0.263630
3538	0.263525
3539	0.263420
3540	0.263315
3541	0.263209
3542	0.263104
3543	0.262999
3544	0.262894
3545	0.262789
3546	0.262683
3547	0.262578
3548	0.262473
3549	0.262368
3550	0.262262
3551	0.262157
3552	0.262052
3553	0.261947
3554	0.261841
3555	0.261736
3556	0.261631
3557	0.261526
3558	0.261420
3559	0.261315
3560	0.261210
3561	0.261105
3562	0.260999
3563	0.260894
3564	0.260789
3565	0.260684
3566	0.260578
3567	0.260473
3568	0.260368
3569	0.260262
3570	0.260157
3571	0.260052
3572	0.259947
3573	0.259841
3574	0.259736
3575	0.259631
3576	0.259525
3577	0.259420
3578	0.259315
3579	0.259209
3580	0.259104
3581	0.258999
3582	0.258893
3583	0.258788
3584	0.258683
3585	0.258577
3586	0.258472
3587	0.258367
3588	0.258261
3589	0.258156
3590	0.258051
3591	0.257945
3592	0.257840
3593	0.257735
3594	0.257629
3595	0.257524
3596	0.257419
3597	0.257313
3598	0.257208
3599	0.257103
3600	0.256997
3601	0.256892
3602	0.256787
3603	0.256681
3604	0.256576
3605	0.256470
3606	0.256365
3607	0.256260
3608	0.256154
3609	0.256049
3610	0.255944
3611	0.255838
3612	0.255733
3613	0.255627
3614	0.255522
3615	0.255417
3616	0.255311
3617	0.255206
3618	0.255100
3619	0.254995
3620	0.254890
3621	0.254784
3622	0.254679
3623	0.254573
3624	0.254468
3625	0.254362
3626	0.254257
3627	0.254152
3628	0.254046
3629	0.253941
3630	0.253835
3631	0.253730
3632	0.253624
3633	0.253519
3634	0.253413
3635	0.253308
3636	0.253203
3637	0.253097
3638	0.252992
3639	0.252886
3640	0.252781
3641	0.252675
3642	0.252570
3643	0.252464
3644	0.252359
3645	0.252253
3646	0.252148
3647	0.252042
3648	0.251937
3649	0.251832
3650	0.251726
3651	0.251621
3652	0.251515
3653	0.251410
3654	0.251304
3655	0.251199
3656	0.251093
3657	0.250988
3658	0.250882
3659	0.250777
3660	0.250671
3661	0.250566
3662	0.250460
3663	0.250355
3664	0.250249
3665	0.250143
3666	0.250038
3667	0.249932
3668	0.249827
3669	0.249721
3670	0.249616
3671	0.249510
3672	0.249405
3673	0.249299
3674	0.249194
3675	0.249088
3676	0.248983
3677	0.248877
3678	0.248772
3679	0.248666
3680	0.248560
3681	0.248455
3682	0.248349
3683	0.248244
3684	0.248138
3685	0.248033
3686	0.247927
3687	0.247821
3688	0.247716
3689	0.247610
3690	0.247505
3691	0.247399
3692	0.247294
3693	0.247188
3694	0.247082
3695	0.246977
3696	0.246871
3697	0.246766
3698	0.246660
3699	0.246554
3700	0.246449
3701	0.246343
3702	0.246238
3703	0.246132
3704	0.246026
3705	0.245921
3706	0.245815
3707	0.245710
3708	0.245604
3709	0.245498
3710	0.245393
3711	0.245287
3712	0.245181
3713	0.245076
3714	0.244970
3715	0.244865
3716	0.244759
3717	0.244653
3718	0.244548
3719	0.244442
3720	0.244336
3721	0.244231
3722	0.244125
3723	0.244019
3724	0.243914
3725	0.243808
3726	0.243702
3727	0.243597
3728	0.243491
3729	0.243385
3730	0.243280
3731	0.243174
3732	0.243068
3733	0.242963
3734	0.242857
3735	0.242751
3736	0.242646
3737	0.242540
3738	0.242434
3739	0.242329
3740	0.242223
3741	0.242117
3742	0.242012
3743	0.241906
3744	0.241800
3745	0.241695
3746	0.241589
3747	0.241483
3748	0.241377
3749	0.241272
3750	0.241166
3751	0.241060
3752	0.240955
3753	0.240849
3754	0.240743
3755	0.240637
3756	0.240532
3757	0.240426
3758	0.240320
3759	0.240214
3760	0.240109
3761	0.240003
3762	0.239897
3763	0.239792
3764	0.239686
3765	0.239580
3766	0.239474
3767	0.239369
3768	0.239263
3769	0.239157
3770	0.239051
3771	0.238946
3772	0.238840
3773	0.238734
3774	0.238628
3775	0.238522
3776	0.238417
3777	0.238311
3778	0.238205
3779	0.238099
3780	0.237994
3781	0.237888
3782	0.237782
3783	0.237676
3784	0.237570
3785	0.237465
3786	0.237359
3787	0.237253
3788	0.237147
3789	0.237042
3790	0.236936
3791	0.236830
3792	0.236724
3793	0.236618
3794	0.236513
3795	0.236407
3796	0.236301
3797	0.236195
3798	0.236089
3799	0.235983
3800	0.235878
3801	0.235772
3802	0.235666
3803	0.235560
3804	0.235454
3805	0.235348
3806	0.235243
3807	0.235137
3808	0.235031
3809	0.234925
3810	0.234819
3811	0.234713
3812	0.234608
3813	0.234502
3814	0.234396
3815	0.234290
3816	0.234184
3817	0.234078
3818	0.233973
3819	0.233867
3820	0.233761
3821	0.233655
3822	0.233549
3823	0.233443
3824	0.233337
3825	0.233231
3826	0.233126
3827	0.233020
3828	0.232914
3829	0.232808
3830	0.232702
3831	0.232596
3832	0.232490
3833	0.232384
3834	0.232279
3835	0.232173
3836	0.232067
3837	0.231961
3838	0.231855
3839	0.231749
3840	0.231643
3841	0.231537
3842	0.231431
3843	0.231325
3844	0.231220
3845	0.231114
3846	0.231008
3847	0.230902
3848	0.230796
3849	0.230690
3850	0.230584
3851	0.230478
3852	0.230372
3853	0.230266
3854	0.230160
3855	0.230054
3856	0.229948
3857	0.229842
3858	0.229737
3859	0.229631
3860	0.229525
3861	0.229419
3862	0.229313
3863	0.229207
3864	0.229101
3865	0.228995
3866	0.228889
3867	0.228783
3868	0.228677
3869	0.228571
3870	0.228465
3871	0.228359
3872	0.228253
3873	0.228147
3874	0.228041
3875	0.227935
3876	0.227829
3877	0.227723
3878	0.227617
3879	0.227511
3880	0.227405
3881	0.227299
3882	0.227193
3883	0.227087
3884	0.226981
3885	0.226875
3886	0.226769
3887	0.226663
3888	0.226557
3889	0.226451
3890	0.226345
3891	0.226239
3892	0.226133
3893	0.226027
3894	0.225921
3895	0.225815
3896	0.225709
3897	0.225603
3898	0.225497
3899	0.225391
3900	0.225285
3901	0.225179
3902	0.225073
3903	0.224967
3904	0.224861
3905	0.224755
3906	0.224649
3907	0.224543
3908	0.224437
3909	0.224331
3910	0.224225
3911	0.224119
3912	0.224013
3913	0.223907
3914	0.223801
3915	0.223695
3916	0.223589
3917	0.223483
3918	0.223377
3919	0.223271
3920	0.223164
3921	0.223058
3922	0.222952
3923	0.222846
3924	0.222740
3925	0.222634
3926	0.222528
3927	0.222422
3928	0.222316
3929	0.222210
3930	0.222104
3931	0.221998
3932	0.221892
3933	0.221785
3934	0.221679
3935	0.221573
3936	0.221467
3937	0.221361
3938	0.221255
3939	0.221149
3940	0.221043
3941	0.220937
3942	0.220831
3943	0.220725
3944	0.220618
3945	0.220512
3946	0.220406
3947	0.220300
3948	0.220194
3949	0.220088
3950	0.219982
3951	0.219876
3952	0.219770
3953	0.219663
3954	0.219557
3955	0.219451
3956	0.219345
3957	0.219239
3958	0.219133
3959	0.219027
3960	0.218920
3961	0.218814
3962	0.218708
3963	0.218602
3964	0.218496
3965	0.218390
3966	0.218284
3967	0.218177
3968	0.218071
3969	0.217965
3970	0.217859
3971	0.217753
3972	0.217646
3973	0.217540
3974	0.217433
3975	0.217327
3976	0.217220
3977	0.217112
3978	0.217004
3979	0.216895
3980	0.216783
3981	0.216669
3982	0.216549
3983	0.216422
3984	0.216281
3985	0.216121
3986	0.215929
3987	0.215686
3988	0.215361
3989	0.214906
3990	0.214245
3991	0.213251
3992	0.211726
3993	0.209347
3994	0.205582
3995	0.199553
3996	0.189762
3997	0.173554
3998	0.145931
3999	0.096510
4000	0.000000
4001	0.000000
