0	0.000000
1	0.000000
2	0.000000
3	0.000000
4	0.000000
5	0.000000
6	0.000000
7	0.000000
8	0.000000
9	0.000000
10	0.000000
11	0.000000
12	0.000000
13	0.000000
14	0.000000
15	0.000000
16	0.000000
17	0.000000
18	0.000000
19	0.000000
20	0.000000
21	0.000000
22	0.000000
23	0.000000
24	0.000000
25	0.000000
26	0.000000
27	0.000000
28	0.000000
29	0.000000
30	0.000000
31	0.000000
32	0.000000
33	0.000000
34	0.000000
35	0.000000
36	0.000000
37	0.000000
38	0.000000
39	0.000000
40	0.000000
41	0.000000
42	0.000000
43	0.000000
44	0.000000
45	0.000000
46	0.000000
47	0.000000
48	0.000000
49	0.000000
50	0.000000
51	0.000000
52	0.000000
53	0.000000
54	0.000000
55	0.000000
56	0.000000
57	0.000000
58	0.000000
59	0.000000
60	0.000000
61	0.000000
62	0.000000
63	0.000000
64	0.000000
65	0.000000
66	0.000000
67	0.000000
68	0.000000
69	0.000000
70	0.000000
71	0.000000
72	0.000000
73	0.000000
74	0.000000
75	0.000000
76	0.000000
77	0.000000
78	0.000000
79	0.000000
80	0.000000
81	0.000000
82	0.000000
83	0.000000
84	0.000000
85	0.000000
86	0.000000
87	0.000000
88	0.000000
89	0.000000
90	0.000000
91	0.000000
92	0.000000
93	0.000000
94	0.000000
95	0.000000
96	0.000000
97	0.000000
98	0.000000
99	0.000000
100	0.000000
101	0.000000
102	0.000000
103	0.000000
104	0.000000
105	0.000000
106	0.000000
107	0.000000
108	0.000000
109	0.000000
110	0.000000
111	0.000000
112	0.000000
113	0.000000
114	0.000000
115	0.000000
116	0.000000
117	0.000000
118	0.000000
119	0.000000
120	0.000000
121	0.000000
122	0.000000
123	0.000000
124	0.000000
125	0.000000
126	0.000000
127	0.000000
128	0.000000
129	0.000000
130	0.000000
131	0.000000
132	0.000000
133	0.000000
134	0.000000
135	0.000000
136	0.000000
137	0.000000
138	0.000000
139	0.000000
140	0.000000
141	0.000000
142	0.000000
143	0.000000
144	0.000000
145	0.000000
146	0.000000
147	0.000000
148	0.000000
149	0.000000
150	0.000000
151	0.000000
152	0.000000
153	0.000000
154	0.000000
155	0.000000
156	0.000000
157	0.000000
158	0.000000
159	0.000000
160	0.000000
161	0.000000
162	0.000000
163	0.000000
164	0.000000
165	0.000000
166	0.000000
167	0.000000
168	0.000000
169	0.000000
170	0.000000
171	0.000000
172	0.000000
173	0.000000
174	0.000000
175	0.000000
176	0.000000
177	0.000000
178	0.000000
179	0.000000
180	0.000000
181	0.000000
182	0.000000
183	0.000000
184	0.000000
185	0.000000
186	0.000000
187	0.000000
188	0.000000
189	0.000000
190	0.000000
191	0.000000
192	0.000000
193	0.000000
194	0.000000
195	0.000000
196	0.000000
197	0.000000
198	0.000000
199	0.000000
200	0.000000
201	0.000000
202	0.000000
203	0.000000
204	0.000000
205	0.000000
206	0.000000
207	0.000000
208	0.000000
209	0.000000
210	0.000000
211	0.000000
212	0.000000
213	0.000000
214	0.000000
215	0.000000
216	0.000000
217	0.000000
218	0.000000
219	0.000000
220	0.000000
221	0.000000
222	0.000000
223	0.000000
224	0.000000
225	0.000000
226	0.000000
227	0.000000
228	0.000000
229	0.000000
230	0.000000
231	0.000000
232	0.000000
233	0.000000
234	0.000000
235	0.000000
236	0.000000
237	0.000000
238	0.000000
239	0.000000
240	0.000000
241	0.000000
242	0.000000
243	0.000000
244	0.000000
245	0.000000
246	0.000000
247	0.000000
248	0.000000
249	0.000000
250	0.000000
251	0.000000
252	0.000000
253	0.000000
254	0.000000
255	0.000000
256	0.000000
257	0.000000
258	0.000000
259	0.000000
260	0.000000
261	0.000000
262	0.000000
263	0.000000
264	0.000000
265	0.000000
266	0.000000
267	0.000000
268	0.000000
269	0.000000
270	0.000000
271	0.000000
272	0.000000
273	0.000000
274	0.000000
275	0.000000
276	0.000000
277	0.000000
278	0.000000
279	0.000000
280	0.000000
281	0.000000
282	0.000000
283	0.000000
284	0.000000
285	0.000000
286	0.000000
287	0.000000
288	0.000000
289	0.000000
290	0.000000
291	0.000000
292	0.000000
293	0.000000
294	0.000000
295	0.000000
296	0.000000
297	0.000000
298	0.000000
299	0.000000
300	0.000000
301	0.000000
302	0.000000
303	0.000000
304	0.000000
305	0.000000
306	0.000000
307	0.000000
308	0.000000
309	0.000000
310	0.000000
311	0.000000
312	0.000000
313	0.000000
314	0.000000
315	0.000000
316	0.000000
317	0.000000
318	0.000000
319	0.000000
320	0.000000
321	0.000000
322	0.000000
323	0.000000
324	0.000000
325	0.000000
326	0.000000
327	0.000000
328	0.000000
329	0.000000
330	0.000000
331	0.000000
332	0.000000
333	0.000000
334	0.000000
335	0.000000
336	0.000000
337	0.000000
338	0.000000
339	0.000000
340	0.000000
341	0.000000
342	0.000000
343	0.000000
344	0.000000
345	0.000000
346	0.000000
347	0.000000
348	0.000000
349	0.000000
350	0.000000
351	0.000000
352	0.000000
353	0.000000
354	0.000000
355	0.000000
356	0.000000
357	0.000000
358	0.000000
359	0.000000
360	0.000000
361	0.000000
362	0.000000
363	0.000000
364	0.000000
365	0.000000
366	0.000000
367	0.000000
368	0.000000
369	0.000000
370	0.000000
371	0.000000
372	0.000000
373	0.000000
374	0.000000
375	0.000000
376	0.000000
377	0.000000
378	0.000000
379	0.000000
380	0.000000
381	0.000000
382	0.000000
383	0.000000
384	0.000000
385	0.000000
386	0.000000
387	0.000000
388	0.000000
389	0.000000
390	0.000000
391	0.000000
392	0.000000
393	0.000000
394	0.000000
395	0.000000
396	0.000000
397	0.000000
398	0.000000
399	0.000000
400	0.000000
401	0.000000
402	0.000000
403	0.000000
404	0.000000
405	0.000000
406	0.000000
407	0.000000
408	0.000000
409	0.000000
410	0.000000
411	0.000000
412	0.000000
413	0.000000
414	0.000000
415	0.000000
416	0.000000
417	0.000000
418	0.000000
419	0.000000
420	0.000000
421	0.000000
422	0.000000
423	0.000000
424	0.000000
425	0.000000
426	0.000000
427	0.000000
428	0.000000
429	0.000000
430	0.000000
431	0.000000
432	0.000000
433	0.000000
434	0.000000
435	0.000000
436	0.000000
437	0.000000
438	0.000000
439	0.000000
440	0.000000
441	0.000000
442	0.000000
443	0.000000
444	0.000000
445	0.000000
446	0.000000
447	0.000000
448	0.000000
449	0.000000
450	0.000000
451	0.000000
452	0.000000
453	0.000000
454	0.000000
455	0.000000
456	0.000000
457	0.000000
458	0.000000
459	0.000000
460	0.000000
461	0.000000
462	0.000000
463	0.000001
464	0.000001
465	0.000001
466	0.000001
467	0.000001
468	0.000001
469	0.000001
470	0.000001
471	0.000001
472	0.000002
473	0.000002
474	0.000002
475	0.000002
476	0.000002
477	0.000003
478	0.000003
479	0.000003
480	0.000004
481	0.000004
482	0.000005
483	0.000005
484	0.000006
485	0.000006
486	0.000007
487	0.000008
488	0.000009
489	0.000010
490	0.000011
491	0.000012
492	0.000013
493	0.000015
494	0.000016
495	0.000018
496	0.000020
497	0.000022
498	0.000024
499	0.000026
500	0.000029
501	0.000032
502	0.000035
503	0.000039
504	0.000042
505	0.000047
506	0.000051
507	0.000056
508	0.000062
509	0.000068
510	0.000074
511	0.000081
512	0.000089
513	0.000097
514	0.000106
515	0.000116
516	0.000127
517	0.000139
518	0.000151
519	0.000165
520	0.000180
521	0.000196
522	0.000213
523	0.000232
524	0.000253
525	0.000275
526	0.000299
527	0.000325
528	0.000353
529	0.000383
530	0.000416
531	0.000451
532	0.000489
533	0.000530
534	0.000574
535	0.000621
536	0.000673
537	0.000728
538	0.000787
539	0.000851
540	0.000920
541	0.000994
542	0.001074
543	0.001160
544	0.001251
545	0.001350
546	0.001457
547	0.001571
548	0.001693
549	0.001825
550	0.001966
551	0.002118
552	0.002281
553	0.002456
554	0.002643
555	0.002844
556	0.003060
557	0.003292
558	0.003540
559	0.003807
560	0.004092
561	0.004399
562	0.004728
563	0.005081
564	0.005460
565	0.005866
566	0.006301
567	0.006769
568	0.007270
569	0.007809
570	0.008386
571	0.009006
572	0.009671
573	0.010386
574	0.011152
575	0.011976
576	0.012859
577	0.013808
578	0.014826
579	0.015919
580	0.017093
581	0.018353
582	0.019704
583	0.021155
584	0.022711
585	0.024379
586	0.026167
587	0.028083
588	0.030133
589	0.032327
590	0.034671
591	0.037174
592	0.039843
593	0.042686
594	0.045709
595	0.048918
596	0.052317
597	0.055913
598	0.059705
599	0.063697
600	0.067886
601	0.072271
602	0.076847
603	0.081607
604	0.086541
605	0.091638
606	0.096886
607	0.102268
608	0.107768
609	0.113368
610	0.119047
611	0.124787
612	0.130566
613	0.136365
614	0.142165
615	0.147946
616	0.153692
617	0.159387
618	0.165016
619	0.170568
620	0.176031
621	0.181398
622	0.186660
623	0.191813
624	0.196852
625	0.201776
626	0.206583
627	0.211273
628	0.215846
629	0.220305
630	0.224650
631	0.228884
632	0.233011
633	0.237032
634	0.240953
635	0.244775
636	0.248502
637	0.252137
638	0.255685
639	0.259148
640	0.262529
641	0.265832
642	0.269059
643	0.272213
644	0.275298
645	0.278315
646	0.281268
647	0.284158
648	0.286988
649	0.289760
650	0.292476
651	0.295138
652	0.297748
653	0.300308
654	0.302819
655	0.305283
656	0.307702
657	0.310077
658	0.312409
659	0.314700
660	0.316951
661	0.319163
662	0.321337
663	0.323475
664	0.325577
665	0.327645
666	0.329680
667	0.331681
668	0.333651
669	0.335591
670	0.337500
671	0.339380
672	0.341231
673	0.343055
674	0.344852
675	0.346622
676	0.348366
677	0.350086
678	0.351780
679	0.353451
680	0.355099
681	0.356723
682	0.358326
683	0.359906
684	0.361465
685	0.363003
686	0.364521
687	0.366019
688	0.367497
689	0.368956
690	0.370396
691	0.371817
692	0.373221
693	0.374607
694	0.375976
695	0.377328
696	0.378663
697	0.379981
698	0.381284
699	0.382571
700	0.383842
701	0.385099
702	0.386340
703	0.387567
704	0.388779
705	0.389978
706	0.391162
707	0.392333
708	0.393490
709	0.394635
710	0.395766
711	0.396885
712	0.397991
713	0.399084
714	0.400166
715	0.401236
716	0.402294
717	0.403340
718	0.404375
719	0.405399
720	0.406412
721	0.407414
722	0.408405
723	0.409386
724	0.410356
725	0.411316
726	0.412266
727	0.413206
728	0.414137
729	0.415057
730	0.415968
731	0.416870
732	0.417763
733	0.418646
734	0.419520
735	0.420386
736	0.421242
737	0.422091
738	0.422930
739	0.423761
740	0.424584
741	0.425399
742	0.426205
743	0.427004
744	0.427794
745	0.428577
746	0.429352
747	0.430120
748	0.430880
749	0.431632
750	0.432377
751	0.433115
752	0.433846
753	0.434570
754	0.435287
755	0.435997
756	0.436700
757	0.437396
758	0.438086
759	0.438769
760	0.439446
761	0.440116
762	0.440780
763	0.441437
764	0.442088
765	0.442733
766	0.443372
767	0.444005
768	0.444632
769	0.445254
770	0.445869
771	0.446478
772	0.447082
773	0.447680
774	0.448273
775	0.448860
776	0.449441
777	0.450018
778	0.450588
779	0.451154
780	0.451714
781	0.452269
782	0.452819
783	0.453363
784	0.453903
785	0.454438
786	0.454967
787	0.455492
788	0.456012
789	0.456527
790	0.457038
791	0.457543
792	0.458044
793	0.458540
794	0.459032
795	0.459519
796	0.460002
797	0.460480
798	0.460954
799	0.461423
800	0.461888
801	0.462349
802	0.462805
803	0.463257
804	0.463705
805	0.464149
806	0.464589
807	0.465025
808	0.465456
809	0.465884
810	0.466307
811	0.466727
812	0.467143
813	0.467555
814	0.467963
815	0.468367
816	0.468767
817	0.469164
818	0.469557
819	0.469946
820	0.470331
821	0.470713
822	0.471092
823	0.471466
824	0.471838
825	0.472205
826	0.472570
827	0.472930
828	0.473288
829	0.473642
830	0.473992
831	0.474339
832	0.474683
833	0.475024
834	0.475361
835	0.475695
836	0.476026
837	0.476353
838	0.476678
839	0.476999
840	0.477317
841	0.477632
842	0.477944
843	0.478253
844	0.478559
845	0.478861
846	0.479161
847	0.479458
848	0.479752
849	0.480043
850	0.480331
851	0.480616
852	0.480898
853	0.481178
854	0.481454
855	0.481728
856	0.481999
857	0.482267
858	0.482533
859	0.482796
860	0.483056
861	0.483313
862	0.483568
863	0.483820
864	0.484069
865	0.484316
866	0.484560
867	0.484802
868	0.485041
869	0.485277
870	0.485511
871	0.485742
872	0.485971
873	0.486198
874	0.486422
875	0.486643
876	0.486862
877	0.487079
878	0.487293
879	0.487505
880	0.487714
881	0.487922
882	0.488126
883	0.488329
884	0.488529
885	0.488727
886	0.488922
887	0.489115
888	0.489306
889	0.489495
890	0.489682
891	0.489866
892	0.490048
893	0.490228
894	0.490406
895	0.490581
896	0.490755
897	0.490926
898	0.491095
899	0.491262
900	0.491427
901	0.491590
902	0.491751
903	0.491910
904	0.492066
905	0.492221
906	0.492374
907	0.492524
908	0.492673
909	0.492819
910	0.492964
911	0.493107
912	0.493247
913	0.493386
914	0.493523
915	0.493658
916	0.493791
917	0.493922
918	0.494051
919	0.494179
920	0.494304
921	0.494428
922	0.494549
923	0.494669
924	0.494787
925	0.494904
926	0.495018
927	0.495131
928	0.495242
929	0.495351
930	0.495458
931	0.495563
932	0.495667
933	0.495769
934	0.495870
935	0.495968
936	0.496065
937	0.496160
938	0.496254
939	0.496346
940	0.496436
941	0.496524
942	0.496611
943	0.496696
944	0.496780
945	0.496862
946	0.496942
947	0.497021
948	0.497098
949	0.497173
950	0.497247
951	0.497319
952	0.497390
953	0.497459
954	0.497526
955	0.497592
956	0.497657
957	0.497720
958	0.497781
959	0.497841
960	0.497899
961	0.497956
962	0.498011
963	0.498065
964	0.498118
965	0.498169
966	0.498218
967	0.498266
968	0.498312
969	0.498357
970	0.498401
971	0.498443
972	0.498484
973	0.498523
974	0.498561
975	0.498598
976	0.498633
977	0.498667
978	0.498699
979	0.498730
980	0.498759
981	0.498788
982	0.498814
983	0.498840
984	0.498864
985	0.498887
986	0.498908
987	0.498928
988	0.498947
989	0.498965
990	0.498981
991	0.498996
992	0.499009
993	0.499022
994	0.499033
995	0.499042
996	0.499051
997	0.499058
998	0.499064
999	0.499068
1000	0.499072
1001	0.499074
1002	0.499075
1003	0.499074
1004	0.499073
1005	0.499070
1006	0.499066
1007	0.499061
1008	0.499054
1009	0.499047
1010	0.499038
1011	0.499028
1012	0.499017
1013	0.499004
1014	0.498991
1015	0.498976
1016	0.498960
1017	0.498943
1018	0.498925
1019	0.498905
1020	0.498885
1021	0.498863
1022	0.498840
1023	0.498816
1024	0.498791
1025	0.498765
1026	0.498737
1027	0.498709
1028	0.498679
1029	0.498649
1030	0.498617
1031	0.498584
1032	0.498550
1033	0.498515
1034	0.498479
1035	0.498442
1036	0.498403
1037	0.498364
1038	0.498324
1039	0.498282
1040	0.498240
1041	0.498196
1042	0.498151
1043	0.498106
1044	0.498059
1045	0.498011
1046	0.497962
1047	0.497913
1048	0.497862
1049	0.497810
1050	0.497757
1051	0.497703
1052	0.497648
1053	0.497592
1054	0.497536
1055	0.497478
1056	0.497419
1057	0.497359
1058	0.497298
1059	0.497236
1060	0.497174
1061	0.497110
1062	0.497045
1063	0.496979
1064	0.496913
1065	0.496845
1066	0.496777
1067	0.496707
1068	0.496637
1069	0.496565
1070	0.496493
1071	0.496420
1072	0.496346
1073	0.496270
1074	0.496194
1075	0.496117
1076	0.496040
1077	0.495961
1078	0.495881
1079	0.495800
1080	0.495719
1081	0.495637
1082	0.495553
1083	0.495469
1084	0.495384
1085	0.495298
1086	0.495211
1087	0.495123
1088	0.495035
1089	0.494945
1090	0.494855
1091	0.494764
1092	0.494672
1093	0.494579
1094	0.494485
1095	0.494390
1096	0.494295
1097	0.494198
1098	0.494101
1099	0.494003
1100	0.493904
1101	0.493805
1102	0.493704
1103	0.493603
1104	0.493501
1105	0.493398
1106	0.493294
1107	0.493189
1108	0.493084
1109	0.492977
1110	0.492870
1111	0.492762
1112	0.492654
1113	0.492544
1114	0.492434
1115	0.492323
1116	0.492211
1117	0.492098
1118	0.491985
1119	0.491871
1120	0.491756
1121	0.491640
1122	0.491523
1123	0.491406
1124	0.491288
1125	0.491169
1126	0.491049
1127	0.490929
1128	0.490808
1129	0.490686
1130	0.490563
1131	0.490440
1132	0.490315
1133	0.490191
1134	0.490065
1135	0.489938
1136	0.489811
1137	0.489683
1138	0.489555
1139	0.489425
1140	0.489295
1141	0.489165
1142	0.489033
1143	0.488901
1144	0.488768
1145	0.488634
1146	0.488500
1147	0.488365
1148	0.488229
1149	0.488092
1150	0.487955
1151	0.487817
1152	0.487679
1153	0.487539
1154	0.487399
1155	0.487258
1156	0.487117
1157	0.486975
1158	0.486832
1159	0.486689
1160	0.486545
1161	0.486400
1162	0.486254
1163	0.486108
1164	0.485961
1165	0.485814
1166	0.485665
1167	0.485517
1168	0.485367
1169	0.485217
1170	0.485066
1171	0.484915
1172	0.484762
1173	0.484610
1174	0.484456
1175	0.484302
1176	0.484147
1177	0.483992
1178	0.483836
1179	0.483679
1180	0.483522
1181	0.483364
1182	0.483205
1183	0.483046
1184	0.482886
1185	0.482726
1186	0.482564
1187	0.482403
1188	0.482240
1189	0.482077
1190	0.481914
1191	0.481749
1192	0.481585
1193	0.481419
1194	0.481253
1195	0.481086
1196	0.480919
1197	0.480751
1198	0.480583
1199	0.480414
1200	0.480244
1201	0.480074
1202	0.479903
1203	0.479731
1204	0.479559
1205	0.479386
1206	0.479213
1207	0.479039
1208	0.478865
1209	0.478690
1210	0.478514
1211	0.478338
1212	0.478161
1213	0.477984
1214	0.477806
1215	0.477627
1216	0.477448
1217	0.477269
1218	0.477088
1219	0.476908
1220	0.476726
1221	0.476544
1222	0.476362
1223	0.476179
1224	0.475995
1225	0.475811
1226	0.475626
1227	0.475441
1228	0.475255
1229	0.475069
1230	0.474882
1231	0.474695
1232	0.474507
1233	0.474318
1234	0.474129
1235	0.473939
1236	0.473749
1237	0.473558
1238	0.473367
1239	0.473175
1240	0.472983
1241	0.472790
1242	0.472597
1243	0.472403
1244	0.472208
1245	0.472013
1246	0.471818
1247	0.471622
1248	0.471425
1249	0.471228
1250	0.471031
1251	0.470833
1252	0.470634
1253	0.470435
1254	0.470235
1255	0.470035
1256	0.469835
1257	0.469634
1258	0.469432
1259	0.469230
1260	0.469027
1261	0.468824
1262	0.468620
1263	0.468416
1264	0.468211
1265	0.468006
1266	0.467801
1267	0.467594
1268	0.467388
1269	0.467181
1270	0.466973
1271	0.466765
1272	0.466556
1273	0.466347
1274	0.466138
1275	0.465928
1276	0.465717
1277	0.465506
1278	0.465295
1279	0.465083
1280	0.464870
1281	0.464657
1282	0.464444
1283	0.464230
1284	0.464016
1285	0.463801
1286	0.463586
1287	0.463370
1288	0.463154
1289	0.462937
1290	0.462720
1291	0.462502
1292	0.462284
1293	0.462066
1294	0.461847
1295	0.461627
1296	0.461408
1297	0.461187
1298	0.460966
1299	0.460745
1300	0.460524
1301	0.460301
1302	0.460079
1303	0.459856
1304	0.459632
1305	0.459408
1306	0.459184
1307	0.458959
1308	0.458734
1309	0.458508
1310	0.458282
1311	0.458056
1312	0.457829
1313	0.457601
1314	0.457373
1315	0.457145
1316	0.456916
1317	0.456687
1318	0.456457
1319	0.456227
1320	0.455997
1321	0.455766
1322	0.455535
1323	0.455303
1324	0.455071
1325	0.454838
1326	0.454605
1327	0.454372
1328	0.454138
1329	0.453904
1330	0.453669
1331	0.453434
1332	0.453198
1333	0.452963
1334	0.452726
1335	0.452489
1336	0.452252
1337	0.452015
1338	0.451777
1339	0.451538
1340	0.451300
1341	0.451060
1342	0.450821
1343	0.450581
1344	0.450341
1345	0.450100
1346	0.449859
1347	0.449617
1348	0.449375
1349	0.449133
1350	0.448890
1351	0.448647
1352	0.448403
1353	0.448159
1354	0.447915
1355	0.447670
1356	0.447425
1357	0.447179
1358	0.446934
1359	0.446687
1360	0.446441
1361	0.446193
1362	0.445946
1363	0.445698
1364	0.445450
1365	0.445201
1366	0.444952
1367	0.444703
1368	0.444453
1369	0.444203
1370	0.443953
1371	0.443702
1372	0.443451
1373	0.443199
1374	0.442947
1375	0.442695
1376	0.442442
1377	0.442189
1378	0.441936
1379	0.441682
1380	0.441428
1381	0.441173
1382	0.440918
1383	0.440663
1384	0.440407
1385	0.440151
1386	0.439895
1387	0.439638
1388	0.439381
1389	0.439124
1390	0.438866
1391	0.438608
1392	0.438349
1393	0.438090
1394	0.437831
1395	0.437571
1396	0.437311
1397	0.437051
1398	0.436791
1399	0.436530
1400	0.436268
1401	0.436007
1402	0.435745
1403	0.435482
1404	0.435219
1405	0.434956
1406	0.434693
1407	0.434429
1408	0.434165
1409	0.433901
1410	0.433636
1411	0.433371
1412	0.433105
1413	0.432840
1414	0.432573
1415	0.432307
1416	0.432040
1417	0.431773
1418	0.431506
1419	0.431238
1420	0.430970
1421	0.430701
1422	0.430432
1423	0.430163
1424	0.429894
1425	0.429624
1426	0.429354
1427	0.429083
1428	0.428813
1429	0.428542
1430	0.428270
1431	0.427998
1432	0.427726
1433	0.427454
1434	0.427181
1435	0.426908
1436	0.426635
1437	0.426361
1438	0.426087
1439	0.425813
1440	0.425538
1441	0.425263
1442	0.424988
1443	0.424712
1444	0.424436
1445	0.424160
1446	0.423884
1447	0.423607
1448	0.423330
1449	0.423052
1450	0.422775
1451	0.422497
1452	0.422218
1453	0.421939
1454	0.421660
1455	0.421381
1456	0.421102
1457	0.420822
1458	0.420541
1459	0.420261
1460	0.419980
1461	0.419699
1462	0.419418
1463	0.419136
1464	0.418854
1465	0.418571
1466	0.418289
1467	0.418006
1468	0.417723
1469	0.417439
1470	0.417155
1471	0.416871
1472	0.416587
1473	0.416302
1474	0.416017
1475	0.415732
1476	0.415446
1477	0.415160
1478	0.414874
1479	0.414588
1480	0.414301
1481	0.414014
1482	0.413727
1483	0.413439
1484	0.413151
1485	0.412863
1486	0.412575
1487	0.412286
1488	0.411997
1489	0.411708
1490	0.411418
1491	0.411128
1492	0.410838
1493	0.410548
1494	0.410257
1495	0.409966
1496	0.409675
1497	0.409383
1498	0.409091
1499	0.408799
1500	0.408507
1501	0.408214
1502	0.407921
1503	0.407628
1504	0.407334
1505	0.407041
1506	0.406747
1507	0.406452
1508	0.406158
1509	0.405863
1510	0.405568
1511	0.405272
1512	0.404977
1513	0.404681
1514	0.404385
1515	0.404088
1516	0.403792
1517	0.403495
1518	0.403197
1519	0.402900
1520	0.402602
1521	0.402304
1522	0.402006
1523	0.401707
1524	0.401408
1525	0.401109
1526	0.400810
1527	0.400510
1528	0.400210
1529	0.399910
1530	0.399610
1531	0.399309
1532	0.399008
1533	0.398707
1534	0.398406
1535	0.398104
1536	0.397802
1537	0.397500
1538	0.397197
1539	0.396895
1540	0.396592
1541	0.396289
1542	0.395985
1543	0.395681
1544	0.395377
1545	0.395073
1546	0.394769
1547	0.394464
1548	0.394159
1549	0.393854
1550	0.393548
1551	0.393243
1552	0.392937
1553	0.392631
1554	0.392324
1555	0.392018
1556	0.391711
1557	0.391403
1558	0.391096
1559	0.390788
1560	0.390481
1561	0.390172
1562	0.389864
1563	0.389555
1564	0.389247
1565	0.388937
1566	0.388628
1567	0.388319
1568	0.388009
1569	0.387699
1570	0.387388
1571	0.387078
1572	0.386767
1573	0.386456
1574	0.386145
1575	0.385833
1576	0.385522
1577	0.385210
1578	0.384898
1579	0.384585
1580	0.384273
1581	0.383960
1582	0.383647
1583	0.383333
1584	0.383020
1585	0.382706
1586	0.382392
1587	0.382078
1588	0.381763
1589	0.381449
1590	0.381134
1591	0.380819
1592	0.380503
1593	0.380188
1594	0.379872
1595	0.379556
1596	0.379240
1597	0.378923
1598	0.378606
1599	0.378289
1600	0.377972
1601	0.377655
1602	0.377337
1603	0.377020
1604	0.376701
1605	0.376383
1606	0.376065
1607	0.375746
1608	0.375427
1609	0.375108
1610	0.374789
1611	0.374469
1612	0.374149
1613	0.373829
1614	0.373509
1615	0.373189
1616	0.372868
1617	0.372547
1618	0.372226
1619	0.371905
1620	0.371583
1621	0.371262
1622	0.370940
1623	0.370617
1624	0.370295
1625	0.369973
1626	0.369650
1627	0.369327
1628	0.369004
1629	0.368680
1630	0.368357
1631	0.368033
1632	0.367709
1633	0.367385
1634	0.367060
1635	0.366735
1636	0.366411
1637	0.366086
1638	0.365760
1639	0.365435
1640	0.365109
1641	0.364783
1642	0.364457
1643	0.364131
1644	0.363804
1645	0.363478
1646	0.363151
1647	0.362824
1648	0.362497
1649	0.362169
1650	0.361841
1651	0.361513
1652	0.361185
1653	0.360857
1654	0.360529
1655	0.360200
1656	0.359871
1657	0.359542
1658	0.359213
1659	0.358883
1660	0.358554
1661	0.358224
1662	0.357894
1663	0.357563
1664	0.357233
1665	0.356902
1666	0.356572
1667	0.356241
1668	0.355909
1669	0.355578
1670	0.355246
1671	0.354915
1672	0.354583
1673	0.354250
1674	0.353918
1675	0.353586
1676	0.353253
1677	0.352920
1678	0.352587
1679	0.352253
1680	0.351920
1681	0.351586
1682	0.351252
1683	0.350918
1684	0.350584
1685	0.350250
1686	0.349915
1687	0.349580
1688	0.349245
1689	0.348910
1690	0.348575
1691	0.348239
1692	0.347904
1693	0.347568
1694	0.347232
1695	0.346895
1696	0.346559
1697	0.346222
1698	0.345885
1699	0.345548
1700	0.345211
1701	0.344874
1702	0.344536
1703	0.344199
1704	0.343861
1705	0.343523
1706	0.343185
1707	0.342846
1708	0.342508
1709	0.342169
1710	0.341830
1711	0.341491
1712	0.341151
1713	0.340812
1714	0.340472
1715	0.340132
1716	0.339792
1717	0.339452
1718	0.339112
1719	0.338771
1720	0.338431
1721	0.338090
1722	0.337749
1723	0.337408
1724	0.337066
1725	0.336725
1726	0.336383
1727	0.336041
1728	0.335699
1729	0.335357
1730	0.335014
1731	0.334672
1732	0.334329
1733	0.333986
1734	0.333643
1735	0.333300
1736	0.332956
1737	0.332613
1738	0.332269
1739	0.331925
1740	0.331581
1741	0.331237
1742	0.330892
1743	0.330548
1744	0.330203
1745	0.329858
1746	0.329513
1747	0.329168
1748	0.328823
1749	0.328477
1750	0.328131
1751	0.327785
1752	0.327439
1753	0.327093
1754	0.326747
1755	0.326400
1756	0.326054
1757	0.325707
1758	0.325360
1759	0.325013
1760	0.324665
1761	0.324318
1762	0.323970
1763	0.323622
1764	0.323274
1765	0.322926
1766	0.322578
1767	0.322230
1768	0.321881
1769	0.321532
1770	0.321183
1771	0.320834
1772	0.320485
1773	0.320136
1774	0.319786
1775	0.319437
1776	0.319087
1777	0.318737
1778	0.318387
1779	0.318036
1780	0.317686
1781	0.317335
1782	0.316985
1783	0.316634
1784	0.316283
1785	0.315931
1786	0.315580
1787	0.315229
1788	0.314877
1789	0.314525
1790	0.314173
1791	0.313821
1792	0.313469
1793	0.313116
1794	0.312764
1795	0.312411
1796	0.312058
1797	0.311705
1798	0.311352
1799	0.310999
1800	0.310645
1801	0.310292
1802	0.309938
1803	0.309584
1804	0.309230
1805	0.308876
1806	0.308522
1807	0.308167
1808	0.307813
1809	0.307458
1810	0.307103
1811	0.306748
1812	0.306393
1813	0.306038
1814	0.305682
1815	0.305327
1816	0.304971
1817	0.304615
1818	0.304259
1819	0.303903
1820	0.303547
1821	0.303190
1822	0.302833
1823	0.302477
1824	0.302120
1825	0.301763
1826	0.301406
1827	0.301048
1828	0.300691
1829	0.300334
1830	0.299976
1831	0.299618
1832	0.299260
1833	0.298902
1834	0.298544
1835	0.298185
1836	0.297827
1837	0.297468
1838	0.297109
1839	0.296750
1840	0.296391
1841	0.296032
1842	0.295673
1843	0.295313
1844	0.294954
1845	0.294594
1846	0.294234
1847	0.293874
1848	0.293514
1849	0.293154
1850	0.292793
1851	0.292433
1852	0.292072
1853	0.291711
1854	0.291351
1855	0.290989
1856	0.290628
1857	0.290267
1858	0.289906
1859	0.289544
1860	0.289182
1861	0.288820
1862	0.288458
1863	0.288096
1864	0.287734
1865	0.287372
1866	0.287009
1867	0.286647
1868	0.286284
1869	0.285921
1870	0.285558
1871	0.285195
1872	0.284832
1873	0.284468
1874	0.284105
1875	0.283741
1876	0.283378
1877	0.283014
1878	0.282650
1879	0.282286
1880	0.281921
1881	0.281557
1882	0.281193
1883	0.280828
1884	0.280463
1885	0.280098
1886	0.279733
1887	0.279368
1888	0.279003
1889	0.278638
1890	0.278272
1891	0.277907
1892	0.277541
1893	0.277175
1894	0.276809
1895	0.276443
1896	0.276077
1897	0.275711
1898	0.275344
1899	0.274978
1900	0.274611
1901	0.274244
1902	0.273877
1903	0.273510
1904	0.273143
1905	0.272776
1906	0.272408
1907	0.272041
1908	0.271673
1909	0.271306
1910	0.270938
1911	0.270570
1912	0.270202
1913	0.269834
1914	0.269465
1915	0.269097
1916	0.268728
1917	0.268360
1918	0.267991
1919	0.267622
1920	0.267253
1921	0.266884
1922	0.266515
1923	0.266145
1924	0.265776
1925	0.265406
1926	0.265036
1927	0.264667
1928	0.264297
1929	0.263927
1930	0.263557
1931	0.263186
1932	0.262816
1933	0.262446
1934	0.262075
1935	0.261704
1936	0.261333
1937	0.260963
1938	0.260592
1939	0.260220
1940	0.259849
1941	0.259478
1942	0.259106
1943	0.258735
1944	0.258363
1945	0.257991
1946	0.257619
1947	0.257247
1948	0.256875
1949	0.256503
1950	0.256131
1951	0.255758
1952	0.255386
1953	0.255013
1954	0.254640
1955	0.254268
1956	0.253895
1957	0.253522
1958	0.253148
1959	0.252775
1960	0.252402
1961	0.252028
1962	0.251655
1963	0.251281
1964	0.250907
1965	0.250533
1966	0.250159
1967	0.249785
1968	0.249411
1969	0.249037
1970	0.248662
1971	0.248288
1972	0.247913
1973	0.247538
1974	0.247164
1975	0.246789
1976	0.246414
1977	0.246038
1978	0.245663
1979	0.245288
1980	0.244912
1981	0.244537
1982	0.244161
1983	0.243786
1984	0.243410
1985	0.243034
1986	0.242658
1987	0.242282
1988	0.241905
1989	0.241529
1990	0.241153
1991	0.240776
1992	0.240399
1993	0.240023
1994	0.239646
1995	0.239269
1996	0.238892
1997	0.238515
1998	0.238138
1999	0.237760
2000	0.237383
2001	0.237006
2002	0.236628
2003	0.236250
2004	0.235872
2005	0.235495
2006	0.235117
2007	0.234739
2008	0.234360
2009	0.233982
2010	0.233604
2011	0.233225
2012	0.232847
2013	0.232468
2014	0.232089
2015	0.231711
2016	0.231332
2017	0.230953
2018	0.230574
2019	0.230194
2020	0.229815
2021	0.229436
2022	0.229056
2023	0.228677
2024	0.228297
2025	0.227917
2026	0.227538
2027	0.227158
2028	0.226778
2029	0.226398
2030	0.226017
2031	0.225637
2032	0.225257
2033	0.224876
2034	0.224496
2035	0.224115
2036	0.223734
2037	0.223354
2038	0.222973
2039	0.222592
2040	0.222211
2041	0.221830
2042	0.221448
2043	0.221067
2044	0.220686
2045	0.220304
2046	0.219922
2047	0.219541
2048	0.219159
2049	0.218777
2050	0.218395
2051	0.218013
2052	0.217631
2053	0.217249
2054	0.216867
2055	0.216484
2056	0.216102
2057	0.215719
2058	0.215337
2059	0.214954
2060	0.214571
2061	0.214188
2062	0.213805
2063	0.213422
2064	0.213039
2065	0.212656
2066	0.212273
2067	0.211889
2068	0.211506
2069	0.211122
2070	0.210739
2071	0.210355
2072	0.209971
2073	0.209587
2074	0.209203
2075	0.208819
2076	0.208435
2077	0.208051
2078	0.207667
2079	0.207282
2080	0.206898
2081	0.206514
2082	0.206129
2083	0.205744
2084	0.205360
2085	0.204975
2086	0.204590
2087	0.204205
2088	0.203820
2089	0.203435
2090	0.203049
2091	0.202664
2092	0.202279
2093	0.201893
2094	0.201508
2095	0.201122
2096	0.200737
2097	0.200351
2098	0.199965
2099	0.199579
2100	0.199193
2101	0.198807
2102	0.198421
2103	0.198035
2104	0.197648
2105	0.197262
2106	0.196876
2107	0.196489
2108	0.196102
2109	0.195716
2110	0.195329
2111	0.194942
2112	0.194555
2113	0.194168
2114	0.193781
2115	0.193394
2116	0.193007
2117	0.192620
2118	0.192233
2119	0.191845
2120	0.191458
2121	0.191070
2122	0.190683
2123	0.190295
2124	0.189907
2125	0.189519
2126	0.189131
2127	0.188743
2128	0.188355
2129	0.187967
2130	0.187579
2131	0.187191
2132	0.186802
2133	0.186414
2134	0.186026
2135	0.185637
2136	0.185248
2137	0.184860
2138	0.184471
2139	0.184082
2140	0.183693
2141	0.183304
2142	0.182915
2143	0.182526
2144	0.182137
2145	0.181748
2146	0.181359
2147	0.180969
2148	0.180580
2149	0.180190
2150	0.179801
2151	0.179411
2152	0.179021
2153	0.178632
2154	0.178242
2155	0.177852
2156	0.177462
2157	0.177072
2158	0.176682
2159	0.176292
2160	0.175901
2161	0.175511
2162	0.175121
2163	0.174730
2164	0.174340
2165	0.173949
2166	0.173559
2167	0.173168
2168	0.172777
2169	0.172386
2170	0.171996
2171	0.171605
2172	0.171214
2173	0.170823
2174	0.170431
2175	0.170040
2176	0.169649
2177	0.169258
2178	0.168866
2179	0.168475
2180	0.168083
2181	0.167692
2182	0.167300
2183	0.166909
2184	0.166517
2185	0.166125
2186	0.165733
2187	0.165341
2188	0.164949
2189	0.164557
2190	0.164165
2191	0.163773
2192	0.163381
2193	0.162988
2194	0.162596
2195	0.162204
2196	0.161811
2197	0.161419
2198	0.161026
2199	0.160633
2200	0.160241
2201	0.159848
2202	0.159455
2203	0.159062
2204	0.158669
2205	0.158276
2206	0.157883
2207	0.157490
2208	0.157097
2209	0.156704
2210	0.156310
2211	0.155917
2212	0.155524
2213	0.155130
2214	0.154737
2215	0.154343
2216	0.153950
2217	0.153556
2218	0.153162
2219	0.152768
2220	0.152375
2221	0.151981
2222	0.151587
2223	0.151193
2224	0.150799
2225	0.150404
2226	0.150010
2227	0.149616
2228	0.149222
2229	0.148827
2230	0.148433
2231	0.148039
2232	0.147644
2233	0.147250
2234	0.146855
2235	0.146460
2236	0.146066
2237	0.145671
2238	0.145276
2239	0.144881
2240	0.144486
2241	0.144091
2242	0.143696
2243	0.143301
2244	0.142906
2245	0.142511
2246	0.142116
2247	0.141720
2248	0.141325
2249	0.140930
2250	0.140534
2251	0.140139
2252	0.139743
2253	0.139348
2254	0.138952
2255	0.138556
2256	0.138161
2257	0.137765
2258	0.137369
2259	0.136973
2260	0.136577
2261	0.136181
2262	0.135785
2263	0.135389
2264	0.134993
2265	0.134597
2266	0.134201
2267	0.133804
2268	0.133408
2269	0.133012
2270	0.132615
2271	0.132219
2272	0.131822
2273	0.131426
2274	0.131029
2275	0.130633
2276	0.130236
2277	0.129839
2278	0.129442
2279	0.129046
2280	0.128649
2281	0.128252
2282	0.127855
2283	0.127458
2284	0.127061
2285	0.126664
2286	0.126267
2287	0.125869
2288	0.125472
2289	0.125075
2290	0.124678
2291	0.124280
2292	0.123883
2293	0.123485
2294	0.123088
2295	0.122690
2296	0.122293
2297	0.121895
2298	0.121497
2299	0.121100
2300	0.120702
2301	0.120304
2302	0.119906
2303	0.119508
2304	0.119110
2305	0.118712
2306	0.118314
2307	0.117916
2308	0.117518
2309	0.117120
2310	0.116722
2311	0.116324
2312	0.115926
2313	0.115527
2314	0.115129
2315	0.114731
2316	0.114332
2317	0.113934
2318	0.113535
2319	0.113137
2320	0.112738
2321	0.112339
2322	0.111941
2323	0.111542
2324	0.111143
2325	0.110745
2326	0.110346
2327	0.109947
2328	0.109548
2329	0.109149
2330	0.108750
2331	0.108351
2332	0.107952
2333	0.107553
2334	0.107154
2335	0.106755
2336	0.106355
2337	0.105956
2338	0.105557
2339	0.105158
2340	0.104758
2341	0.104359
2342	0.103960
2343	0.103560
2344	0.103161
2345	0.102761
2346	0.102362
2347	0.101962
2348	0.101562
2349	0.101163
2350	0.100763
2351	0.100363
2352	0.099963
2353	0.099564
2354	0.099164
2355	0.098764
2356	0.098364
2357	0.097964
2358	0.097564
2359	0.097164
2360	0.096764
2361	0.096364
2362	0.095964
2363	0.095564
2364	0.095163
2365	0.094763
2366	0.094363
2367	0.093963
2368	0.093562
2369	0.093162
2370	0.092762
2371	0.092361
2372	0.091961
2373	0.091560
2374	0.091160
2375	0.090759
2376	0.090359
2377	0.089958
2378	0.089558
2379	0.089157
2380	0.088756
2381	0.088356
2382	0.087955
2383	0.087554
2384	0.087153
2385	0.086752
2386	0.086351
2387	0.085951
2388	0.085550
2389	0.085149
2390	0.084748
2391	0.084347
2392	0.083946
2393	0.083545
2394	0.083143
2395	0.082742
2396	0.082341
2397	0.081940
2398	0.081539
2399	0.081137
2400	0.080736
2401	0.080335
2402	0.079934
2403	0.079532
2404	0.079131
2405	0.078729
2406	0.078328
2407	0.077927
2408	0.077525
2409	0.077124
2410	0.076722
2411	0.076321
2412	0.075919
2413	0.075517
2414	0.075116
2415	0.074714
2416	0.074312
2417	0.073911
2418	0.073509
2419	0.073107
2420	0.072705
2421	0.072304
2422	0.071902
2423	0.071500
2424	0.071098
2425	0.070696
2426	0.070294
2427	0.069892
2428	0.069490
2429	0.069089
2430	0.068687
2431	0.068285
2432	0.067883
2433	0.067481
2434	0.067079
2435	0.066677
2436	0.066274
2437	0.065872
2438	0.065470
2439	0.065068
2440	0.064666
2441	0.064264
2442	0.063862
2443	0.063460
2444	0.063057
2445	0.062655
2446	0.062253
2447	0.061851
2448	0.061449
2449	0.061047
2450	0.060644
2451	0.060242
2452	0.059840
2453	0.059438
2454	0.059036
2455	0.058634
2456	0.058231
2457	0.057829
2458	0.057427
2459	0.057025
2460	0.056623
2461	0.056221
2462	0.055819
2463	0.055417
2464	0.055015
2465	0.054613
2466	0.054211
2467	0.053809
2468	0.053407
2469	0.053006
2470	0.052603
2471	0.052202
2472	0.051800
2473	0.051399
2474	0.050997
2475	0.050596
2476	0.050194
2477	0.049793
2478	0.049391
2479	0.048991
2480	0.048589
2481	0.048189
2482	0.047787
2483	0.047387
2484	0.046985
2485	0.046586
2486	0.046184
2487	0.045785
2488	0.045384
2489	0.044985
2490	0.044584
2491	0.044185
2492	0.043785
2493	0.043387
2494	0.042986
2495	0.042589
2496	0.042189
2497	0.041791
2498	0.041392
2499	0.040995
2500	0.040596
2501	0.040200
2502	0.039801
2503	0.039406
2504	0.039008
2505	0.038613
2506	0.038215
2507	0.037822
2508	0.037424
2509	0.037032
2510	0.036635
2511	0.036243
2512	0.035847
2513	0.035456
2514	0.035061
2515	0.034672
2516	0.034278
2517	0.033889
2518	0.033496
2519	0.033109
2520	0.032716
2521	0.032330
2522	0.031939
2523	0.031555
2524	0.031165
2525	0.030782
2526	0.030393
2527	0.030012
2528	0.029625
2529	0.029246
2530	0.028860
2531	0.028483
2532	0.028099
2533	0.027723
2534	0.027341
2535	0.026968
2536	0.026587
2537	0.026217
2538	0.025838
2539	0.025470
2540	0.025093
2541	0.024728
2542	0.024354
2543	0.023991
2544	0.023619
2545	0.023260
2546	0.022890
2547	0.022534
2548	0.022167
2549	0.021814
2550	0.021451
2551	0.021101
2552	0.020741
2553	0.020394
2554	0.020038
2555	0.019695
2556	0.019342
2557	0.019003
2558	0.018654
2559	0.018319
2560	0.017974
2561	0.017644
2562	0.017302
2563	0.016977
2564	0.016640
2565	0.016319
2566	0.015987
2567	0.015671
2568	0.015344
2569	0.015033
2570	0.014710
2571	0.014405
2572	0.014088
2573	0.013788
2574	0.013476
2575	0.013183
2576	0.012877
2577	0.012589
2578	0.012288
2579	0.012007
2580	0.011713
2581	0.011437
2582	0.011149
2583	0.010881
2584	0.010599
2585	0.010337
2586	0.010063
2587	0.009807
2588	0.009540
2589	0.009291
2590	0.009031
2591	0.008790
2592	0.008537
2593	0.008303
2594	0.008057
2595	0.007831
2596	0.007593
2597	0.007374
2598	0.007144
2599	0.006932
2600	0.006710
2601	0.006506
2602	0.006292
2603	0.006095
2604	0.005889
2605	0.005701
2606	0.005503
2607	0.005322
2608	0.005132
2609	0.004959
2610	0.004778
2611	0.004613
2612	0.004439
2613	0.004282
2614	0.004116
2615	0.003967
2616	0.003810
2617	0.003668
2618	0.003518
2619	0.003384
2620	0.003243
2621	0.003116
2622	0.002982
2623	0.002862
2624	0.002736
2625	0.002624
2626	0.002506
2627	0.002400
2628	0.002289
2629	0.002190
2630	0.002086
2631	0.001994
2632	0.001897
2633	0.001811
2634	0.001721
2635	0.001641
2636	0.001557
2637	0.001483
2638	0.001406
2639	0.001337
2640	0.001266
2641	0.001203
2642	0.001137
2643	0.001079
2644	0.001019
2645	0.000966
2646	0.000910
2647	0.000862
2648	0.000811
2649	0.000767
2650	0.000721
2651	0.000681
2652	0.000639
2653	0.000603
2654	0.000565
2655	0.000533
2656	0.000498
2657	0.000469
2658	0.000438
2659	0.000412
2660	0.000384
2661	0.000361
2662	0.000336
2663	0.000315
2664	0.000293
2665	0.000274
2666	0.000255
2667	0.000238
2668	0.000221
2669	0.000206
2670	0.000191
2671	0.000178
2672	0.000165
2673	0.000153
2674	0.000141
2675	0.000131
2676	0.000121
2677	0.000112
2678	0.000104
2679	0.000096
2680	0.000088
2681	0.000082
2682	0.000075
2683	0.000069
2684	0.000063
2685	0.000059
2686	0.000054
2687	0.000049
2688	0.000045
2689	0.000041
2690	0.000038
2691	0.000035
2692	0.000032
2693	0.000029
2694	0.000026
2695	0.000024
2696	0.000022
2697	0.000020
2698	0.000018
2699	0.000017
2700	0.000015
2701	0.000014
2702	0.000012
2703	0.000011
2704	0.000010
2705	0.000009
2706	0.000008
2707	0.000008
2708	0.000007
2709	0.000006
2710	0.000006
2711	0.000005
2712	0.000004
2713	0.000004
2714	0.000004
2715	0.000003
2716	0.000003
2717	0.000003
2718	0.000002
2719	0.000002
2720	0.000002
2721	0.000002
2722	0.000001
2723	0.000001
2724	0.000001
2725	0.000001
2726	0.000001
2727	0.000001
2728	0.000001
2729	0.000001
2730	0.000001
2731	0.000001
2732	0.000000
2733	0.000000
2734	0.000000
2735	0.000000
2736	0.000000
2737	0.000000
2738	0.000000
2739	0.000000
2740	0.000000
2741	0.000000
2742	0.000000
2743	0.000000
2744	0.000000
2745	0.000000
2746	0.000000
2747	0.000000
2748	0.000000
2749	0.000000
2750	0.000000
2751	0.000000
2752	0.000000
2753	0.000000
2754	0.000000
2755	0.000000
2756	0.000000
2757	0.000000
2758	0.000000
2759	0.000000
2760	0.000000
2761	0.000000
2762	0.000000
2763	0.000000
2764	0.000000
2765	0.000000
2766	0.000000
2767	0.000000
2768	0.000000
2769	0.000000
2770	0.000000
2771	0.000000
2772	0.000000
2773	0.000000
2774	0.000000
2775	0.000000
2776	0.000000
2777	0.000000
2778	0.000000
2779	0.000000
2780	0.000000
2781	0.000000
2782	0.000000
2783	0.000000
2784	0.000000
2785	0.000000
2786	0.000000
2787	0.000000
2788	0.000000
2789	0.000000
2790	0.000000
2791	0.000000
2792	0.000000
2793	0.000000
2794	0.000000
2795	0.000000
2796	0.000000
2797	0.000000
2798	0.000000
2799	0.000000
2800	0.000000
2801	0.000000
2802	0.000000
2803	0.000000
2804	0.000000
2805	0.000000
2806	0.000000
2807	0.000000
2808	0.000000
2809	0.000000
2810	0.000000
2811	0.000000
2812	0.000000
2813	0.000000
2814	0.000000
2815	0.000000
2816	0.000000
2817	0.000000
2818	0.000000
2819	0.000000
2820	0.000000
2821	0.000000
2822	0.000000
2823	0.000000
2824	0.000000
2825	0.000000
2826	0.000000
2827	0.000000
2828	0.000000
2829	0.000000
2830	0.000000
2831	0.000000
2832	0.000000
2833	0.000000
2834	0.000000
2835	0.000000
2836	0.000000
2837	0.000000
2838	0.000000
2839	0.000000
2840	0.000000
2841	0.000000
2842	0.000000
2843	0.000000
2844	0.000000
2845	0.000000
2846	0.000000
2847	0.000000
2848	0.000000
2849	0.000000
2850	0.000000
2851	0.000000
2852	0.000000
2853	0.000000
2854	0.000000
2855	0.000000
2856	0.000000
2857	0.000000
2858	0.000000
2859	0.000000
2860	0.000000
2861	0.000000
2862	0.000000
2863	0.000000
2864	0.000000
2865	0.000000
2866	0.000000
2867	0.000000
2868	0.000000
2869	0.000000
2870	0.000000
2871	0.000000
2872	0.000000
2873	0.000000
2874	0.000000
2875	0.000000
2876	0.000000
2877	0.000000
2878	0.000000
2879	0.000000
2880	0.000000
2881	0.000000
2882	0.000000
2883	0.000000
2884	0.000000
2885	0.000000
2886	0.000000
2887	0.000000
2888	0.000000
2889	0.000000
2890	0.000000
2891	0.000000
2892	0.000000
2893	0.000000
2894	0.000000
2895	0.000000
2896	0.000000
2897	0.000000
2898	0.000000
2899	0.000000
2900	0.000000
2901	0.000000
2902	0.000000
2903	0.000000
2904	0.000000
2905	0.000000
2906	0.000000
2907	0.000000
2908	0.000000
2909	0.000000
2910	0.000000
2911	0.000000
2912	0.000000
2913	0.000000
2914	0.000000
2915	0.000000
2916	0.000000
2917	0.000000
2918	0.000000
2919	0.000000
2920	0.000000
2921	0.000000
2922	0.000000
2923	0.000000
2924	0.000000
2925	0.000000
2926	0.000000
2927	0.000000
2928	0.000000
2929	0.000000
2930	0.000000
2931	0.000000
2932	0.000000
2933	0.000000
2934	0.000000
2935	0.000000
2936	0.000000
2937	0.000000
2938	0.000000
2939	0.000000
2940	0.000000
2941	0.000000
2942	0.000000
2943	0.000000
2944	0.000000
2945	0.000000
2946	0.000000
2947	0.000000
2948	0.000000
2949	0.000000
2950	0.000000
2951	0.000000
2952	0.000000
2953	0.000000
2954	0.000000
2955	0.000000
2956	0.000000
2957	0.000000
2958	0.000000
2959	0.000000
2960	0.000000
2961	0.000000
2962	0.000000
2963	0.000000
2964	0.000000
2965	0.000000
2966	0.000000
2967	0.000000
2968	0.000000
2969	0.000000
2970	0.000000
2971	0.000000
2972	0.000000
2973	0.000000
2974	0.000000
2975	0.000000
2976	0.000000
2977	0.000000
2978	0.000000
2979	0.000000
2980	0.000000
2981	0.000000
2982	0.000000
2983	0.000000
2984	0.000000
2985	0.000000
2986	0.000000
2987	0.000000
2988	0.000000
2989	0.000000
2990	0.000000
2991	0.000000
2992	0.000000
2993	0.000000
2994	0.000000
2995	0.000000
2996	0.000000
2997	0.000000
2998	0.000000
2999	0.000000
3000	0.000000
3001	0.000000
3002	0.000000
3003	0.000000
3004	0.000000
3005	0.000000
3006	0.000000
3007	0.000000
3008	0.000000
3009	0.000000
3010	0.000000
3011	0.000000
3012	0.000000
3013	0.000000
3014	0.000000
3015	0.000000
3016	0.000000
3017	0.000000
3018	0.000000
3019	0.000000
3020	0.000000
3021	0.000000
3022	0.000000
3023	0.000000
3024	0.000000
3025	0.000000
3026	0.000000
3027	0.000000
3028	0.000000
3029	0.000000
3030	0.000000
3031	0.000000
3032	0.000000
3033	0.000000
3034	0.000000
3035	0.000000
3036	0.000000
3037	0.000000
3038	0.000000
3039	0.000000
3040	0.000000
3041	0.000000
3042	0.000000
3043	0.000000
3044	0.000000
3045	0.000000
3046	0.000000
3047	0.000000
3048	0.000000
3049	0.000000
3050	0.000000
3051	0.000000
3052	0.000000
3053	0.000000
3054	0.000000
3055	0.000000
3056	0.000000
3057	0.000000
3058	0.000000
3059	0.000000
3060	0.000000
3061	0.000000
3062	0.000000
3063	0.000000
3064	0.000000
3065	0.000000
3066	0.000000
3067	0.000000
3068	0.000000
3069	0.000000
3070	0.000000
3071	0.000000
3072	0.000000
3073	0.000000
3074	0.000000
3075	0.000000
3076	0.000000
3077	0.000000
3078	0.000000
3079	0.000000
3080	0.000000
3081	0.000000
3082	0.000000
3083	0.000000
3084	0.000000
3085	0.000000
3086	0.000000
3087	0.000000
3088	0.000000
3089	0.000000
3090	0.000000
3091	0.000000
3092	0.000000
3093	0.000000
3094	0.000000
3095	0.000000
3096	0.000000
3097	0.000000
3098	0.000000
3099	0.000000
3100	0.000000
3101	0.000000
3102	0.000000
3103	0.000000
3104	0.000000
3105	0.000000
3106	0.000000
3107	0.000000
3108	0.000000
3109	0.000000
3110	0.000000
3111	0.000000
3112	0.000000
3113	0.000000
3114	0.000000
3115	0.000000
3116	0.000000
3117	0.000000
3118	0.000000
3119	0.000000
3120	0.000000
3121	0.000000
3122	0.000000
3123	0.000000
3124	0.000000
3125	0.000000
3126	0.000000
3127	0.000000
3128	0.000000
3129	0.000000
3130	0.000000
3131	0.000000
3132	0.000000
3133	0.000000
3134	0.000000
3135	0.000000
3136	0.000000
3137	0.000000
3138	0.000000
3139	0.000000
3140	0.000000
3141	0.000000
3142	0.000000
3143	0.000000
3144	0.000000
3145	0.000000
3146	0.000000
3147	0.000000
3148	0.000000
3149	0.000000
3150	0.000000
3151	0.000000
3152	0.000000
3153	0.000000
3154	0.000000
3155	0.000000
3156	0.000000
3157	0.000000
3158	0.000000
3159	0.000000
3160	0.000000
3161	0.000000
3162	0.000000
3163	0.000000
3164	0.000000
3165	0.000000
3166	0.000000
3167	0.000000
3168	0.000000
3169	0.000000
3170	0.000000
3171	0.000000
3172	0.000000
3173	0.000000
3174	0.000000
3175	0.000000
3176	0.000000
3177	0.000000
3178	0.000000
3179	0.000000
3180	0.000000
3181	0.000000
3182	0.000000
3183	0.000000
3184	0.000000
3185	0.000000
3186	0.000000
3187	0.000000
3188	0.000000
3189	0.000000
3190	0.000000
3191	0.000000
3192	0.000000
3193	0.000000
3194	0.000000
3195	0.000000
3196	0.000000
3197	0.000000
3198	0.000000
3199	0.000000
3200	0.000000
3201	0.000000
3202	0.000000
3203	0.000000
3204	0.000000
3205	0.000000
3206	0.000000
3207	0.000000
3208	0.000000
3209	0.000000
3210	0.000000
3211	0.000000
3212	0.000000
3213	0.000000
3214	0.000000
3215	0.000000
3216	0.000000
3217	0.000000
3218	0.000000
3219	0.000000
3220	0.000000
3221	0.000000
3222	0.000000
3223	0.000000
3224	0.000000
3225	0.000000
3226	0.000000
3227	0.000000
3228	0.000000
3229	0.000000
3230	0.000000
3231	0.000000
3232	0.000000
3233	0.000000
3234	0.000000
3235	0.000000
3236	0.000000
3237	0.000000
3238	0.000000
3239	0.000000
3240	0.000000
3241	0.000000
3242	0.000000
3243	0.000000
3244	0.000000
3245	0.000000
3246	0.000000
3247	0.000000
3248	0.000000
3249	0.000000
3250	0.000000
3251	0.000000
3252	0.000000
3253	0.000000
3254	0.000000
3255	0.000000
3256	0.000000
3257	0.000000
3258	0.000000
3259	0.000000
3260	0.000000
3261	0.000000
3262	0.000000
3263	0.000000
3264	0.000000
3265	0.000000
3266	0.000000
3267	0.000000
3268	0.000000
3269	0.000000
3270	0.000000
3271	0.000000
3272	0.000000
3273	0.000000
3274	0.000000
3275	0.000000
3276	0.000000
3277	0.000000
3278	0.000000
3279	0.000000
3280	0.000000
3281	0.000000
3282	0.000000
3283	0.000000
3284	0.000000
3285	0.000000
3286	0.000000
3287	0.000000
3288	0.000000
3289	0.000000
3290	0.000000
3291	0.000000
3292	0.000000
3293	0.000000
3294	0.000000
3295	0.000000
3296	0.000000
3297	0.000000
3298	0.000000
3299	0.000000
3300	0.000000
3301	0.000000
3302	0.000000
3303	0.000000
3304	0.000000
3305	0.000000
3306	0.000000
3307	0.000000
3308	0.000000
3309	0.000000
3310	0.000000
3311	0.000000
3312	0.000000
3313	0.000000
3314	0.000000
3315	0.000000
3316	0.000000
3317	0.000000
3318	0.000000
3319	0.000000
3320	0.000000
3321	0.000000
3322	0.000000
3323	0.000000
3324	0.000000
3325	0.000000
3326	0.000000
3327	0.000000
3328	0.000000
3329	0.000000
3330	0.000000
3331	0.000000
3332	0.000000
3333	0.000000
3334	0.000000
3335	0.000000
3336	0.000000
3337	0.000000
3338	0.000000
3339	0.000000
3340	0.000000
3341	0.000000
3342	0.000000
3343	0.000000
3344	0.000000
3345	0.000000
3346	0.000000
3347	0.000000
3348	0.000000
3349	0.000000
3350	0.000000
3351	0.000000
3352	0.000000
3353	0.000000
3354	0.000000
3355	0.000000
3356	0.000000
3357	0.000000
3358	0.000000
3359	0.000000
3360	0.000000
3361	0.000000
3362	0.000000
3363	0.000000
3364	0.000000
3365	0.000000
3366	0.000000
3367	0.000000
3368	0.000000
3369	0.000000
3370	0.000000
3371	0.000000
3372	0.000000
3373	0.000000
3374	0.000000
3375	0.000000
3376	0.000000
3377	0.000000
3378	0.000000
3379	0.000000
3380	0.000000
3381	0.000000
3382	0.000000
3383	0.000000
3384	0.000000
3385	0.000000
3386	0.000000
3387	0.000000
3388	0.000000
3389	0.000000
3390	0.000000
3391	0.000000
3392	0.000000
3393	0.000000
3394	0.000000
3395	0.000000
3396	0.000000
3397	0.000000
3398	0.000000
3399	0.000000
3400	0.000000
3401	0.000000
3402	0.000000
3403	0.000000
3404	0.000000
3405	0.000000
3406	0.000000
3407	0.000000
3408	0.000000
3409	0.000000
3410	0.000000
3411	0.000000
3412	0.000000
3413	0.000000
3414	0.000000
3415	0.000000
3416	0.000000
3417	0.000000
3418	0.000000
3419	0.000000
3420	0.000000
3421	0.000000
3422	0.000000
3423	0.000000
3424	0.000000
3425	0.000000
3426	0.000000
3427	0.000000
3428	0.000000
3429	0.000000
3430	0.000000
3431	0.000000
3432	0.000000
3433	0.000000
3434	0.000000
3435	0.000000
3436	0.000000
3437	0.000000
3438	0.000000
3439	0.000000
3440	0.000000
3441	0.000000
3442	0.000000
3443	0.000000
3444	0.000000
3445	0.000000
3446	0.000000
3447	0.000000
3448	0.000000
3449	0.000000
3450	0.000000
3451	0.000000
3452	0.000000
3453	0.000000
3454	0.000000
3455	0.000000
3456	0.000000
3457	0.000000
3458	0.000000
3459	0.000000
3460	0.000000
3461	0.000000
3462	0.000000
3463	0.000000
3464	0.000000
3465	0.000000
3466	0.000000
3467	0.000000
3468	0.000000
3469	0.000000
3470	0.000000
3471	0.000000
3472	0.000000
3473	0.000000
3474	0.000000
3475	0.000000
3476	0.000000
3477	0.000000
3478	0.000000
3479	0.000000
3480	0.000000
3481	0.000000
3482	0.000000
3483	0.000000
3484	0.000000
3485	0.000000
3486	0.000000
3487	0.000000
3488	0.000000
3489	0.000000
3490	0.000000
3491	0.000000
3492	0.000000
3493	0.000000
3494	0.000000
3495	0.000000
3496	0.000000
3497	0.000000
3498	0.000000
3499	0.000000
3500	0.000000
3501	0.000000
3502	0.000000
3503	0.000000
3504	0.000000
3505	0.000000
3506	0.000000
3507	0.000000
3508	0.000000
3509	0.000000
3510	0.000000
3511	0.000000
3512	0.000000
3513	0.000000
3514	0.000000
3515	0.000000
3516	0.000000
3517	0.000000
3518	0.000000
3519	0.000000
3520	0.000000
3521	0.000000
3522	0.000000
3523	0.000000
3524	0.000000
3525	0.000000
3526	0.000000
3527	0.000000
3528	0.000000
3529	0.000000
3530	0.000000
3531	0.000000
3532	0.000000
3533	0.000000
3534	0.000000
3535	0.000000
3536	0.000000
3537	0.000000
3538	0.000000
3539	0.000000
3540	0.000000
3541	0.000000
3542	0.000000
3543	0.000000
3544	0.000000
3545	0.000000
3546	0.000000
3547	0.000000
3548	0.000000
3549	0.000000
3550	0.000000
3551	0.000000
3552	0.000000
3553	0.000000
3554	0.000000
3555	0.000000
3556	0.000000
3557	0.000000
3558	0.000000
3559	0.000000
3560	0.000000
3561	0.000000
3562	0.000000
3563	0.000000
3564	0.000000
3565	0.000000
3566	0.000000
3567	0.000000
3568	0.000000
3569	0.000000
3570	0.000000
3571	0.000000
3572	0.000000
3573	0.000000
3574	0.000000
3575	0.000000
3576	0.000000
3577	0.000000
3578	0.000000
3579	0.000000
3580	0.000000
3581	0.000000
3582	0.000000
3583	0.000000
3584	0.000000
3585	0.000000
3586	0.000000
3587	0.000000
3588	0.000000
3589	0.000000
3590	0.000000
3591	0.000000
3592	0.000000
3593	0.000000
3594	0.000000
3595	0.000000
3596	0.000000
3597	0.000000
3598	0.000000
3599	0.000000
3600	0.000000
3601	0.000000
3602	0.000000
3603	0.000000
3604	0.000000
3605	0.000000
3606	0.000000
3607	0.000000
3608	0.000000
3609	0.000000
3610	0.000000
3611	0.000000
3612	0.000000
3613	0.000000
3614	0.000000
3615	0.000000
3616	0.000000
3617	0.000000
3618	0.000000
3619	0.000000
3620	0.000000
3621	0.000000
3622	0.000000
3623	0.000000
3624	0.000000
3625	0.000000
3626	0.000000
3627	0.000000
3628	0.000000
3629	0.000000
3630	0.000000
3631	0.000000
3632	0.000000
3633	0.000000
3634	0.000000
3635	0.000000
3636	0.000000
3637	0.000000
3638	0.000000
3639	0.000000
3640	0.000000
3641	0.000000
3642	0.000000
3643	0.000000
3644	0.000000
3645	0.000000
3646	0.000000
3647	0.000000
3648	0.000000
3649	0.000000
3650	0.000000
3651	0.000000
3652	0.000000
3653	0.000000
3654	0.000000
3655	0.000000
3656	0.000000
3657	0.000000
3658	0.000000
3659	0.000000
3660	0.000000
3661	0.000000
3662	0.000000
3663	0.000000
3664	0.000000
3665	0.000000
3666	0.000000
3667	0.000000
3668	0.000000
3669	0.000000
3670	0.000000
3671	0.000000
3672	0.000000
3673	0.000000
3674	0.000000
3675	0.000000
3676	0.000000
3677	0.000000
3678	0.000000
3679	0.000000
3680	0.000000
3681	0.000000
3682	0.000000
3683	0.000000
3684	0.000000
3685	0.000000
3686	0.000000
3687	0.000000
3688	0.000000
3689	0.000000
3690	0.000000
3691	0.000000
3692	0.000000
3693	0.000000
3694	0.000000
3695	0.000000
3696	0.000000
3697	0.000000
3698	0.000000
3699	0.000000
3700	0.000000
3701	0.000000
3702	0.000000
3703	0.000000
3704	0.000000
3705	0.000000
3706	0.000000
3707	0.000000
3708	0.000000
3709	0.000000
3710	0.000000
3711	0.000000
3712	0.000000
3713	0.000000
3714	0.000000
3715	0.000000
3716	0.000000
3717	0.000000
3718	0.000000
3719	0.000000
3720	0.000000
3721	0.000000
3722	0.000000
3723	0.000000
3724	0.000000
3725	0.000000
3726	0.000000
3727	0.000000
3728	0.000000
3729	0.000000
3730	0.000000
3731	0.000000
3732	0.000000
3733	0.000000
3734	0.000000
3735	0.000000
3736	0.000000
3737	0.000000
3738	0.000000
3739	0.000000
3740	0.000000
3741	0.000000
3742	0.000000
3743	0.000000
3744	0.000000
3745	0.000000
3746	0.000000
3747	0.000000
3748	0.000000
3749	0.000000
3750	0.000000
3751	0.000000
3752	0.000000
3753	0.000000
3754	0.000000
3755	0.000000
3756	0.000000
3757	0.000000
3758	0.000000
3759	0.000000
3760	0.000000
3761	0.000000
3762	0.000000
3763	0.000000
3764	0.000000
3765	0.000000
3766	0.000000
3767	0.000000
3768	0.000000
3769	0.000000
3770	0.000000
3771	0.000000
3772	0.000000
3773	0.000000
3774	0.000000
3775	0.000000
3776	0.000000
3777	0.000000
3778	0.000000
3779	0.000000
3780	0.000000
3781	0.000000
3782	0.000000
3783	0.000000
3784	0.000000
3785	0.000000
3786	0.000000
3787	0.000000
3788	0.000000
3789	0.000000
3790	0.000000
3791	0.000000
3792	0.000000
3793	0.000000
3794	0.000000
3795	0.000000
3796	0.000000
3797	0.000000
3798	0.000000
3799	0.000000
3800	0.000000
3801	0.000000
3802	0.000000
3803	0.000000
3804	0.000000
3805	0.000000
3806	0.000000
3807	0.000000
3808	0.000000
3809	0.000000
3810	0.000000
3811	0.000000
3812	0.000000
3813	0.000000
3814	0.000000
3815	0.000000
3816	0.000000
3817	0.000000
3818	0.000000
3819	0.000000
3820	0.000000
3821	0.000000
3822	0.000000
3823	0.000000
3824	0.000000
3825	0.000000
3826	0.000000
3827	0.000000
3828	0.000000
3829	0.000000
3830	0.000000
3831	0.000000
3832	0.000000
3833	0.000000
3834	0.000000
3835	0.000000
3836	0.000000
3837	0.000000
3838	0.000000
3839	0.000000
3840	0.000000
3841	0.000000
3842	0.000000
3843	0.000000
3844	0.000000
3845	0.000000
3846	0.000000
3847	0.000000
3848	0.000000
3849	0.000000
3850	0.000000
3851	0.000000
3852	0.000000
3853	0.000000
3854	0.000000
3855	0.000000
3856	0.000000
3857	0.000000
3858	0.000000
3859	0.000000
3860	0.000000
3861	0.000000
3862	0.000000
3863	0.000000
3864	0.000000
3865	0.000000
3866	0.000000
3867	0.000000
3868	0.000000
3869	0.000000
3870	0.000000
3871	0.000000
3872	0.000000
3873	0.000000
3874	0.000000
3875	0.000000
3876	0.000000
3877	0.000000
3878	0.000000
3879	0.000000
3880	0.000000
3881	0.000000
3882	0.000000
3883	0.000000
3884	0.000000
3885	0.000000
3886	0.000000
3887	0.000000
3888	0.000000
3889	0.000000
3890	0.000000
3891	0.000000
3892	0.000000
3893	0.000000
3894	0.000000
3895	0.000000
3896	0.000000
3897	0.000000
3898	0.000000
3899	0.000000
3900	0.000000
3901	0.000000
3902	0.000000
3903	0.000000
3904	0.000000
3905	0.000000
3906	0.000000
3907	0.000000
3908	0.000000
3909	0.000000
3910	0.000000
3911	0.000000
3912	0.000000
3913	0.000000
3914	0.000000
3915	0.000000
3916	0.000000
3917	0.000000
3918	0.000000
3919	0.000000
3920	0.000000
3921	0.000000
3922	0.000000
3923	0.000000
3924	0.000000
3925	0.000000
3926	0.000000
3927	0.000000
3928	0.000000
3929	0.000000
3930	0.000000
3931	0.000000
3932	0.000000
3933	0.000000
3934	0.000000
3935	0.000000
3936	0.000000
3937	0.000000
3938	0.000000
3939	0.000000
3940	0.000000
3941	0.000000
3942	0.000000
3943	0.000000
3944	0.000000
3945	0.000000
3946	0.000000
3947	0.000000
3948	0.000000
3949	0.000000
3950	0.000000
3951	0.000000
3952	0.000000
3953	0.000000
3954	0.000000
3955	0.000000
3956	0.000000
3957	0.000000
3958	0.000000
3959	0.000000
3960	0.000000
3961	0.000000
3962	0.000000
3963	0.000000
3964	0.000000
3965	0.000000
3966	0.000000
3967	0.000000
3968	0.000000
3969	0.000000
3970	0.000000
3971	0.000000
3972	0.000000
3973	0.000000
3974	0.000000
3975	0.000000
3976	0.000000
3977	0.000000
3978	0.000000
3979	0.000000
3980	0.000000
3981	0.000000
3982	0.000000
3983	0.000000
3984	0.000000
3985	0.000000
3986	0.000000
3987	0.000000
3988	0.000000
3989	0.000000
3990	0.000000
3991	0.000000
3992	0.000000
3993	0.000000
3994	0.000000
3995	0.000000
3996	0.000000
3997	0.000000
3998	0.000000
3999	0.000000
4000	0.000000
4001	0.000000
