0	0.000000
1	0.000000
2	0.000000
3	0.000000
4	0.000000
5	0.000000
6	0.000000
7	0.000000
8	0.000000
9	0.000000
10	0.000000
11	0.000000
12	0.000000
13	0.000000
14	0.000000
15	0.000000
16	0.000000
17	0.000000
18	0.000000
19	0.000000
20	0.000000
21	0.000000
22	0.000000
23	0.000000
24	0.000000
25	0.000000
26	0.000000
27	0.000000
28	0.000000
29	0.000000
30	0.000000
31	0.000000
32	0.000000
33	0.000000
34	0.000000
35	0.000000
36	0.000000
37	0.000000
38	0.000000
39	0.000000
40	0.000000
41	0.000000
42	0.000000
43	0.000000
44	0.000000
45	0.000000
46	0.000000
47	0.000000
48	0.000000
49	0.000000
50	0.000000
51	0.000000
52	0.000000
53	0.000000
54	0.000000
55	0.000000
56	0.000000
57	0.000000
58	0.000000
59	0.000000
60	0.000000
61	0.000000
62	0.000000
63	0.000000
64	0.000000
65	0.000000
66	0.000000
67	0.000000
68	0.000000
69	0.000000
70	0.000000
71	0.000000
72	0.000000
73	0.000000
74	0.000000
75	0.000000
76	0.000000
77	0.000000
78	0.000000
79	0.000000
80	0.000000
81	0.000000
82	0.000000
83	0.000000
84	0.000000
85	0.000000
86	0.000000
87	0.000000
88	0.000000
89	0.000000
90	0.000000
91	0.000000
92	0.000000
93	0.000000
94	0.000000
95	0.000000
96	0.000000
97	0.000000
98	0.000000
99	0.000000
100	0.000000
101	0.000000
102	0.000000
103	0.000000
104	0.000000
105	0.000000
106	0.000000
107	0.000000
108	0.000000
109	0.000000
110	0.000000
111	0.000000
112	0.000000
113	0.000000
114	0.000000
115	0.000000
116	0.000000
117	0.000000
118	0.000000
119	0.000000
120	0.000000
121	0.000000
122	0.000000
123	0.000000
124	0.000000
125	0.000000
126	0.000000
127	0.000000
128	0.000000
129	0.000000
130	0.000000
131	0.000000
132	0.000000
133	0.000000
134	0.000000
135	0.000000
136	0.000000
137	0.000000
138	0.000000
139	0.000000
140	0.000000
141	0.000000
142	0.000000
143	0.000000
144	0.000000
145	0.000000
146	0.000000
147	0.000000
148	0.000000
149	0.000000
150	0.000000
151	0.000000
152	0.000000
153	0.000000
154	0.000000
155	0.000000
156	0.000000
157	0.000000
158	0.000000
159	0.000000
160	0.000000
161	0.000000
162	0.000000
163	0.000000
164	0.000000
165	0.000000
166	0.000000
167	0.000000
168	0.000000
169	0.000000
170	0.000000
171	0.000000
172	0.000000
173	0.000000
174	0.000000
175	0.000000
176	0.000000
177	0.000000
178	0.000000
179	0.000000
180	0.000000
181	0.000000
182	0.000000
183	0.000000
184	0.000000
185	0.000000
186	0.000000
187	0.000000
188	0.000000
189	0.000000
190	0.000000
191	0.000000
192	0.000000
193	0.000000
194	0.000000
195	0.000000
196	0.000000
197	0.000000
198	0.000000
199	0.000000
200	0.000000
201	0.000000
202	0.000000
203	0.000000
204	0.000000
205	0.000000
206	0.000000
207	0.000000
208	0.000000
209	0.000000
210	0.000000
211	0.000000
212	0.000000
213	0.000000
214	0.000000
215	0.000000
216	0.000000
217	0.000000
218	0.000000
219	0.000000
220	0.000000
221	0.000000
222	0.000000
223	0.000000
224	0.000000
225	0.000000
226	0.000000
227	0.000000
228	0.000000
229	0.000000
230	0.000000
231	0.000000
232	0.000000
233	0.000000
234	0.000000
235	0.000000
236	0.000000
237	0.000000
238	0.000000
239	0.000000
240	0.000000
241	0.000000
242	0.000000
243	0.000000
244	0.000000
245	0.000000
246	0.000000
247	0.000000
248	0.000000
249	0.000000
250	0.000000
251	0.000000
252	0.000000
253	0.000000
254	0.000000
255	0.000000
256	0.000000
257	0.000000
258	0.000000
259	0.000000
260	0.000000
261	0.000000
262	0.000000
263	0.000000
264	0.000000
265	0.000000
266	0.000000
267	0.000000
268	0.000000
269	0.000000
270	0.000000
271	0.000000
272	0.000000
273	0.000000
274	0.000000
275	0.000000
276	0.000000
277	0.000000
278	0.000000
279	0.000000
280	0.000000
281	0.000000
282	0.000000
283	0.000000
284	0.000000
285	0.000000
286	0.000000
287	0.000000
288	0.000000
289	0.000000
290	0.000000
291	0.000000
292	0.000000
293	0.000000
294	0.000000
295	0.000000
296	0.000000
297	0.000000
298	0.000000
299	0.000000
300	0.000000
301	0.000000
302	0.000000
303	0.000000
304	0.000000
305	0.000000
306	0.000000
307	0.000000
308	0.000000
309	0.000000
310	0.000000
311	0.000000
312	0.000000
313	0.000000
314	0.000000
315	0.000000
316	0.000000
317	0.000000
318	0.000000
319	0.000000
320	0.000000
321	0.000000
322	0.000000
323	0.000000
324	0.000000
325	0.000000
326	0.000000
327	0.000000
328	0.000000
329	0.000000
330	0.000000
331	0.000000
332	0.000000
333	0.000000
334	0.000000
335	0.000000
336	0.000000
337	0.000000
338	0.000000
339	0.000000
340	0.000000
341	0.000000
342	0.000000
343	0.000000
344	0.000000
345	0.000000
346	0.000000
347	0.000000
348	0.000000
349	0.000000
350	0.000000
351	0.000000
352	0.000000
353	0.000000
354	0.000000
355	0.000000
356	0.000000
357	0.000000
358	0.000000
359	0.000000
360	0.000000
361	0.000000
362	0.000000
363	0.000000
364	0.000000
365	0.000000
366	0.000000
367	0.000000
368	0.000000
369	0.000000
370	0.000000
371	0.000000
372	0.000000
373	0.000000
374	0.000000
375	0.000000
376	0.000000
377	0.000000
378	0.000000
379	0.000000
380	0.000000
381	0.000000
382	0.000000
383	0.000000
384	0.000000
385	0.000000
386	0.000000
387	0.000000
388	0.000000
389	0.000000
390	0.000000
391	0.000000
392	0.000000
393	0.000000
394	0.000000
395	0.000000
396	0.000000
397	0.000000
398	0.000000
399	0.000000
400	0.000000
401	0.000000
402	0.000000
403	0.000000
404	0.000000
405	0.000000
406	0.000000
407	0.000000
408	0.000000
409	0.000000
410	0.000000
411	0.000000
412	0.000000
413	0.000000
414	0.000000
415	0.000000
416	0.000000
417	0.000000
418	0.000000
419	0.000000
420	0.000000
421	0.000000
422	0.000000
423	0.000000
424	0.000000
425	0.000000
426	0.000000
427	0.000000
428	0.000000
429	0.000000
430	0.000000
431	0.000000
432	0.000000
433	0.000000
434	0.000000
435	0.000000
436	0.000000
437	0.000000
438	0.000000
439	0.000000
440	0.000000
441	0.000000
442	0.000000
443	0.000000
444	0.000000
445	0.000000
446	0.000000
447	0.000000
448	0.000000
449	0.000000
450	0.000000
451	0.000000
452	0.000000
453	0.000000
454	0.000000
455	0.000000
456	0.000000
457	0.000000
458	0.000000
459	0.000000
460	0.000000
461	0.000000
462	0.000000
463	0.000000
464	0.000000
465	0.000000
466	0.000000
467	0.000000
468	0.000000
469	0.000000
470	0.000000
471	0.000000
472	0.000000
473	0.000000
474	0.000000
475	0.000000
476	0.000000
477	0.000000
478	0.000000
479	0.000000
480	0.000000
481	0.000000
482	0.000000
483	0.000000
484	0.000000
485	0.000000
486	0.000000
487	0.000000
488	0.000000
489	0.000000
490	0.000000
491	0.000000
492	0.000000
493	0.000000
494	0.000000
495	0.000000
496	0.000000
497	0.000000
498	0.000000
499	0.000000
500	0.000000
501	0.000000
502	0.000000
503	0.000000
504	0.000000
505	0.000000
506	0.000000
507	0.000000
508	0.000000
509	0.000000
510	0.000000
511	0.000000
512	0.000000
513	0.000000
514	0.000000
515	0.000000
516	0.000000
517	0.000000
518	0.000000
519	0.000000
520	0.000000
521	0.000000
522	0.000000
523	0.000000
524	0.000000
525	0.000000
526	0.000000
527	0.000000
528	0.000000
529	0.000000
530	0.000000
531	0.000000
532	0.000000
533	0.000000
534	0.000000
535	0.000000
536	0.000000
537	0.000000
538	0.000000
539	0.000000
540	0.000000
541	0.000000
542	0.000000
543	0.000000
544	0.000000
545	0.000000
546	0.000000
547	0.000000
548	0.000000
549	0.000000
550	0.000000
551	0.000000
552	0.000000
553	0.000000
554	0.000000
555	0.000000
556	0.000000
557	0.000000
558	0.000000
559	0.000000
560	0.000000
561	0.000000
562	0.000000
563	0.000000
564	0.000000
565	0.000000
566	0.000000
567	0.000000
568	0.000000
569	0.000000
570	0.000000
571	0.000000
572	0.000000
573	0.000000
574	0.000000
575	0.000000
576	0.000000
577	0.000000
578	0.000000
579	0.000000
580	0.000000
581	0.000000
582	0.000000
583	0.000000
584	0.000000
585	0.000000
586	0.000000
587	0.000000
588	0.000000
589	0.000000
590	0.000000
591	0.000000
592	0.000000
593	0.000000
594	0.000000
595	0.000000
596	0.000000
597	0.000000
598	0.000000
599	0.000000
600	0.000000
601	0.000000
602	0.000000
603	0.000000
604	0.000000
605	0.000000
606	0.000000
607	0.000000
608	0.000000
609	0.000000
610	0.000000
611	0.000000
612	0.000000
613	0.000000
614	0.000000
615	0.000000
616	0.000000
617	0.000000
618	0.000000
619	0.000000
620	0.000000
621	0.000000
622	0.000000
623	0.000000
624	0.000000
625	0.000000
626	0.000000
627	0.000000
628	0.000000
629	0.000000
630	0.000000
631	0.000000
632	0.000000
633	0.000000
634	0.000000
635	0.000000
636	0.000000
637	0.000000
638	0.000000
639	0.000000
640	0.000000
641	0.000000
642	0.000000
643	0.000000
644	0.000000
645	0.000000
646	0.000000
647	0.000000
648	0.000000
649	0.000000
650	0.000000
651	0.000000
652	0.000000
653	0.000000
654	0.000000
655	0.000000
656	0.000000
657	0.000000
658	0.000000
659	0.000000
660	0.000000
661	0.000000
662	0.000000
663	0.000000
664	0.000000
665	0.000000
666	0.000000
667	0.000000
668	0.000000
669	0.000000
670	0.000000
671	0.000000
672	0.000000
673	0.000000
674	0.000000
675	0.000000
676	0.000000
677	0.000000
678	0.000000
679	0.000000
680	0.000000
681	0.000000
682	0.000000
683	0.000000
684	0.000000
685	0.000000
686	0.000000
687	0.000000
688	0.000000
689	0.000000
690	0.000000
691	0.000000
692	0.000000
693	0.000000
694	0.000000
695	0.000000
696	0.000000
697	0.000000
698	0.000000
699	0.000000
700	0.000000
701	0.000000
702	0.000000
703	0.000000
704	0.000000
705	0.000000
706	0.000000
707	0.000000
708	0.000000
709	0.000000
710	0.000000
711	0.000000
712	0.000000
713	0.000000
714	0.000000
715	0.000000
716	0.000000
717	0.000000
718	0.000000
719	0.000000
720	0.000000
721	0.000000
722	0.000000
723	0.000000
724	0.000000
725	0.000000
726	0.000000
727	0.000000
728	0.000000
729	0.000000
730	0.000000
731	0.000000
732	0.000000
733	0.000000
734	0.000000
735	0.000000
736	0.000000
737	0.000000
738	0.000000
739	0.000000
740	0.000000
741	0.000000
742	0.000000
743	0.000000
744	0.000000
745	0.000000
746	0.000000
747	0.000000
748	0.000000
749	0.000000
750	0.000000
751	0.000000
752	0.000000
753	0.000000
754	0.000000
755	0.000000
756	0.000000
757	0.000000
758	0.000000
759	0.000000
760	0.000000
761	0.000000
762	0.000000
763	0.000000
764	0.000000
765	0.000000
766	0.000000
767	0.000000
768	0.000000
769	0.000000
770	0.000000
771	0.000000
772	0.000000
773	0.000000
774	0.000000
775	0.000000
776	0.000000
777	0.000000
778	0.000000
779	0.000000
780	0.000000
781	0.000000
782	0.000000
783	0.000000
784	0.000000
785	0.000000
786	0.000000
787	0.000000
788	0.000000
789	0.000000
790	0.000000
791	0.000000
792	0.000000
793	0.000000
794	0.000000
795	0.000000
796	0.000000
797	0.000000
798	0.000000
799	0.000000
800	0.000000
801	0.000000
802	0.000000
803	0.000000
804	0.000000
805	0.000000
806	0.000000
807	0.000000
808	0.000000
809	0.000000
810	0.000000
811	0.000000
812	0.000000
813	0.000000
814	0.000000
815	0.000000
816	0.000000
817	0.000000
818	0.000000
819	0.000000
820	0.000000
821	0.000000
822	0.000000
823	0.000000
824	0.000000
825	0.000000
826	0.000000
827	0.000000
828	0.000000
829	0.000000
830	0.000000
831	0.000000
832	0.000000
833	0.000000
834	0.000000
835	0.000000
836	0.000000
837	0.000000
838	0.000000
839	0.000000
840	0.000000
841	0.000000
842	0.000000
843	0.000000
844	0.000000
845	0.000000
846	0.000000
847	0.000000
848	0.000000
849	0.000000
850	0.000000
851	0.000000
852	0.000000
853	0.000000
854	0.000000
855	0.000000
856	0.000000
857	0.000000
858	0.000000
859	0.000000
860	0.000000
861	0.000000
862	0.000000
863	0.000000
864	0.000000
865	0.000000
866	0.000000
867	0.000000
868	0.000000
869	0.000000
870	0.000000
871	0.000000
872	0.000000
873	0.000000
874	0.000000
875	0.000000
876	0.000000
877	0.000000
878	0.000000
879	0.000000
880	0.000000
881	0.000000
882	0.000000
883	0.000000
884	0.000000
885	0.000000
886	0.000000
887	0.000000
888	0.000000
889	0.000000
890	0.000000
891	0.000000
892	0.000000
893	0.000000
894	0.000000
895	0.000000
896	0.000000
897	0.000000
898	0.000000
899	0.000000
900	0.000000
901	0.000000
902	0.000000
903	0.000000
904	0.000000
905	0.000000
906	0.000000
907	0.000000
908	0.000000
909	0.000000
910	0.000000
911	0.000000
912	0.000000
913	0.000000
914	0.000000
915	0.000000
916	0.000000
917	0.000000
918	0.000000
919	0.000000
920	0.000000
921	0.000000
922	0.000000
923	0.000000
924	0.000000
925	0.000000
926	0.000000
927	0.000000
928	0.000000
929	0.000000
930	0.000000
931	0.000000
932	0.000000
933	0.000000
934	0.000000
935	0.000000
936	0.000000
937	0.000000
938	0.000000
939	0.000000
940	0.000000
941	0.000000
942	0.000000
943	0.000000
944	0.000000
945	0.000000
946	0.000000
947	0.000000
948	0.000000
949	0.000000
950	0.000000
951	0.000000
952	0.000000
953	0.000000
954	0.000000
955	0.000000
956	0.000000
957	0.000000
958	0.000000
959	0.000000
960	0.000000
961	0.000000
962	0.000000
963	0.000000
964	0.000000
965	0.000000
966	0.000000
967	0.000000
968	0.000000
969	0.000000
970	0.000000
971	0.000000
972	0.000000
973	0.000000
974	0.000000
975	0.000000
976	0.000000
977	0.000000
978	0.000000
979	0.000000
980	0.000000
981	0.000000
982	0.000000
983	0.000000
984	0.000000
985	0.000000
986	0.000000
987	0.000000
988	0.000000
989	0.000000
990	0.000000
991	0.000000
992	0.000000
993	0.000000
994	0.000000
995	0.000000
996	0.000000
997	0.000000
998	0.000000
999	0.000000
1000	0.000000
1001	0.000000
1002	0.000000
1003	0.000000
1004	0.000000
1005	0.000000
1006	0.000000
1007	0.000000
1008	0.000000
1009	0.000000
1010	0.000000
1011	0.000000
1012	0.000000
1013	0.000000
1014	0.000000
1015	0.000000
1016	0.000000
1017	0.000000
1018	0.000000
1019	0.000000
1020	0.000000
1021	0.000000
1022	0.000000
1023	0.000000
1024	0.000000
1025	0.000000
1026	0.000000
1027	0.000000
1028	0.000000
1029	0.000000
1030	0.000000
1031	0.000000
1032	0.000000
1033	0.000000
1034	0.000000
1035	0.000000
1036	0.000000
1037	0.000000
1038	0.000000
1039	0.000000
1040	0.000000
1041	0.000000
1042	0.000000
1043	0.000000
1044	0.000000
1045	0.000000
1046	0.000000
1047	0.000000
1048	0.000000
1049	0.000000
1050	0.000000
1051	0.000000
1052	0.000000
1053	0.000000
1054	0.000000
1055	0.000000
1056	0.000000
1057	0.000000
1058	0.000000
1059	0.000000
1060	0.000000
1061	0.000000
1062	0.000000
1063	0.000000
1064	0.000000
1065	0.000000
1066	0.000000
1067	0.000000
1068	0.000000
1069	0.000000
1070	0.000000
1071	0.000000
1072	0.000000
1073	0.000000
1074	0.000000
1075	0.000000
1076	0.000000
1077	0.000000
1078	0.000000
1079	0.000000
1080	0.000000
1081	0.000000
1082	0.000000
1083	0.000000
1084	0.000000
1085	0.000000
1086	0.000000
1087	0.000000
1088	0.000000
1089	0.000000
1090	0.000000
1091	0.000000
1092	0.000000
1093	0.000000
1094	0.000000
1095	0.000000
1096	0.000000
1097	0.000000
1098	0.000000
1099	0.000000
1100	0.000000
1101	0.000000
1102	0.000000
1103	0.000000
1104	0.000000
1105	0.000000
1106	0.000000
1107	0.000000
1108	0.000000
1109	0.000000
1110	0.000000
1111	0.000000
1112	0.000000
1113	0.000000
1114	0.000000
1115	0.000000
1116	0.000000
1117	0.000000
1118	0.000000
1119	0.000000
1120	0.000000
1121	0.000000
1122	0.000000
1123	0.000000
1124	0.000000
1125	0.000000
1126	0.000000
1127	0.000000
1128	0.000000
1129	0.000000
1130	0.000000
1131	0.000000
1132	0.000000
1133	0.000000
1134	0.000000
1135	0.000000
1136	0.000000
1137	0.000000
1138	0.000000
1139	0.000000
1140	0.000000
1141	0.000000
1142	0.000000
1143	0.000000
1144	0.000000
1145	0.000000
1146	0.000000
1147	0.000000
1148	0.000000
1149	0.000000
1150	0.000000
1151	0.000000
1152	0.000000
1153	0.000000
1154	0.000000
1155	0.000000
1156	0.000000
1157	0.000000
1158	0.000000
1159	0.000000
1160	0.000000
1161	0.000000
1162	0.000000
1163	0.000000
1164	0.000000
1165	0.000000
1166	0.000000
1167	0.000000
1168	0.000000
1169	0.000000
1170	0.000000
1171	0.000000
1172	0.000000
1173	0.000000
1174	0.000000
1175	0.000000
1176	0.000000
1177	0.000000
1178	0.000000
1179	0.000000
1180	0.000000
1181	0.000000
1182	0.000000
1183	0.000000
1184	0.000000
1185	0.000000
1186	0.000000
1187	0.000000
1188	0.000000
1189	0.000000
1190	0.000000
1191	0.000000
1192	0.000000
1193	0.000000
1194	0.000000
1195	0.000000
1196	0.000000
1197	0.000000
1198	0.000000
1199	0.000000
1200	0.000000
1201	0.000000
1202	0.000000
1203	0.000000
1204	0.000000
1205	0.000000
1206	0.000000
1207	0.000000
1208	0.000000
1209	0.000000
1210	0.000000
1211	0.000000
1212	0.000000
1213	0.000000
1214	0.000000
1215	0.000000
1216	0.000000
1217	0.000000
1218	0.000000
1219	0.000000
1220	0.000000
1221	0.000000
1222	0.000000
1223	0.000000
1224	0.000000
1225	0.000000
1226	0.000000
1227	0.000000
1228	0.000000
1229	0.000000
1230	0.000000
1231	0.000000
1232	0.000000
1233	0.000000
1234	0.000000
1235	0.000000
1236	0.000001
1237	0.000001
1238	0.000001
1239	0.000002
1240	0.000003
1241	0.000005
1242	0.000007
1243	0.000011
1244	0.000017
1245	0.000026
1246	0.000039
1247	0.000060
1248	0.000091
1249	0.000138
1250	0.000210
1251	0.000319
1252	0.000485
1253	0.000736
1254	0.001118
1255	0.001695
1256	0.002569
1257	0.003889
1258	0.005879
1259	0.008865
1260	0.013321
1261	0.019915
1262	0.029551
1263	0.043379
1264	0.062719
1265	0.088822
1266	0.122426
1267	0.163176
1268	0.209202
1269	0.257253
1270	0.303530
1271	0.344814
1272	0.379235
1273	0.406366
1274	0.426825
1275	0.441741
1276	0.452346
1277	0.459745
1278	0.464835
1279	0.468293
1280	0.470616
1281	0.472158
1282	0.473164
1283	0.473806
1284	0.474199
1285	0.474424
1286	0.474535
1287	0.474569
1288	0.474550
1289	0.474496
1290	0.474418
1291	0.474324
1292	0.474219
1293	0.474106
1294	0.473988
1295	0.473866
1296	0.473742
1297	0.473616
1298	0.473489
1299	0.473361
1300	0.473233
1301	0.473104
1302	0.472974
1303	0.472845
1304	0.472715
1305	0.472584
1306	0.472454
1307	0.472323
1308	0.472192
1309	0.472061
1310	0.471930
1311	0.471798
1312	0.471667
1313	0.471535
1314	0.471403
1315	0.471271
1316	0.471139
1317	0.471006
1318	0.470873
1319	0.470741
1320	0.470608
1321	0.470475
1322	0.470341
1323	0.470208
1324	0.470074
1325	0.469940
1326	0.469806
1327	0.469672
1328	0.469538
1329	0.469403
1330	0.469269
1331	0.469134
1332	0.468999
1333	0.468864
1334	0.468729
1335	0.468593
1336	0.468458
1337	0.468322
1338	0.468186
1339	0.468050
1340	0.467914
1341	0.467777
1342	0.467641
1343	0.467504
1344	0.467367
1345	0.467230
1346	0.467093
1347	0.466956
1348	0.466819
1349	0.466681
1350	0.466543
1351	0.466405
1352	0.466267
1353	0.466129
1354	0.465991
1355	0.465852
1356	0.465714
1357	0.465575
1358	0.465436
1359	0.465297
1360	0.465158
1361	0.465018
1362	0.464879
1363	0.464739
1364	0.464600
1365	0.464460
1366	0.464320
1367	0.464179
1368	0.464039
1369	0.463899
1370	0.463758
1371	0.463617
1372	0.463476
1373	0.463335
1374	0.463194
1375	0.463053
1376	0.462911
1377	0.462770
1378	0.462628
1379	0.462486
1380	0.462344
1381	0.462202
1382	0.462060
1383	0.461917
1384	0.461775
1385	0.461632
1386	0.461489
1387	0.461347
1388	0.461203
1389	0.461060
1390	0.460917
1391	0.460773
1392	0.460630
1393	0.460486
1394	0.460342
1395	0.460198
1396	0.460054
1397	0.459910
1398	0.459766
1399	0.459621
1400	0.459477
1401	0.459332
1402	0.459187
1403	0.459042
1404	0.458897
1405	0.458752
1406	0.458606
1407	0.458461
1408	0.458315
1409	0.458170
1410	0.458024
1411	0.457878
1412	0.457732
1413	0.457585
1414	0.457439
1415	0.457293
1416	0.457146
1417	0.456999
1418	0.456853
1419	0.456706
1420	0.456559
1421	0.456411
1422	0.456264
1423	0.456117
1424	0.455969
1425	0.455822
1426	0.455674
1427	0.455526
1428	0.455378
1429	0.455230
1430	0.455082
1431	0.454933
1432	0.454785
1433	0.454636
1434	0.454488
1435	0.454339
1436	0.454190
1437	0.454041
1438	0.453892
1439	0.453742
1440	0.453593
1441	0.453444
1442	0.453294
1443	0.453144
1444	0.452995
1445	0.452845
1446	0.452695
1447	0.452544
1448	0.452394
1449	0.452244
1450	0.452093
1451	0.451943
1452	0.451792
1453	0.451641
1454	0.451490
1455	0.451340
1456	0.451188
1457	0.451037
1458	0.450886
1459	0.450734
1460	0.450583
1461	0.450431
1462	0.450280
1463	0.450128
1464	0.449976
1465	0.449824
1466	0.449672
1467	0.449519
1468	0.449367
1469	0.449214
1470	0.449062
1471	0.448909
1472	0.448756
1473	0.448604
1474	0.448451
1475	0.448298
1476	0.448144
1477	0.447991
1478	0.447838
1479	0.447684
1480	0.447531
1481	0.447377
1482	0.447223
1483	0.447069
1484	0.446915
1485	0.446761
1486	0.446607
1487	0.446453
1488	0.446298
1489	0.446144
1490	0.445989
1491	0.445835
1492	0.445680
1493	0.445525
1494	0.445370
1495	0.445215
1496	0.445060
1497	0.444905
1498	0.444749
1499	0.444594
1500	0.444438
1501	0.444283
1502	0.444127
1503	0.443971
1504	0.443815
1505	0.443659
1506	0.443503
1507	0.443347
1508	0.443191
1509	0.443035
1510	0.442878
1511	0.442722
1512	0.442565
1513	0.442408
1514	0.442251
1515	0.442095
1516	0.441938
1517	0.441780
1518	0.441623
1519	0.441466
1520	0.441309
1521	0.441151
1522	0.440994
1523	0.440836
1524	0.440678
1525	0.440521
1526	0.440363
1527	0.440205
1528	0.440047
1529	0.439888
1530	0.439730
1531	0.439572
1532	0.439413
1533	0.439255
1534	0.439096
1535	0.438938
1536	0.438779
1537	0.438620
1538	0.438461
1539	0.438302
1540	0.438143
1541	0.437984
1542	0.437825
1543	0.437665
1544	0.437506
1545	0.437346
1546	0.437187
1547	0.437027
1548	0.436867
1549	0.436707
1550	0.436547
1551	0.436387
1552	0.436227
1553	0.436067
1554	0.435907
1555	0.435746
1556	0.435586
1557	0.435425
1558	0.435265
1559	0.435104
1560	0.434943
1561	0.434783
1562	0.434622
1563	0.434461
1564	0.434300
1565	0.434138
1566	0.433977
1567	0.433816
1568	0.433654
1569	0.433493
1570	0.433331
1571	0.433170
1572	0.433008
1573	0.432846
1574	0.432684
1575	0.432522
1576	0.432360
1577	0.432198
1578	0.432036
1579	0.431874
1580	0.431712
1581	0.431549
1582	0.431387
1583	0.431224
1584	0.431061
1585	0.430899
1586	0.430736
1587	0.430573
1588	0.430410
1589	0.430247
1590	0.430084
1591	0.429921
1592	0.429758
1593	0.429594
1594	0.429431
1595	0.429267
1596	0.429104
1597	0.428940
1598	0.428776
1599	0.428613
1600	0.428449
1601	0.428285
1602	0.428121
1603	0.427957
1604	0.427793
1605	0.427629
1606	0.427464
1607	0.427300
1608	0.427135
1609	0.426971
1610	0.426806
1611	0.426642
1612	0.426477
1613	0.426312
1614	0.426147
1615	0.425982
1616	0.425817
1617	0.425652
1618	0.425487
1619	0.425322
1620	0.425157
1621	0.424991
1622	0.424826
1623	0.424661
1624	0.424495
1625	0.424329
1626	0.424164
1627	0.423998
1628	0.423832
1629	0.423666
1630	0.423500
1631	0.423334
1632	0.423168
1633	0.423002
1634	0.422836
1635	0.422669
1636	0.422503
1637	0.422336
1638	0.422170
1639	0.422003
1640	0.421837
1641	0.421670
1642	0.421503
1643	0.421336
1644	0.421169
1645	0.421002
1646	0.420835
1647	0.420668
1648	0.420501
1649	0.420334
1650	0.420166
1651	0.419999
1652	0.419832
1653	0.419664
1654	0.419497
1655	0.419329
1656	0.419161
1657	0.418993
1658	0.418826
1659	0.418658
1660	0.418490
1661	0.418322
1662	0.418154
1663	0.417985
1664	0.417817
1665	0.417649
1666	0.417481
1667	0.417312
1668	0.417144
1669	0.416975
1670	0.416807
1671	0.416638
1672	0.416469
1673	0.416300
1674	0.416132
1675	0.415963
1676	0.415794
1677	0.415625
1678	0.415456
1679	0.415286
1680	0.415117
1681	0.414948
1682	0.414779
1683	0.414609
1684	0.414440
1685	0.414270
1686	0.414101
1687	0.413931
1688	0.413761
1689	0.413591
1690	0.413422
1691	0.413252
1692	0.413082
1693	0.412912
1694	0.412742
1695	0.412572
1696	0.412401
1697	0.412231
1698	0.412061
1699	0.411890
1700	0.411720
1701	0.411549
1702	0.411379
1703	0.411208
1704	0.411038
1705	0.410867
1706	0.410696
1707	0.410525
1708	0.410354
1709	0.410183
1710	0.410012
1711	0.409841
1712	0.409670
1713	0.409499
1714	0.409328
1715	0.409157
1716	0.408985
1717	0.408814
1718	0.408642
1719	0.408471
1720	0.408299
1721	0.408128
1722	0.407956
1723	0.407784
1724	0.407612
1725	0.407440
1726	0.407269
1727	0.407097
1728	0.406925
1729	0.406752
1730	0.406580
1731	0.406408
1732	0.406236
1733	0.406064
1734	0.405891
1735	0.405719
1736	0.405546
1737	0.405374
1738	0.405201
1739	0.405029
1740	0.404856
1741	0.404683
1742	0.404510
1743	0.404337
1744	0.404165
1745	0.403992
1746	0.403819
1747	0.403645
1748	0.403472
1749	0.403299
1750	0.403126
1751	0.402953
1752	0.402779
1753	0.402606
1754	0.402432
1755	0.402259
1756	0.402085
1757	0.401912
1758	0.401738
1759	0.401564
1760	0.401391
1761	0.401217
1762	0.401043
1763	0.400869
1764	0.400695
1765	0.400521
1766	0.400347
1767	0.400173
1768	0.399999
1769	0.399825
1770	0.399650
1771	0.399476
1772	0.399302
1773	0.399127
1774	0.398953
1775	0.398778
1776	0.398604
1777	0.398429
1778	0.398254
1779	0.398079
1780	0.397905
1781	0.397730
1782	0.397555
1783	0.397380
1784	0.397205
1785	0.397030
1786	0.396855
1787	0.396680
1788	0.396505
1789	0.396329
1790	0.396154
1791	0.395979
1792	0.395803
1793	0.395628
1794	0.395452
1795	0.395277
1796	0.395101
1797	0.394926
1798	0.394750
1799	0.394574
1800	0.394399
1801	0.394223
1802	0.394047
1803	0.393871
1804	0.393695
1805	0.393519
1806	0.393343
1807	0.393167
1808	0.392991
1809	0.392814
1810	0.392638
1811	0.392462
1812	0.392286
1813	0.392109
1814	0.391933
1815	0.391756
1816	0.391580
1817	0.391403
1818	0.391226
1819	0.391050
1820	0.390873
1821	0.390696
1822	0.390519
1823	0.390343
1824	0.390166
1825	0.389989
1826	0.389812
1827	0.389635
1828	0.389458
1829	0.389280
1830	0.389103
1831	0.388926
1832	0.388749
1833	0.388571
1834	0.388394
1835	0.388217
1836	0.388039
1837	0.387862
1838	0.387684
1839	0.387507
1840	0.387329
1841	0.387151
1842	0.386973
1843	0.386796
1844	0.386618
1845	0.386440
1846	0.386262
1847	0.386084
1848	0.385906
1849	0.385728
1850	0.385550
1851	0.385372
1852	0.385194
1853	0.385016
1854	0.384837
1855	0.384659
1856	0.384481
1857	0.384302
1858	0.384124
1859	0.383945
1860	0.383767
1861	0.383588
1862	0.383410
1863	0.383231
1864	0.383052
1865	0.382874
1866	0.382695
1867	0.382516
1868	0.382337
1869	0.382158
1870	0.381979
1871	0.381800
1872	0.381621
1873	0.381442
1874	0.381263
1875	0.381084
1876	0.380905
1877	0.380725
1878	0.380546
1879	0.380367
1880	0.380187
1881	0.380008
1882	0.379828
1883	0.379649
1884	0.379469
1885	0.379290
1886	0.379110
1887	0.378931
1888	0.378751
1889	0.378571
1890	0.378391
1891	0.378211
1892	0.378032
1893	0.377852
1894	0.377672
1895	0.377492
1896	0.377312
1897	0.377132
1898	0.376951
1899	0.376771
1900	0.376591
1901	0.376411
1902	0.376231
1903	0.376050
1904	0.375870
1905	0.375690
1906	0.375509
1907	0.375329
1908	0.375148
1909	0.374968
1910	0.374787
1911	0.374606
1912	0.374426
1913	0.374245
1914	0.374064
1915	0.373883
1916	0.373702
1917	0.373522
1918	0.373341
1919	0.373160
1920	0.372979
1921	0.372798
1922	0.372617
1923	0.372436
1924	0.372254
1925	0.372073
1926	0.371892
1927	0.371711
1928	0.371529
1929	0.371348
1930	0.371167
1931	0.370985
1932	0.370804
1933	0.370622
1934	0.370441
1935	0.370259
1936	0.370078
1937	0.369896
1938	0.369714
1939	0.369533
1940	0.369351
1941	0.369169
1942	0.368987
1943	0.368805
1944	0.368623
1945	0.368441
1946	0.368259
1947	0.368077
1948	0.367895
1949	0.367713
1950	0.367531
1951	0.367349
1952	0.367167
1953	0.366984
1954	0.366802
1955	0.366620
1956	0.366437
1957	0.366255
1958	0.366073
1959	0.365890
1960	0.365708
1961	0.365525
1962	0.365343
1963	0.365160
1964	0.364977
1965	0.364795
1966	0.364612
1967	0.364429
1968	0.364246
1969	0.364063
1970	0.363881
1971	0.363698
1972	0.363515
1973	0.363332
1974	0.363149
1975	0.362966
1976	0.362783
1977	0.362599
1978	0.362416
1979	0.362233
1980	0.362050
1981	0.361867
1982	0.361683
1983	0.361500
1984	0.361317
1985	0.361133
1986	0.360950
1987	0.360766
1988	0.360583
1989	0.360399
1990	0.360216
1991	0.360032
1992	0.359848
1993	0.359665
1994	0.359481
1995	0.359297
1996	0.359114
1997	0.358930
1998	0.358746
1999	0.358562
2000	0.358378
2001	0.358194
2002	0.358010
2003	0.357826
2004	0.357642
2005	0.357458
2006	0.357274
2007	0.357090
2008	0.356905
2009	0.356721
2010	0.356537
2011	0.356353
2012	0.356168
2013	0.355984
2014	0.355800
2015	0.355615
2016	0.355431
2017	0.355246
2018	0.355062
2019	0.354877
2020	0.354693
2021	0.354508
2022	0.354323
2023	0.354139
2024	0.353954
2025	0.353769
2026	0.353584
2027	0.353399
2028	0.353215
2029	0.353030
2030	0.352845
2031	0.352660
2032	0.352475
2033	0.352290
2034	0.352105
2035	0.351920
2036	0.351735
2037	0.351549
2038	0.351364
2039	0.351179
2040	0.350994
2041	0.350808
2042	0.350623
2043	0.350438
2044	0.350252
2045	0.350067
2046	0.349882
2047	0.349696
2048	0.349511
2049	0.349325
2050	0.349140
2051	0.348954
2052	0.348768
2053	0.348583
2054	0.348397
2055	0.348211
2056	0.348025
2057	0.347840
2058	0.347654
2059	0.347468
2060	0.347282
2061	0.347096
2062	0.346910
2063	0.346724
2064	0.346538
2065	0.346352
2066	0.346166
2067	0.345980
2068	0.345794
2069	0.345608
2070	0.345422
2071	0.345235
2072	0.345049
2073	0.344863
2074	0.344677
2075	0.344490
2076	0.344304
2077	0.344117
2078	0.343931
2079	0.343745
2080	0.343558
2081	0.343372
2082	0.343185
2083	0.342998
2084	0.342812
2085	0.342625
2086	0.342438
2087	0.342252
2088	0.342065
2089	0.341878
2090	0.341691
2091	0.341505
2092	0.341318
2093	0.341131
2094	0.340944
2095	0.340757
2096	0.340570
2097	0.340383
2098	0.340196
2099	0.340009
2100	0.339822
2101	0.339635
2102	0.339448
2103	0.339260
2104	0.339073
2105	0.338886
2106	0.338699
2107	0.338511
2108	0.338324
2109	0.338137
2110	0.337949
2111	0.337762
2112	0.337575
2113	0.337387
2114	0.337200
2115	0.337012
2116	0.336825
2117	0.336637
2118	0.336449
2119	0.336262
2120	0.336074
2121	0.335886
2122	0.335699
2123	0.335511
2124	0.335323
2125	0.335135
2126	0.334948
2127	0.334760
2128	0.334572
2129	0.334384
2130	0.334196
2131	0.334008
2132	0.333820
2133	0.333632
2134	0.333444
2135	0.333256
2136	0.333068
2137	0.332879
2138	0.332691
2139	0.332503
2140	0.332315
2141	0.332127
2142	0.331938
2143	0.331750
2144	0.331562
2145	0.331373
2146	0.331185
2147	0.330997
2148	0.330808
2149	0.330620
2150	0.330431
2151	0.330243
2152	0.330054
2153	0.329865
2154	0.329677
2155	0.329488
2156	0.329300
2157	0.329111
2158	0.328922
2159	0.328733
2160	0.328545
2161	0.328356
2162	0.328167
2163	0.327978
2164	0.327789
2165	0.327600
2166	0.327412
2167	0.327223
2168	0.327034
2169	0.326845
2170	0.326656
2171	0.326467
2172	0.326277
2173	0.326088
2174	0.325899
2175	0.325710
2176	0.325521
2177	0.325332
2178	0.325142
2179	0.324953
2180	0.324764
2181	0.324574
2182	0.324385
2183	0.324196
2184	0.324006
2185	0.323817
2186	0.323627
2187	0.323438
2188	0.323249
2189	0.323059
2190	0.322869
2191	0.322680
2192	0.322490
2193	0.322301
2194	0.322111
2195	0.321921
2196	0.321732
2197	0.321542
2198	0.321352
2199	0.321162
2200	0.320973
2201	0.320783
2202	0.320593
2203	0.320403
2204	0.320213
2205	0.320023
2206	0.319833
2207	0.319643
2208	0.319453
2209	0.319263
2210	0.319073
2211	0.318883
2212	0.318693
2213	0.318503
2214	0.318313
2215	0.318122
2216	0.317932
2217	0.317742
2218	0.317552
2219	0.317361
2220	0.317171
2221	0.316981
2222	0.316790
2223	0.316600
2224	0.316410
2225	0.316219
2226	0.316029
2227	0.315838
2228	0.315648
2229	0.315457
2230	0.315267
2231	0.315076
2232	0.314886
2233	0.314695
2234	0.314504
2235	0.314314
2236	0.314123
2237	0.313932
2238	0.313742
2239	0.313551
2240	0.313360
2241	0.313169
2242	0.312978
2243	0.312787
2244	0.312597
2245	0.312406
2246	0.312215
2247	0.312024
2248	0.311833
2249	0.311642
2250	0.311451
2251	0.311260
2252	0.311069
2253	0.310878
2254	0.310686
2255	0.310495
2256	0.310304
2257	0.310113
2258	0.309922
2259	0.309731
2260	0.309539
2261	0.309348
2262	0.309157
2263	0.308965
2264	0.308774
2265	0.308583
2266	0.308391
2267	0.308200
2268	0.308008
2269	0.307817
2270	0.307625
2271	0.307434
2272	0.307242
2273	0.307051
2274	0.306859
2275	0.306668
2276	0.306476
2277	0.306284
2278	0.306093
2279	0.305901
2280	0.305709
2281	0.305518
2282	0.305326
2283	0.305134
2284	0.304942
2285	0.304750
2286	0.304559
2287	0.304367
2288	0.304175
2289	0.303983
2290	0.303791
2291	0.303599
2292	0.303407
2293	0.303215
2294	0.303023
2295	0.302831
2296	0.302639
2297	0.302447
2298	0.302255
2299	0.302063
2300	0.301870
2301	0.301678
2302	0.301486
2303	0.301294
2304	0.301102
2305	0.300909
2306	0.300717
2307	0.300525
2308	0.300332
2309	0.300140
2310	0.299948
2311	0.299755
2312	0.299563
2313	0.299370
2314	0.299178
2315	0.298986
2316	0.298793
2317	0.298600
2318	0.298408
2319	0.298215
2320	0.298023
2321	0.297830
2322	0.297638
2323	0.297445
2324	0.297252
2325	0.297060
2326	0.296867
2327	0.296674
2328	0.296481
2329	0.296289
2330	0.296096
2331	0.295903
2332	0.295710
2333	0.295517
2334	0.295324
2335	0.295131
2336	0.294939
2337	0.294746
2338	0.294553
2339	0.294360
2340	0.294167
2341	0.293974
2342	0.293781
2343	0.293587
2344	0.293394
2345	0.293201
2346	0.293008
2347	0.292815
2348	0.292622
2349	0.292429
2350	0.292235
2351	0.292042
2352	0.291849
2353	0.291656
2354	0.291462
2355	0.291269
2356	0.291076
2357	0.290882
2358	0.290689
2359	0.290496
2360	0.290302
2361	0.290109
2362	0.289915
2363	0.289722
2364	0.289528
2365	0.289335
2366	0.289141
2367	0.288948
2368	0.288754
2369	0.288561
2370	0.288367
2371	0.288173
2372	0.287980
2373	0.287786
2374	0.287592
2375	0.287399
2376	0.287205
2377	0.287011
2378	0.286817
2379	0.286624
2380	0.286430
2381	0.286236
2382	0.286042
2383	0.285848
2384	0.285654
2385	0.285460
2386	0.285266
2387	0.285073
2388	0.284879
2389	0.284685
2390	0.284491
2391	0.284297
2392	0.284102
2393	0.283908
2394	0.283714
2395	0.283520
2396	0.283326
2397	0.283132
2398	0.282938
2399	0.282744
2400	0.282549
2401	0.282355
2402	0.282161
2403	0.281967
2404	0.281772
2405	0.281578
2406	0.281384
2407	0.281190
2408	0.280995
2409	0.280801
2410	0.280606
2411	0.280412
2412	0.280218
2413	0.280023
2414	0.279829
2415	0.279634
2416	0.279440
2417	0.279245
2418	0.279051
2419	0.278856
2420	0.278662
2421	0.278467
2422	0.278272
2423	0.278078
2424	0.277883
2425	0.277688
2426	0.277494
2427	0.277299
2428	0.277104
2429	0.276910
2430	0.276715
2431	0.276520
2432	0.276325
2433	0.276130
2434	0.275936
2435	0.275741
2436	0.275546
2437	0.275351
2438	0.275156
2439	0.274961
2440	0.274766
2441	0.274571
2442	0.274376
2443	0.274181
2444	0.273986
2445	0.273791
2446	0.273596
2447	0.273401
2448	0.273206
2449	0.273011
2450	0.272816
2451	0.272621
2452	0.272426
2453	0.272230
2454	0.272035
2455	0.271840
2456	0.271645
2457	0.271450
2458	0.271254
2459	0.271059
2460	0.270864
2461	0.270668
2462	0.270473
2463	0.270278
2464	0.270082
2465	0.269887
2466	0.269692
2467	0.269496
2468	0.269301
2469	0.269105
2470	0.268910
2471	0.268714
2472	0.268519
2473	0.268323
2474	0.268128
2475	0.267932
2476	0.267737
2477	0.267541
2478	0.267345
2479	0.267150
2480	0.266954
2481	0.266759
2482	0.266563
2483	0.266367
2484	0.266171
2485	0.265976
2486	0.265780
2487	0.265584
2488	0.265388
2489	0.265193
2490	0.264997
2491	0.264801
2492	0.264605
2493	0.264409
2494	0.264213
2495	0.264018
2496	0.263822
2497	0.263626
2498	0.263430
2499	0.263234
2500	0.263038
2501	0.262842
2502	0.262646
2503	0.262450
2504	0.262254
2505	0.262058
2506	0.261862
2507	0.261666
2508	0.261469
2509	0.261273
2510	0.261077
2511	0.260881
2512	0.260685
2513	0.260489
2514	0.260292
2515	0.260096
2516	0.259900
2517	0.259704
2518	0.259507
2519	0.259311
2520	0.259115
2521	0.258919
2522	0.258722
2523	0.258526
2524	0.258330
2525	0.258133
2526	0.257937
2527	0.257740
2528	0.257544
2529	0.257347
2530	0.257151
2531	0.256954
2532	0.256758
2533	0.256561
2534	0.256365
2535	0.256168
2536	0.255972
2537	0.255775
2538	0.255579
2539	0.255382
2540	0.255185
2541	0.254989
2542	0.254792
2543	0.254595
2544	0.254399
2545	0.254202
2546	0.254005
2547	0.253809
2548	0.253612
2549	0.253415
2550	0.253218
2551	0.253022
2552	0.252825
2553	0.252628
2554	0.252431
2555	0.252234
2556	0.252037
2557	0.251840
2558	0.251644
2559	0.251447
2560	0.251250
2561	0.251053
2562	0.250856
2563	0.250659
2564	0.250462
2565	0.250265
2566	0.250068
2567	0.249871
2568	0.249674
2569	0.249477
2570	0.249280
2571	0.249082
2572	0.248885
2573	0.248688
2574	0.248491
2575	0.248294
2576	0.248097
2577	0.247900
2578	0.247702
2579	0.247505
2580	0.247308
2581	0.247111
2582	0.246913
2583	0.246716
2584	0.246519
2585	0.246321
2586	0.246124
2587	0.245927
2588	0.245729
2589	0.245532
2590	0.245335
2591	0.245137
2592	0.244940
2593	0.244742
2594	0.244545
2595	0.244348
2596	0.244150
2597	0.243953
2598	0.243755
2599	0.243558
2600	0.243360
2601	0.243162
2602	0.242965
2603	0.242767
2604	0.242570
2605	0.242372
2606	0.242175
2607	0.241977
2608	0.241779
2609	0.241582
2610	0.241384
2611	0.241186
2612	0.240989
2613	0.240791
2614	0.240593
2615	0.240395
2616	0.240198
2617	0.240000
2618	0.239802
2619	0.239604
2620	0.239406
2621	0.239209
2622	0.239011
2623	0.238813
2624	0.238615
2625	0.238417
2626	0.238219
2627	0.238021
2628	0.237823
2629	0.237625
2630	0.237427
2631	0.237230
2632	0.237032
2633	0.236834
2634	0.236636
2635	0.236437
2636	0.236239
2637	0.236041
2638	0.235843
2639	0.235645
2640	0.235447
2641	0.235249
2642	0.235051
2643	0.234853
2644	0.234655
2645	0.234456
2646	0.234258
2647	0.234060
2648	0.233862
2649	0.233664
2650	0.233465
2651	0.233267
2652	0.233069
2653	0.232871
2654	0.232672
2655	0.232474
2656	0.232276
2657	0.232077
2658	0.231879
2659	0.231681
2660	0.231482
2661	0.231284
2662	0.231086
2663	0.230887
2664	0.230689
2665	0.230490
2666	0.230292
2667	0.230093
2668	0.229895
2669	0.229697
2670	0.229498
2671	0.229300
2672	0.229101
2673	0.228902
2674	0.228704
2675	0.228505
2676	0.228307
2677	0.228108
2678	0.227910
2679	0.227711
2680	0.227512
2681	0.227314
2682	0.227115
2683	0.226916
2684	0.226718
2685	0.226519
2686	0.226320
2687	0.226122
2688	0.225923
2689	0.225724
2690	0.225525
2691	0.225327
2692	0.225128
2693	0.224929
2694	0.224730
2695	0.224531
2696	0.224332
2697	0.224134
2698	0.223935
2699	0.223736
2700	0.223537
2701	0.223338
2702	0.223139
2703	0.222940
2704	0.222741
2705	0.222542
2706	0.222343
2707	0.222144
2708	0.221945
2709	0.221746
2710	0.221547
2711	0.221348
2712	0.221149
2713	0.220950
2714	0.220751
2715	0.220552
2716	0.220353
2717	0.220154
2718	0.219955
2719	0.219756
2720	0.219557
2721	0.219357
2722	0.219158
2723	0.218959
2724	0.218760
2725	0.218561
2726	0.218362
2727	0.218162
2728	0.217963
2729	0.217764
2730	0.217565
2731	0.217365
2732	0.217166
2733	0.216967
2734	0.216767
2735	0.216568
2736	0.216369
2737	0.216169
2738	0.215970
2739	0.215771
2740	0.215571
2741	0.215372
2742	0.215173
2743	0.214973
2744	0.214774
2745	0.214574
2746	0.214375
2747	0.214175
2748	0.213976
2749	0.213776
2750	0.213577
2751	0.213377
2752	0.213178
2753	0.212978
2754	0.212779
2755	0.212579
2756	0.212380
2757	0.212180
2758	0.211980
2759	0.211781
2760	0.211581
2761	0.211382
2762	0.211182
2763	0.210982
2764	0.210783
2765	0.210583
2766	0.210383
2767	0.210184
2768	0.209984
2769	0.209784
2770	0.209584
2771	0.209385
2772	0.209185
2773	0.208985
2774	0.208785
2775	0.208586
2776	0.208386
2777	0.208186
2778	0.207986
2779	0.207786
2780	0.207587
2781	0.207387
2782	0.207187
2783	0.206987
2784	0.206787
2785	0.206587
2786	0.206387
2787	0.206187
2788	0.205987
2789	0.205787
2790	0.205587
2791	0.205387
2792	0.205188
2793	0.204988
2794	0.204788
2795	0.204588
2796	0.204387
2797	0.204187
2798	0.203987
2799	0.203787
2800	0.203587
2801	0.203387
2802	0.203187
2803	0.202987
2804	0.202787
2805	0.202587
2806	0.202387
2807	0.202186
2808	0.201986
2809	0.201786
2810	0.201586
2811	0.201386
2812	0.201186
2813	0.200985
2814	0.200785
2815	0.200585
2816	0.200385
2817	0.200184
2818	0.199984
2819	0.199784
2820	0.199584
2821	0.199383
2822	0.199183
2823	0.198983
2824	0.198782
2825	0.198582
2826	0.198382
2827	0.198181
2828	0.197981
2829	0.197781
2830	0.197580
2831	0.197380
2832	0.197179
2833	0.196979
2834	0.196778
2835	0.196578
2836	0.196378
2837	0.196177
2838	0.195977
2839	0.195776
2840	0.195576
2841	0.195375
2842	0.195175
2843	0.194974
2844	0.194774
2845	0.194573
2846	0.194372
2847	0.194172
2848	0.193971
2849	0.193771
2850	0.193570
2851	0.193369
2852	0.193169
2853	0.192968
2854	0.192768
2855	0.192567
2856	0.192366
2857	0.192166
2858	0.191965
2859	0.191764
2860	0.191564
2861	0.191363
2862	0.191162
2863	0.190961
2864	0.190761
2865	0.190560
2866	0.190359
2867	0.190158
2868	0.189958
2869	0.189757
2870	0.189556
2871	0.189355
2872	0.189154
2873	0.188953
2874	0.188753
2875	0.188552
2876	0.188351
2877	0.188150
2878	0.187949
2879	0.187748
2880	0.187547
2881	0.187346
2882	0.187146
2883	0.186945
2884	0.186744
2885	0.186543
2886	0.186342
2887	0.186141
2888	0.185940
2889	0.185739
2890	0.185538
2891	0.185337
2892	0.185136
2893	0.184935
2894	0.184734
2895	0.184533
2896	0.184332
2897	0.184131
2898	0.183929
2899	0.183728
2900	0.183527
2901	0.183326
2902	0.183125
2903	0.182924
2904	0.182723
2905	0.182522
2906	0.182320
2907	0.182119
2908	0.181918
2909	0.181717
2910	0.181516
2911	0.181315
2912	0.181113
2913	0.180912
2914	0.180711
2915	0.180510
2916	0.180308
2917	0.180107
2918	0.179906
2919	0.179705
2920	0.179503
2921	0.179302
2922	0.179101
2923	0.178899
2924	0.178698
2925	0.178497
2926	0.178295
2927	0.178094
2928	0.177893
2929	0.177691
2930	0.177490
2931	0.177289
2932	0.177087
2933	0.176886
2934	0.176684
2935	0.176483
2936	0.176282
2937	0.176080
2938	0.175879
2939	0.175677
2940	0.175476
2941	0.175274
2942	0.175073
2943	0.174871
2944	0.174670
2945	0.174468
2946	0.174267
2947	0.174065
2948	0.173864
2949	0.173662
2950	0.173461
2951	0.173259
2952	0.173057
2953	0.172856
2954	0.172654
2955	0.172453
2956	0.172251
2957	0.172049
2958	0.171848
2959	0.171646
2960	0.171444
2961	0.171243
2962	0.171041
2963	0.170840
2964	0.170638
2965	0.170436
2966	0.170234
2967	0.170033
2968	0.169831
2969	0.169629
2970	0.169428
2971	0.169226
2972	0.169024
2973	0.168822
2974	0.168621
2975	0.168419
2976	0.168217
2977	0.168015
2978	0.167813
2979	0.167612
2980	0.167410
2981	0.167208
2982	0.167006
2983	0.166804
2984	0.166602
2985	0.166401
2986	0.166199
2987	0.165997
2988	0.165795
2989	0.165593
2990	0.165391
2991	0.165189
2992	0.164987
2993	0.164785
2994	0.164583
2995	0.164382
2996	0.164180
2997	0.163978
2998	0.163776
2999	0.163574
3000	0.163372
3001	0.163170
3002	0.162968
3003	0.162766
3004	0.162564
3005	0.162362
3006	0.162160
3007	0.161958
3008	0.161756
3009	0.161553
3010	0.161351
3011	0.161149
3012	0.160947
3013	0.160745
3014	0.160543
3015	0.160341
3016	0.160139
3017	0.159937
3018	0.159735
3019	0.159532
3020	0.159330
3021	0.159128
3022	0.158926
3023	0.158724
3024	0.158522
3025	0.158319
3026	0.158117
3027	0.157915
3028	0.157713
3029	0.157511
3030	0.157308
3031	0.157106
3032	0.156904
3033	0.156702
3034	0.156499
3035	0.156297
3036	0.156095
3037	0.155893
3038	0.155690
3039	0.155488
3040	0.155286
3041	0.155083
3042	0.154881
3043	0.154679
3044	0.154476
3045	0.154274
3046	0.154072
3047	0.153869
3048	0.153667
3049	0.153465
3050	0.153262
3051	0.153060
3052	0.152858
3053	0.152655
3054	0.152453
3055	0.152250
3056	0.152048
3057	0.151845
3058	0.151643
3059	0.151441
3060	0.151238
3061	0.151036
3062	0.150833
3063	0.150631
3064	0.150428
3065	0.150226
3066	0.150023
3067	0.149821
3068	0.149618
3069	0.149416
3070	0.149213
3071	0.149011
3072	0.148808
3073	0.148606
3074	0.148403
3075	0.148200
3076	0.147998
3077	0.147795
3078	0.147593
3079	0.147390
3080	0.147187
3081	0.146985
3082	0.146782
3083	0.146580
3084	0.146377
3085	0.146174
3086	0.145972
3087	0.145769
3088	0.145566
3089	0.145364
3090	0.145161
3091	0.144958
3092	0.144756
3093	0.144553
3094	0.144350
3095	0.144148
3096	0.143945
3097	0.143742
3098	0.143539
3099	0.143337
3100	0.143134
3101	0.142931
3102	0.142728
3103	0.142526
3104	0.142323
3105	0.142120
3106	0.141917
3107	0.141715
3108	0.141512
3109	0.141309
3110	0.141106
3111	0.140903
3112	0.140701
3113	0.140498
3114	0.140295
3115	0.140092
3116	0.139889
3117	0.139686
3118	0.139483
3119	0.139281
3120	0.139078
3121	0.138875
3122	0.138672
3123	0.138469
3124	0.138266
3125	0.138063
3126	0.137860
3127	0.137657
3128	0.137454
3129	0.137251
3130	0.137049
3131	0.136846
3132	0.136643
3133	0.136440
3134	0.136237
3135	0.136034
3136	0.135831
3137	0.135628
3138	0.135425
3139	0.135222
3140	0.135019
3141	0.134816
3142	0.134613
3143	0.134410
3144	0.134207
3145	0.134004
3146	0.133800
3147	0.133597
3148	0.133394
3149	0.133191
3150	0.132988
3151	0.132785
3152	0.132582
3153	0.132379
3154	0.132176
3155	0.131973
3156	0.131770
3157	0.131566
3158	0.131363
3159	0.131160
3160	0.130957
3161	0.130754
3162	0.130551
3163	0.130348
3164	0.130144
3165	0.129941
3166	0.129738
3167	0.129535
3168	0.129332
3169	0.129129
3170	0.128925
3171	0.128722
3172	0.128519
3173	0.128316
3174	0.128112
3175	0.127909
3176	0.127706
3177	0.127503
3178	0.127299
3179	0.127096
3180	0.126893
3181	0.126690
3182	0.126486
3183	0.126283
3184	0.126080
3185	0.125877
3186	0.125673
3187	0.125470
3188	0.125267
3189	0.125063
3190	0.124860
3191	0.124657
3192	0.124453
3193	0.124250
3194	0.124047
3195	0.123843
3196	0.123640
3197	0.123437
3198	0.123233
3199	0.123030
3200	0.122826
3201	0.122623
3202	0.122420
3203	0.122216
3204	0.122013
3205	0.121809
3206	0.121606
3207	0.121403
3208	0.121199
3209	0.120996
3210	0.120792
3211	0.120589
3212	0.120385
3213	0.120182
3214	0.119978
3215	0.119775
3216	0.119571
3217	0.119368
3218	0.119165
3219	0.118961
3220	0.118758
3221	0.118554
3222	0.118351
3223	0.118147
3224	0.117943
3225	0.117740
3226	0.117536
3227	0.117333
3228	0.117129
3229	0.116926
3230	0.116722
3231	0.116519
3232	0.116315
3233	0.116112
3234	0.115908
3235	0.115704
3236	0.115501
3237	0.115297
3238	0.115094
3239	0.114890
3240	0.114686
3241	0.114483
3242	0.114279
3243	0.114076
3244	0.113872
3245	0.113668
3246	0.113465
3247	0.113261
3248	0.113057
3249	0.112854
3250	0.112650
3251	0.112446
3252	0.112243
3253	0.112039
3254	0.111835
3255	0.111632
3256	0.111428
3257	0.111224
3258	0.111021
3259	0.110817
3260	0.110613
3261	0.110409
3262	0.110206
3263	0.110002
3264	0.109798
3265	0.109594
3266	0.109391
3267	0.109187
3268	0.108983
3269	0.108779
3270	0.108576
3271	0.108372
3272	0.108168
3273	0.107964
3274	0.107761
3275	0.107557
3276	0.107353
3277	0.107149
3278	0.106945
3279	0.106742
3280	0.106538
3281	0.106334
3282	0.106130
3283	0.105926
3284	0.105722
3285	0.105519
3286	0.105315
3287	0.105111
3288	0.104907
3289	0.104703
3290	0.104499
3291	0.104295
3292	0.104092
3293	0.103888
3294	0.103684
3295	0.103480
3296	0.103276
3297	0.103072
3298	0.102868
3299	0.102664
3300	0.102460
3301	0.102256
3302	0.102053
3303	0.101849
3304	0.101645
3305	0.101441
3306	0.101237
3307	0.101033
3308	0.100829
3309	0.100625
3310	0.100421
3311	0.100217
3312	0.100013
3313	0.099809
3314	0.099605
3315	0.099401
3316	0.099197
3317	0.098993
3318	0.098789
3319	0.098585
3320	0.098381
3321	0.098177
3322	0.097973
3323	0.097769
3324	0.097565
3325	0.097361
3326	0.097157
3327	0.096953
3328	0.096749
3329	0.096545
3330	0.096341
3331	0.096137
3332	0.095933
3333	0.095729
3334	0.095525
3335	0.095321
3336	0.095116
3337	0.094912
3338	0.094708
3339	0.094504
3340	0.094300
3341	0.094096
3342	0.093892
3343	0.093688
3344	0.093484
3345	0.093280
3346	0.093075
3347	0.092871
3348	0.092667
3349	0.092463
3350	0.092259
3351	0.092055
3352	0.091851
3353	0.091647
3354	0.091442
3355	0.091238
3356	0.091034
3357	0.090830
3358	0.090626
3359	0.090422
3360	0.090217
3361	0.090013
3362	0.089809
3363	0.089605
3364	0.089401
3365	0.089197
3366	0.088992
3367	0.088788
3368	0.088584
3369	0.088380
3370	0.088175
3371	0.087971
3372	0.087767
3373	0.087563
3374	0.087359
3375	0.087154
3376	0.086950
3377	0.086746
3378	0.086542
3379	0.086337
3380	0.086133
3381	0.085929
3382	0.085725
3383	0.085520
3384	0.085316
3385	0.085112
3386	0.084908
3387	0.084703
3388	0.084499
3389	0.084295
3390	0.084091
3391	0.083886
3392	0.083682
3393	0.083478
3394	0.083273
3395	0.083069
3396	0.082865
3397	0.082661
3398	0.082456
3399	0.082252
3400	0.082048
3401	0.081843
3402	0.081639
3403	0.081435
3404	0.081230
3405	0.081026
3406	0.080822
3407	0.080617
3408	0.080413
3409	0.080209
3410	0.080004
3411	0.079800
3412	0.079596
3413	0.079391
3414	0.079187
3415	0.078983
3416	0.078778
3417	0.078574
3418	0.078370
3419	0.078165
3420	0.077961
3421	0.077757
3422	0.077552
3423	0.077348
3424	0.077143
3425	0.076939
3426	0.076735
3427	0.076531
3428	0.076326
3429	0.076122
3430	0.075917
3431	0.075713
3432	0.075508
3433	0.075304
3434	0.075100
3435	0.074896
3436	0.074691
3437	0.074487
3438	0.074282
3439	0.074078
3440	0.073873
3441	0.073669
3442	0.073465
3443	0.073261
3444	0.073056
3445	0.072852
3446	0.072647
3447	0.072443
3448	0.072238
3449	0.072034
3450	0.071830
3451	0.071625
3452	0.071421
3453	0.071217
3454	0.071012
3455	0.070808
3456	0.070603
3457	0.070399
3458	0.070194
3459	0.069990
3460	0.069786
3461	0.069582
3462	0.069377
3463	0.069173
3464	0.068968
3465	0.068764
3466	0.068559
3467	0.068356
3468	0.068151
3469	0.067947
3470	0.067742
3471	0.067538
3472	0.067333
3473	0.067129
3474	0.066925
3475	0.066721
3476	0.066516
3477	0.066312
3478	0.066107
3479	0.065903
3480	0.065699
3481	0.065495
3482	0.065290
3483	0.065086
3484	0.064881
3485	0.064678
3486	0.064473
3487	0.064269
3488	0.064064
3489	0.063860
3490	0.063656
3491	0.063452
3492	0.063247
3493	0.063043
3494	0.062838
3495	0.062635
3496	0.062430
3497	0.062227
3498	0.062022
3499	0.061818
3500	0.061613
3501	0.061410
3502	0.061205
3503	0.061001
3504	0.060796
3505	0.060593
3506	0.060388
3507	0.060185
3508	0.059980
3509	0.059777
3510	0.059572
3511	0.059368
3512	0.059163
3513	0.058960
3514	0.058755
3515	0.058552
3516	0.058347
3517	0.058144
3518	0.057939
3519	0.057736
3520	0.057531
3521	0.057328
3522	0.057123
3523	0.056921
3524	0.056715
3525	0.056513
3526	0.056308
3527	0.056105
3528	0.055900
3529	0.055697
3530	0.055492
3531	0.055290
3532	0.055085
3533	0.054882
3534	0.054677
3535	0.054475
3536	0.054270
3537	0.054068
3538	0.053862
3539	0.053660
3540	0.053455
3541	0.053253
3542	0.053048
3543	0.052846
3544	0.052641
3545	0.052439
3546	0.052234
3547	0.052032
3548	0.051827
3549	0.051626
3550	0.051420
3551	0.051219
3552	0.051014
3553	0.050812
3554	0.050607
3555	0.050406
3556	0.050201
3557	0.050000
3558	0.049794
3559	0.049594
3560	0.049388
3561	0.049188
3562	0.048982
3563	0.048782
3564	0.048577
3565	0.048376
3566	0.048171
3567	0.047971
3568	0.047765
3569	0.047566
3570	0.047360
3571	0.047160
3572	0.046955
3573	0.046755
3574	0.046550
3575	0.046351
3576	0.046145
3577	0.045946
3578	0.045741
3579	0.045542
3580	0.045336
3581	0.045137
3582	0.044932
3583	0.044734
3584	0.044528
3585	0.044330
3586	0.044125
3587	0.043926
3588	0.043721
3589	0.043523
3590	0.043318
3591	0.043120
3592	0.042915
3593	0.042717
3594	0.042512
3595	0.042315
3596	0.042110
3597	0.041913
3598	0.041708
3599	0.041511
3600	0.041306
3601	0.041109
3602	0.040904
3603	0.040708
3604	0.040503
3605	0.040307
3606	0.040102
3607	0.039907
3608	0.039702
3609	0.039506
3610	0.039302
3611	0.039106
3612	0.038902
3613	0.038707
3614	0.038503
3615	0.038308
3616	0.038104
3617	0.037909
3618	0.037705
3619	0.037511
3620	0.037307
3621	0.037113
3622	0.036909
3623	0.036716
3624	0.036512
3625	0.036319
3626	0.036115
3627	0.035922
3628	0.035719
3629	0.035526
3630	0.035323
3631	0.035131
3632	0.034928
3633	0.034736
3634	0.034533
3635	0.034342
3636	0.034139
3637	0.033948
3638	0.033745
3639	0.033555
3640	0.033352
3641	0.033162
3642	0.032960
3643	0.032770
3644	0.032568
3645	0.032379
3646	0.032177
3647	0.031988
3648	0.031786
3649	0.031598
3650	0.031396
3651	0.031209
3652	0.031007
3653	0.030820
3654	0.030619
3655	0.030432
3656	0.030231
3657	0.030045
3658	0.029845
3659	0.029659
3660	0.029459
3661	0.029273
3662	0.029074
3663	0.028889
3664	0.028689
3665	0.028505
3666	0.028306
3667	0.028122
3668	0.027924
3669	0.027741
3670	0.027542
3671	0.027360
3672	0.027162
3673	0.026980
3674	0.026782
3675	0.026601
3676	0.026404
3677	0.026223
3678	0.026026
3679	0.025846
3680	0.025650
3681	0.025470
3682	0.025275
3683	0.025096
3684	0.024901
3685	0.024723
3686	0.024528
3687	0.024350
3688	0.024156
3689	0.023979
3690	0.023786
3691	0.023610
3692	0.023417
3693	0.023242
3694	0.023049
3695	0.022875
3696	0.022683
3697	0.022509
3698	0.022318
3699	0.022145
3700	0.021954
3701	0.021782
3702	0.021592
3703	0.021421
3704	0.021232
3705	0.021061
3706	0.020873
3707	0.020703
3708	0.020516
3709	0.020347
3710	0.020160
3711	0.019992
3712	0.019806
3713	0.019639
3714	0.019454
3715	0.019288
3716	0.019104
3717	0.018939
3718	0.018755
3719	0.018591
3720	0.018408
3721	0.018245
3722	0.018064
3723	0.017902
3724	0.017721
3725	0.017560
3726	0.017380
3727	0.017220
3728	0.017042
3729	0.016883
3730	0.016705
3731	0.016547
3732	0.016371
3733	0.016214
3734	0.016039
3735	0.015883
3736	0.015709
3737	0.015555
3738	0.015382
3739	0.015229
3740	0.015057
3741	0.014905
3742	0.014735
3743	0.014584
3744	0.014414
3745	0.014265
3746	0.014097
3747	0.013949
3748	0.013782
3749	0.013635
3750	0.013470
3751	0.013324
3752	0.013161
3753	0.013016
3754	0.012854
3755	0.012711
3756	0.012550
3757	0.012409
3758	0.012249
3759	0.012109
3760	0.011952
3761	0.011813
3762	0.011657
3763	0.011519
3764	0.011365
3765	0.011229
3766	0.011076
3767	0.010942
3768	0.010791
3769	0.010658
3770	0.010509
3771	0.010378
3772	0.010230
3773	0.010100
3774	0.009954
3775	0.009826
3776	0.009682
3777	0.009556
3778	0.009414
3779	0.009289
3780	0.009149
3781	0.009026
3782	0.008887
3783	0.008766
3784	0.008630
3785	0.008510
3786	0.008376
3787	0.008258
3788	0.008125
3789	0.008009
3790	0.007879
3791	0.007764
3792	0.007636
3793	0.007523
3794	0.007397
3795	0.007286
3796	0.007162
3797	0.007053
3798	0.006931
3799	0.006824
3800	0.006704
3801	0.006599
3802	0.006482
3803	0.006378
3804	0.006263
3805	0.006162
3806	0.006048
3807	0.005949
3808	0.005838
3809	0.005741
3810	0.005632
3811	0.005536
3812	0.005430
3813	0.005336
3814	0.005232
3815	0.005141
3816	0.005039
3817	0.004949
3818	0.004849
3819	0.004762
3820	0.004664
3821	0.004579
3822	0.004484
3823	0.004400
3824	0.004308
3825	0.004226
3826	0.004136
3827	0.004056
3828	0.003968
3829	0.003891
3830	0.003805
3831	0.003729
3832	0.003646
3833	0.003572
3834	0.003491
3835	0.003420
3836	0.003341
3837	0.003271
3838	0.003195
3839	0.003127
3840	0.003053
3841	0.002988
3842	0.002915
3843	0.002852
3844	0.002782
3845	0.002721
3846	0.002653
3847	0.002594
3848	0.002528
3849	0.002470
3850	0.002407
3851	0.002351
3852	0.002290
3853	0.002237
3854	0.002177
3855	0.002126
3856	0.002069
3857	0.002019
3858	0.001964
3859	0.001916
3860	0.001863
3861	0.001816
3862	0.001765
3863	0.001721
3864	0.001672
3865	0.001629
3866	0.001582
3867	0.001541
3868	0.001496
3869	0.001456
3870	0.001413
3871	0.001375
3872	0.001334
3873	0.001298
3874	0.001258
3875	0.001223
3876	0.001186
3877	0.001152
3878	0.001116
3879	0.001085
3880	0.001050
3881	0.001020
3882	0.000987
3883	0.000958
3884	0.000927
3885	0.000899
3886	0.000870
3887	0.000844
3888	0.000815
3889	0.000790
3890	0.000764
3891	0.000740
3892	0.000715
3893	0.000692
3894	0.000668
3895	0.000647
3896	0.000624
3897	0.000604
3898	0.000582
3899	0.000563
3900	0.000543
3901	0.000525
3902	0.000506
3903	0.000489
3904	0.000471
3905	0.000455
3906	0.000438
3907	0.000423
3908	0.000406
3909	0.000392
3910	0.000377
3911	0.000364
3912	0.000350
3913	0.000337
3914	0.000324
3915	0.000312
3916	0.000300
3917	0.000289
3918	0.000277
3919	0.000267
3920	0.000256
3921	0.000246
3922	0.000236
3923	0.000227
3924	0.000218
3925	0.000209
3926	0.000200
3927	0.000193
3928	0.000184
3929	0.000177
3930	0.000169
3931	0.000163
3932	0.000155
3933	0.000149
3934	0.000143
3935	0.000137
3936	0.000131
3937	0.000125
3938	0.000120
3939	0.000115
3940	0.000109
3941	0.000105
3942	0.000100
3943	0.000096
3944	0.000091
3945	0.000087
3946	0.000083
3947	0.000080
3948	0.000076
3949	0.000072
3950	0.000069
3951	0.000066
3952	0.000063
3953	0.000060
3954	0.000057
3955	0.000054
3956	0.000052
3957	0.000049
3958	0.000047
3959	0.000045
3960	0.000042
3961	0.000040
3962	0.000038
3963	0.000036
3964	0.000035
3965	0.000033
3966	0.000031
3967	0.000030
3968	0.000028
3969	0.000027
3970	0.000025
3971	0.000024
3972	0.000023
3973	0.000022
3974	0.000020
3975	0.000019
3976	0.000018
3977	0.000017
3978	0.000016
3979	0.000016
3980	0.000015
3981	0.000014
3982	0.000013
3983	0.000013
3984	0.000012
3985	0.000011
3986	0.000011
3987	0.000010
3988	0.000009
3989	0.000009
3990	0.000008
3991	0.000008
3992	0.000007
3993	0.000007
3994	0.000007
3995	0.000006
3996	0.000006
3997	0.000005
3998	0.000004
3999	0.000003
4000	0.000000
4001	0.000000
