0	0.000000
1	0.000000
2	0.000000
3	0.000000
4	0.000000
5	0.000000
6	0.000000
7	0.000000
8	0.000000
9	0.000000
10	0.000000
11	0.000000
12	0.000000
13	0.000000
14	0.000000
15	0.000000
16	0.000000
17	0.000000
18	0.000000
19	0.000000
20	0.000000
21	0.000000
22	0.000000
23	0.000000
24	0.000000
25	0.000000
26	0.000000
27	0.000000
28	0.000000
29	0.000000
30	0.000000
31	0.000000
32	0.000000
33	0.000000
34	0.000000
35	0.000000
36	0.000000
37	0.000000
38	0.000000
39	0.000000
40	0.000000
41	0.000000
42	0.000000
43	0.000000
44	0.000000
45	0.000000
46	0.000000
47	0.000000
48	0.000000
49	0.000000
50	0.000000
51	0.000000
52	0.000000
53	0.000000
54	0.000000
55	0.000000
56	0.000000
57	0.000000
58	0.000000
59	0.000000
60	0.000000
61	0.000000
62	0.000000
63	0.000000
64	0.000000
65	0.000000
66	0.000000
67	0.000000
68	0.000000
69	0.000000
70	0.000000
71	0.000000
72	0.000000
73	0.000000
74	0.000000
75	0.000000
76	0.000000
77	0.000000
78	0.000000
79	0.000000
80	0.000000
81	0.000000
82	0.000000
83	0.000000
84	0.000000
85	0.000000
86	0.000000
87	0.000000
88	0.000000
89	0.000000
90	0.000000
91	0.000000
92	0.000000
93	0.000000
94	0.000000
95	0.000000
96	0.000000
97	0.000000
98	0.000000
99	0.000000
100	0.000000
101	0.000000
102	0.000000
103	0.000000
104	0.000000
105	0.000000
106	0.000000
107	0.000000
108	0.000000
109	0.000000
110	0.000000
111	0.000000
112	0.000000
113	0.000000
114	0.000000
115	0.000000
116	0.000000
117	0.000000
118	0.000000
119	0.000000
120	0.000000
121	0.000000
122	0.000000
123	0.000000
124	0.000001
125	0.000001
126	0.000001
127	0.000001
128	0.000001
129	0.000001
130	0.000002
131	0.000002
132	0.000002
133	0.000003
134	0.000004
135	0.000004
136	0.000005
137	0.000006
138	0.000007
139	0.000008
140	0.000010
141	0.000012
142	0.000014
143	0.000016
144	0.000019
145	0.000022
146	0.000026
147	0.000030
148	0.000035
149	0.000040
150	0.000047
151	0.000054
152	0.000062
153	0.000072
154	0.000083
155	0.000095
156	0.000109
157	0.000124
158	0.000142
159	0.000162
160	0.000184
161	0.000209
162	0.000237
163	0.000269
164	0.000304
165	0.000343
166	0.000386
167	0.000434
168	0.000487
169	0.000546
170	0.000611
171	0.000682
172	0.000761
173	0.000847
174	0.000941
175	0.001045
176	0.001157
177	0.001281
178	0.001414
179	0.001559
180	0.001716
181	0.001887
182	0.002070
183	0.002269
184	0.002482
185	0.002712
186	0.002957
187	0.003221
188	0.003502
189	0.003803
190	0.004122
191	0.004462
192	0.004823
193	0.005206
194	0.005610
195	0.006038
196	0.006487
197	0.006962
198	0.007459
199	0.007982
200	0.008527
201	0.009099
202	0.009695
203	0.010316
204	0.010961
205	0.011632
206	0.012326
207	0.013046
208	0.013788
209	0.014555
210	0.015343
211	0.016155
212	0.016988
213	0.017843
214	0.018717
215	0.019611
216	0.020524
217	0.021455
218	0.022403
219	0.023368
220	0.024347
221	0.025341
222	0.026348
223	0.027368
224	0.028399
225	0.029442
226	0.030494
227	0.031556
228	0.032626
229	0.033704
230	0.034788
231	0.035879
232	0.036975
233	0.038077
234	0.039183
235	0.040293
236	0.041406
237	0.042522
238	0.043641
239	0.044762
240	0.045885
241	0.047010
242	0.048136
243	0.049264
244	0.050392
245	0.051521
246	0.052650
247	0.053780
248	0.054910
249	0.056040
250	0.057171
251	0.058301
252	0.059431
253	0.060561
254	0.061691
255	0.062821
256	0.063950
257	0.065079
258	0.066208
259	0.067336
260	0.068463
261	0.069591
262	0.070717
263	0.071844
264	0.072969
265	0.074095
266	0.075219
267	0.076343
268	0.077467
269	0.078590
270	0.079712
271	0.080834
272	0.081955
273	0.083076
274	0.084196
275	0.085315
276	0.086434
277	0.087552
278	0.088669
279	0.089786
280	0.090902
281	0.092018
282	0.093132
283	0.094246
284	0.095360
285	0.096472
286	0.097584
287	0.098695
288	0.099806
289	0.100915
290	0.102024
291	0.103133
292	0.104240
293	0.105347
294	0.106452
295	0.107557
296	0.108662
297	0.109765
298	0.110868
299	0.111970
300	0.113071
301	0.114171
302	0.115270
303	0.116369
304	0.117466
305	0.118563
306	0.119659
307	0.120754
308	0.121848
309	0.122941
310	0.124034
311	0.125125
312	0.126216
313	0.127305
314	0.128394
315	0.129482
316	0.130568
317	0.131654
318	0.132739
319	0.133823
320	0.134906
321	0.135988
322	0.137069
323	0.138149
324	0.139228
325	0.140306
326	0.141383
327	0.142459
328	0.143534
329	0.144608
330	0.145680
331	0.146752
332	0.147823
333	0.148893
334	0.149961
335	0.151029
336	0.152095
337	0.153161
338	0.154225
339	0.155288
340	0.156350
341	0.157411
342	0.158471
343	0.159530
344	0.160587
345	0.161644
346	0.162699
347	0.163753
348	0.164806
349	0.165858
350	0.166908
351	0.167958
352	0.169006
353	0.170053
354	0.171099
355	0.172144
356	0.173187
357	0.174229
358	0.175270
359	0.176310
360	0.177349
361	0.178386
362	0.179422
363	0.180457
364	0.181491
365	0.182523
366	0.183554
367	0.184584
368	0.185612
369	0.186640
370	0.187665
371	0.188690
372	0.189713
373	0.190735
374	0.191756
375	0.192776
376	0.193794
377	0.194810
378	0.195826
379	0.196840
380	0.197852
381	0.198864
382	0.199874
383	0.200882
384	0.201890
385	0.202896
386	0.203900
387	0.204903
388	0.205905
389	0.206905
390	0.207904
391	0.208902
392	0.209898
393	0.210893
394	0.211886
395	0.212878
396	0.213868
397	0.214857
398	0.215845
399	0.216831
400	0.217816
401	0.218799
402	0.219781
403	0.220761
404	0.221740
405	0.222718
406	0.223693
407	0.224668
408	0.225641
409	0.226612
410	0.227582
411	0.228551
412	0.229518
413	0.230483
414	0.231447
415	0.232410
416	0.233370
417	0.234330
418	0.235288
419	0.236244
420	0.237199
421	0.238152
422	0.239104
423	0.240054
424	0.241003
425	0.241950
426	0.242895
427	0.243839
428	0.244781
429	0.245722
430	0.246661
431	0.247599
432	0.248535
433	0.249469
434	0.250402
435	0.251334
436	0.252263
437	0.253191
438	0.254118
439	0.255043
440	0.255966
441	0.256887
442	0.257807
443	0.258726
444	0.259642
445	0.260558
446	0.261471
447	0.262383
448	0.263293
449	0.264202
450	0.265108
451	0.266014
452	0.266917
453	0.267819
454	0.268719
455	0.269618
456	0.270515
457	0.271410
458	0.272304
459	0.273196
460	0.274086
461	0.274974
462	0.275861
463	0.276747
464	0.277630
465	0.278512
466	0.279392
467	0.280270
468	0.281147
469	0.282022
470	0.282895
471	0.283767
472	0.284637
473	0.285505
474	0.286371
475	0.287236
476	0.288099
477	0.288960
478	0.289820
479	0.290677
480	0.291534
481	0.292388
482	0.293240
483	0.294091
484	0.294940
485	0.295788
486	0.296633
487	0.297477
488	0.298319
489	0.299160
490	0.299998
491	0.300835
492	0.301670
493	0.302503
494	0.303335
495	0.304165
496	0.304993
497	0.305819
498	0.306643
499	0.307466
500	0.308287
501	0.309106
502	0.309923
503	0.310739
504	0.311553
505	0.312365
506	0.313175
507	0.313983
508	0.314790
509	0.315595
510	0.316398
511	0.317199
512	0.317999
513	0.318796
514	0.319592
515	0.320386
516	0.321178
517	0.321969
518	0.322757
519	0.323544
520	0.324329
521	0.325113
522	0.325894
523	0.326673
524	0.327451
525	0.328227
526	0.329001
527	0.329774
528	0.330544
529	0.331313
530	0.332080
531	0.332845
532	0.333608
533	0.334369
534	0.335129
535	0.335886
536	0.336642
537	0.337396
538	0.338148
539	0.338899
540	0.339647
541	0.340394
542	0.341139
543	0.341882
544	0.342623
545	0.343363
546	0.344100
547	0.344836
548	0.345570
549	0.346302
550	0.347032
551	0.347760
552	0.348486
553	0.349211
554	0.349934
555	0.350655
556	0.351374
557	0.352091
558	0.352807
559	0.353520
560	0.354232
561	0.354942
562	0.355650
563	0.356356
564	0.357060
565	0.357763
566	0.358463
567	0.359162
568	0.359859
569	0.360554
570	0.361247
571	0.361938
572	0.362628
573	0.363315
574	0.364001
575	0.364685
576	0.365367
577	0.366047
578	0.366726
579	0.367402
580	0.368077
581	0.368750
582	0.369421
583	0.370090
584	0.370757
585	0.371422
586	0.372086
587	0.372747
588	0.373407
589	0.374065
590	0.374721
591	0.375375
592	0.376028
593	0.376678
594	0.377327
595	0.377974
596	0.378619
597	0.379262
598	0.379903
599	0.380542
600	0.381180
601	0.381816
602	0.382449
603	0.383081
604	0.383711
605	0.384340
606	0.384966
607	0.385591
608	0.386213
609	0.386834
610	0.387453
611	0.388070
612	0.388685
613	0.389299
614	0.389910
615	0.390520
616	0.391128
617	0.391734
618	0.392338
619	0.392940
620	0.393541
621	0.394139
622	0.394736
623	0.395331
624	0.395924
625	0.396515
626	0.397105
627	0.397692
628	0.398278
629	0.398862
630	0.399444
631	0.400024
632	0.400602
633	0.401179
634	0.401753
635	0.402326
636	0.402897
637	0.403466
638	0.404034
639	0.404599
640	0.405163
641	0.405724
642	0.406284
643	0.406842
644	0.407399
645	0.407953
646	0.408506
647	0.409056
648	0.409605
649	0.410152
650	0.410698
651	0.411241
652	0.411783
653	0.412322
654	0.412860
655	0.413397
656	0.413931
657	0.414463
658	0.414994
659	0.415523
660	0.416050
661	0.416575
662	0.417098
663	0.417620
664	0.418140
665	0.418658
666	0.419174
667	0.419688
668	0.420201
669	0.420711
670	0.421220
671	0.421727
672	0.422233
673	0.422736
674	0.423238
675	0.423738
676	0.424236
677	0.424732
678	0.425226
679	0.425719
680	0.426210
681	0.426699
682	0.427186
683	0.427671
684	0.428155
685	0.428637
686	0.429117
687	0.429595
688	0.430072
689	0.430547
690	0.431019
691	0.431491
692	0.431960
693	0.432427
694	0.432893
695	0.433357
696	0.433819
697	0.434280
698	0.434739
699	0.435195
700	0.435651
701	0.436104
702	0.436555
703	0.437005
704	0.437453
705	0.437900
706	0.438344
707	0.438787
708	0.439228
709	0.439667
710	0.440104
711	0.440540
712	0.440974
713	0.441406
714	0.441837
715	0.442265
716	0.442692
717	0.443117
718	0.443541
719	0.443963
720	0.444382
721	0.444801
722	0.445217
723	0.445632
724	0.446045
725	0.446456
726	0.446865
727	0.447273
728	0.447679
729	0.448084
730	0.448486
731	0.448887
732	0.449286
733	0.449683
734	0.450079
735	0.450473
736	0.450865
737	0.451256
738	0.451644
739	0.452031
740	0.452417
741	0.452800
742	0.453182
743	0.453562
744	0.453941
745	0.454318
746	0.454693
747	0.455066
748	0.455438
749	0.455808
750	0.456176
751	0.456543
752	0.456907
753	0.457271
754	0.457632
755	0.457992
756	0.458350
757	0.458706
758	0.459061
759	0.459414
760	0.459765
761	0.460115
762	0.460463
763	0.460809
764	0.461154
765	0.461497
766	0.461838
767	0.462178
768	0.462516
769	0.462852
770	0.463187
771	0.463520
772	0.463851
773	0.464181
774	0.464509
775	0.464835
776	0.465160
777	0.465483
778	0.465804
779	0.466124
780	0.466442
781	0.466758
782	0.467073
783	0.467386
784	0.467698
785	0.468008
786	0.468316
787	0.468622
788	0.468927
789	0.469231
790	0.469532
791	0.469832
792	0.470131
793	0.470428
794	0.470723
795	0.471016
796	0.471308
797	0.471599
798	0.471887
799	0.472174
800	0.472460
801	0.472744
802	0.473026
803	0.473307
804	0.473586
805	0.473863
806	0.474139
807	0.474413
808	0.474686
809	0.474957
810	0.475226
811	0.475494
812	0.475760
813	0.476025
814	0.476288
815	0.476550
816	0.476810
817	0.477068
818	0.477325
819	0.477580
820	0.477833
821	0.478086
822	0.478336
823	0.478585
824	0.478832
825	0.479078
826	0.479322
827	0.479565
828	0.479806
829	0.480045
830	0.480283
831	0.480520
832	0.480755
833	0.480988
834	0.481220
835	0.481450
836	0.481678
837	0.481906
838	0.482131
839	0.482355
840	0.482578
841	0.482799
842	0.483018
843	0.483236
844	0.483452
845	0.483667
846	0.483880
847	0.484092
848	0.484302
849	0.484511
850	0.484718
851	0.484924
852	0.485128
853	0.485331
854	0.485532
855	0.485732
856	0.485930
857	0.486127
858	0.486322
859	0.486515
860	0.486707
861	0.486898
862	0.487087
863	0.487275
864	0.487461
865	0.487646
866	0.487829
867	0.488010
868	0.488191
869	0.488369
870	0.488547
871	0.488722
872	0.488897
873	0.489069
874	0.489241
875	0.489411
876	0.489579
877	0.489746
878	0.489911
879	0.490075
880	0.490238
881	0.490399
882	0.490558
883	0.490717
884	0.490873
885	0.491029
886	0.491182
887	0.491335
888	0.491486
889	0.491635
890	0.491783
891	0.491930
892	0.492075
893	0.492219
894	0.492361
895	0.492502
896	0.492641
897	0.492779
898	0.492915
899	0.493051
900	0.493184
901	0.493317
902	0.493447
903	0.493577
904	0.493705
905	0.493831
906	0.493957
907	0.494080
908	0.494203
909	0.494324
910	0.494443
911	0.494562
912	0.494678
913	0.494794
914	0.494908
915	0.495020
916	0.495131
917	0.495241
918	0.495350
919	0.495457
920	0.495562
921	0.495666
922	0.495769
923	0.495871
924	0.495971
925	0.496070
926	0.496167
927	0.496263
928	0.496357
929	0.496451
930	0.496543
931	0.496633
932	0.496722
933	0.496810
934	0.496896
935	0.496982
936	0.497065
937	0.497148
938	0.497229
939	0.497308
940	0.497387
941	0.497464
942	0.497539
943	0.497614
944	0.497686
945	0.497758
946	0.497828
947	0.497897
948	0.497965
949	0.498031
950	0.498096
951	0.498160
952	0.498222
953	0.498283
954	0.498343
955	0.498401
956	0.498458
957	0.498514
958	0.498568
959	0.498621
960	0.498673
961	0.498724
962	0.498773
963	0.498821
964	0.498867
965	0.498912
966	0.498956
967	0.498999
968	0.499040
969	0.499080
970	0.499119
971	0.499157
972	0.499193
973	0.499228
974	0.499261
975	0.499294
976	0.499325
977	0.499355
978	0.499383
979	0.499410
980	0.499436
981	0.499461
982	0.499485
983	0.499507
984	0.499528
985	0.499547
986	0.499566
987	0.499583
988	0.499599
989	0.499613
990	0.499627
991	0.499639
992	0.499650
993	0.499659
994	0.499668
995	0.499675
996	0.499681
997	0.499685
998	0.499689
999	0.499691
1000	0.499692
1001	0.499691
1002	0.499690
1003	0.499687
1004	0.499683
1005	0.499678
1006	0.499671
1007	0.499664
1008	0.499655
1009	0.499645
1010	0.499633
1011	0.499621
1012	0.499607
1013	0.499592
1014	0.499576
1015	0.499558
1016	0.499540
1017	0.499520
1018	0.499499
1019	0.499477
1020	0.499453
1021	0.499429
1022	0.499403
1023	0.499376
1024	0.499348
1025	0.499318
1026	0.499288
1027	0.499256
1028	0.499223
1029	0.499189
1030	0.499154
1031	0.499117
1032	0.499080
1033	0.499041
1034	0.499001
1035	0.498960
1036	0.498917
1037	0.498874
1038	0.498829
1039	0.498783
1040	0.498736
1041	0.498688
1042	0.498639
1043	0.498588
1044	0.498537
1045	0.498484
1046	0.498430
1047	0.498375
1048	0.498318
1049	0.498261
1050	0.498202
1051	0.498143
1052	0.498082
1053	0.498020
1054	0.497957
1055	0.497893
1056	0.497827
1057	0.497761
1058	0.497693
1059	0.497624
1060	0.497554
1061	0.497483
1062	0.497411
1063	0.497338
1064	0.497263
1065	0.497188
1066	0.497111
1067	0.497033
1068	0.496955
1069	0.496875
1070	0.496793
1071	0.496711
1072	0.496628
1073	0.496543
1074	0.496458
1075	0.496371
1076	0.496284
1077	0.496195
1078	0.496105
1079	0.496014
1080	0.495922
1081	0.495828
1082	0.495734
1083	0.495639
1084	0.495542
1085	0.495445
1086	0.495346
1087	0.495246
1088	0.495145
1089	0.495043
1090	0.494941
1091	0.494836
1092	0.494731
1093	0.494625
1094	0.494518
1095	0.494410
1096	0.494300
1097	0.494190
1098	0.494078
1099	0.493965
1100	0.493852
1101	0.493737
1102	0.493621
1103	0.493504
1104	0.493387
1105	0.493268
1106	0.493148
1107	0.493027
1108	0.492905
1109	0.492781
1110	0.492657
1111	0.492532
1112	0.492406
1113	0.492278
1114	0.492150
1115	0.492021
1116	0.491890
1117	0.491759
1118	0.491626
1119	0.491493
1120	0.491358
1121	0.491223
1122	0.491086
1123	0.490949
1124	0.490810
1125	0.490670
1126	0.490530
1127	0.490388
1128	0.490245
1129	0.490101
1130	0.489957
1131	0.489811
1132	0.489664
1133	0.489517
1134	0.489368
1135	0.489218
1136	0.489067
1137	0.488915
1138	0.488763
1139	0.488609
1140	0.488454
1141	0.488298
1142	0.488142
1143	0.487984
1144	0.487825
1145	0.487665
1146	0.487505
1147	0.487343
1148	0.487180
1149	0.487017
1150	0.486852
1151	0.486687
1152	0.486520
1153	0.486352
1154	0.486184
1155	0.486014
1156	0.485844
1157	0.485672
1158	0.485500
1159	0.485327
1160	0.485152
1161	0.484977
1162	0.484801
1163	0.484623
1164	0.484445
1165	0.484266
1166	0.484086
1167	0.483905
1168	0.483723
1169	0.483540
1170	0.483356
1171	0.483171
1172	0.482985
1173	0.482799
1174	0.482611
1175	0.482422
1176	0.482233
1177	0.482042
1178	0.481851
1179	0.481658
1180	0.481465
1181	0.481271
1182	0.481076
1183	0.480879
1184	0.480682
1185	0.480484
1186	0.480286
1187	0.480086
1188	0.479885
1189	0.479683
1190	0.479481
1191	0.479277
1192	0.479073
1193	0.478867
1194	0.478661
1195	0.478454
1196	0.478246
1197	0.478037
1198	0.477827
1199	0.477616
1200	0.477405
1201	0.477192
1202	0.476979
1203	0.476764
1204	0.476549
1205	0.476333
1206	0.476116
1207	0.475898
1208	0.475679
1209	0.475459
1210	0.475238
1211	0.475017
1212	0.474794
1213	0.474571
1214	0.474347
1215	0.474122
1216	0.473896
1217	0.473669
1218	0.473441
1219	0.473213
1220	0.472983
1221	0.472753
1222	0.472522
1223	0.472289
1224	0.472056
1225	0.471823
1226	0.471588
1227	0.471352
1228	0.471116
1229	0.470879
1230	0.470641
1231	0.470402
1232	0.470162
1233	0.469921
1234	0.469679
1235	0.469437
1236	0.469194
1237	0.468950
1238	0.468705
1239	0.468459
1240	0.468212
1241	0.467964
1242	0.467716
1243	0.467467
1244	0.467217
1245	0.466966
1246	0.466714
1247	0.466462
1248	0.466208
1249	0.465954
1250	0.465699
1251	0.465443
1252	0.465186
1253	0.464929
1254	0.464670
1255	0.464411
1256	0.464151
1257	0.463890
1258	0.463629
1259	0.463366
1260	0.463103
1261	0.462839
1262	0.462574
1263	0.462308
1264	0.462041
1265	0.461774
1266	0.461506
1267	0.461237
1268	0.460967
1269	0.460696
1270	0.460425
1271	0.460152
1272	0.459879
1273	0.459605
1274	0.459331
1275	0.459055
1276	0.458779
1277	0.458502
1278	0.458224
1279	0.457946
1280	0.457666
1281	0.457386
1282	0.457105
1283	0.456823
1284	0.456541
1285	0.456257
1286	0.455973
1287	0.455688
1288	0.455402
1289	0.455116
1290	0.454829
1291	0.454541
1292	0.454252
1293	0.453962
1294	0.453672
1295	0.453381
1296	0.453089
1297	0.452796
1298	0.452502
1299	0.452208
1300	0.451913
1301	0.451618
1302	0.451321
1303	0.451024
1304	0.450726
1305	0.450427
1306	0.450127
1307	0.449827
1308	0.449526
1309	0.449224
1310	0.448921
1311	0.448618
1312	0.448314
1313	0.448009
1314	0.447704
1315	0.447397
1316	0.447090
1317	0.446782
1318	0.446474
1319	0.446165
1320	0.445854
1321	0.445544
1322	0.445232
1323	0.444920
1324	0.444607
1325	0.444293
1326	0.443979
1327	0.443664
1328	0.443348
1329	0.443031
1330	0.442714
1331	0.442395
1332	0.442077
1333	0.441757
1334	0.441437
1335	0.441116
1336	0.440794
1337	0.440472
1338	0.440148
1339	0.439825
1340	0.439500
1341	0.439175
1342	0.438849
1343	0.438522
1344	0.438194
1345	0.437866
1346	0.437537
1347	0.437208
1348	0.436878
1349	0.436547
1350	0.436215
1351	0.435883
1352	0.435550
1353	0.435216
1354	0.434881
1355	0.434546
1356	0.434210
1357	0.433874
1358	0.433536
1359	0.433198
1360	0.432860
1361	0.432520
1362	0.432180
1363	0.431840
1364	0.431498
1365	0.431156
1366	0.430814
1367	0.430470
1368	0.430126
1369	0.429781
1370	0.429436
1371	0.429090
1372	0.428743
1373	0.428395
1374	0.428047
1375	0.427698
1376	0.427349
1377	0.426998
1378	0.426647
1379	0.426296
1380	0.425944
1381	0.425591
1382	0.425237
1383	0.424883
1384	0.424528
1385	0.424173
1386	0.423817
1387	0.423460
1388	0.423102
1389	0.422744
1390	0.422385
1391	0.422026
1392	0.421666
1393	0.421305
1394	0.420943
1395	0.420581
1396	0.420219
1397	0.419855
1398	0.419491
1399	0.419126
1400	0.418761
1401	0.418395
1402	0.418029
1403	0.417661
1404	0.417294
1405	0.416925
1406	0.416556
1407	0.416186
1408	0.415816
1409	0.415445
1410	0.415073
1411	0.414701
1412	0.414328
1413	0.413954
1414	0.413580
1415	0.413205
1416	0.412830
1417	0.412453
1418	0.412077
1419	0.411699
1420	0.411321
1421	0.410943
1422	0.410564
1423	0.410184
1424	0.409803
1425	0.409422
1426	0.409041
1427	0.408658
1428	0.408276
1429	0.407892
1430	0.407508
1431	0.407123
1432	0.406738
1433	0.406352
1434	0.405965
1435	0.405578
1436	0.405191
1437	0.404802
1438	0.404413
1439	0.404024
1440	0.403634
1441	0.403243
1442	0.402851
1443	0.402460
1444	0.402067
1445	0.401674
1446	0.401280
1447	0.400886
1448	0.400491
1449	0.400095
1450	0.399699
1451	0.399303
1452	0.398905
1453	0.398508
1454	0.398109
1455	0.397710
1456	0.397310
1457	0.396910
1458	0.396510
1459	0.396108
1460	0.395706
1461	0.395304
1462	0.394901
1463	0.394497
1464	0.394093
1465	0.393688
1466	0.393283
1467	0.392877
1468	0.392470
1469	0.392063
1470	0.391656
1471	0.391247
1472	0.390839
1473	0.390429
1474	0.390019
1475	0.389609
1476	0.389198
1477	0.388786
1478	0.388374
1479	0.387962
1480	0.387548
1481	0.387135
1482	0.386720
1483	0.386305
1484	0.385890
1485	0.385474
1486	0.385057
1487	0.384640
1488	0.384222
1489	0.383804
1490	0.383385
1491	0.382966
1492	0.382546
1493	0.382126
1494	0.381705
1495	0.381283
1496	0.380861
1497	0.380439
1498	0.380016
1499	0.379592
1500	0.379168
1501	0.378743
1502	0.378318
1503	0.377892
1504	0.377466
1505	0.377039
1506	0.376612
1507	0.376184
1508	0.375755
1509	0.375326
1510	0.374897
1511	0.374467
1512	0.374036
1513	0.373605
1514	0.373174
1515	0.372742
1516	0.372309
1517	0.371876
1518	0.371442
1519	0.371008
1520	0.370574
1521	0.370138
1522	0.369703
1523	0.369266
1524	0.368830
1525	0.368392
1526	0.367955
1527	0.367516
1528	0.367078
1529	0.366638
1530	0.366199
1531	0.365758
1532	0.365317
1533	0.364876
1534	0.364434
1535	0.363992
1536	0.363549
1537	0.363106
1538	0.362662
1539	0.362218
1540	0.361773
1541	0.361328
1542	0.360882
1543	0.360436
1544	0.359989
1545	0.359542
1546	0.359094
1547	0.358646
1548	0.358197
1549	0.357748
1550	0.357298
1551	0.356848
1552	0.356397
1553	0.355946
1554	0.355494
1555	0.355042
1556	0.354589
1557	0.354136
1558	0.353683
1559	0.353229
1560	0.352774
1561	0.352319
1562	0.351864
1563	0.351408
1564	0.350951
1565	0.350494
1566	0.350037
1567	0.349579
1568	0.349121
1569	0.348662
1570	0.348203
1571	0.347743
1572	0.347283
1573	0.346822
1574	0.346361
1575	0.345899
1576	0.345437
1577	0.344975
1578	0.344512
1579	0.344049
1580	0.343585
1581	0.343120
1582	0.342655
1583	0.342190
1584	0.341725
1585	0.341258
1586	0.340792
1587	0.340325
1588	0.339857
1589	0.339389
1590	0.338921
1591	0.338452
1592	0.337983
1593	0.337513
1594	0.337043
1595	0.336572
1596	0.336101
1597	0.335629
1598	0.335157
1599	0.334685
1600	0.334212
1601	0.333739
1602	0.333265
1603	0.332791
1604	0.332316
1605	0.331841
1606	0.331366
1607	0.330890
1608	0.330413
1609	0.329937
1610	0.329459
1611	0.328982
1612	0.328504
1613	0.328025
1614	0.327546
1615	0.327067
1616	0.326587
1617	0.326107
1618	0.325626
1619	0.325145
1620	0.324664
1621	0.324182
1622	0.323699
1623	0.323217
1624	0.322734
1625	0.322250
1626	0.321766
1627	0.321282
1628	0.320797
1629	0.320311
1630	0.319826
1631	0.319340
1632	0.318853
1633	0.318366
1634	0.317879
1635	0.317391
1636	0.316903
1637	0.316415
1638	0.315926
1639	0.315436
1640	0.314947
1641	0.314457
1642	0.313966
1643	0.313475
1644	0.312984
1645	0.312492
1646	0.312000
1647	0.311507
1648	0.311014
1649	0.310521
1650	0.310027
1651	0.309533
1652	0.309039
1653	0.308544
1654	0.308048
1655	0.307553
1656	0.307057
1657	0.306560
1658	0.306063
1659	0.305566
1660	0.305068
1661	0.304570
1662	0.304072
1663	0.303573
1664	0.303074
1665	0.302574
1666	0.302074
1667	0.301574
1668	0.301073
1669	0.300572
1670	0.300071
1671	0.299569
1672	0.299067
1673	0.298564
1674	0.298061
1675	0.297558
1676	0.297054
1677	0.296550
1678	0.296045
1679	0.295540
1680	0.295035
1681	0.294530
1682	0.294024
1683	0.293517
1684	0.293011
1685	0.292504
1686	0.291996
1687	0.291488
1688	0.290980
1689	0.290472
1690	0.289963
1691	0.289453
1692	0.288944
1693	0.288434
1694	0.287924
1695	0.287413
1696	0.286902
1697	0.286390
1698	0.285879
1699	0.285367
1700	0.284854
1701	0.284341
1702	0.283828
1703	0.283315
1704	0.282801
1705	0.282287
1706	0.281772
1707	0.281257
1708	0.280742
1709	0.280226
1710	0.279710
1711	0.279194
1712	0.278677
1713	0.278160
1714	0.277643
1715	0.277125
1716	0.276607
1717	0.276089
1718	0.275570
1719	0.275051
1720	0.274532
1721	0.274012
1722	0.273492
1723	0.272972
1724	0.272451
1725	0.271930
1726	0.271409
1727	0.270887
1728	0.270365
1729	0.269843
1730	0.269320
1731	0.268797
1732	0.268274
1733	0.267750
1734	0.267226
1735	0.266702
1736	0.266177
1737	0.265652
1738	0.265127
1739	0.264601
1740	0.264075
1741	0.263549
1742	0.263022
1743	0.262495
1744	0.261968
1745	0.261441
1746	0.260913
1747	0.260385
1748	0.259856
1749	0.259327
1750	0.258798
1751	0.258269
1752	0.257739
1753	0.257209
1754	0.256679
1755	0.256148
1756	0.255617
1757	0.255086
1758	0.254554
1759	0.254022
1760	0.253490
1761	0.252957
1762	0.252425
1763	0.251892
1764	0.251358
1765	0.250824
1766	0.250290
1767	0.249756
1768	0.249221
1769	0.248687
1770	0.248151
1771	0.247616
1772	0.247080
1773	0.246544
1774	0.246007
1775	0.245471
1776	0.244934
1777	0.244396
1778	0.243859
1779	0.243321
1780	0.242783
1781	0.242244
1782	0.241706
1783	0.241167
1784	0.240627
1785	0.240088
1786	0.239548
1787	0.239008
1788	0.238467
1789	0.237927
1790	0.237386
1791	0.236844
1792	0.236303
1793	0.235761
1794	0.235219
1795	0.234676
1796	0.234134
1797	0.233591
1798	0.233047
1799	0.232504
1800	0.231960
1801	0.231416
1802	0.230872
1803	0.230327
1804	0.229782
1805	0.229237
1806	0.228692
1807	0.228146
1808	0.227600
1809	0.227054
1810	0.226507
1811	0.225960
1812	0.225413
1813	0.224866
1814	0.224318
1815	0.223771
1816	0.223223
1817	0.222674
1818	0.222126
1819	0.221577
1820	0.221028
1821	0.220478
1822	0.219928
1823	0.219379
1824	0.218828
1825	0.218278
1826	0.217727
1827	0.217176
1828	0.216625
1829	0.216074
1830	0.215522
1831	0.214970
1832	0.214418
1833	0.213865
1834	0.213313
1835	0.212760
1836	0.212207
1837	0.211653
1838	0.211099
1839	0.210546
1840	0.209991
1841	0.209437
1842	0.208882
1843	0.208327
1844	0.207772
1845	0.207217
1846	0.206661
1847	0.206105
1848	0.205549
1849	0.204993
1850	0.204436
1851	0.203879
1852	0.203322
1853	0.202765
1854	0.202208
1855	0.201650
1856	0.201092
1857	0.200534
1858	0.199975
1859	0.199416
1860	0.198858
1861	0.198298
1862	0.197739
1863	0.197179
1864	0.196620
1865	0.196059
1866	0.195499
1867	0.194939
1868	0.194378
1869	0.193817
1870	0.193256
1871	0.192694
1872	0.192133
1873	0.191571
1874	0.191009
1875	0.190447
1876	0.189884
1877	0.189321
1878	0.188758
1879	0.188195
1880	0.187632
1881	0.187068
1882	0.186504
1883	0.185940
1884	0.185376
1885	0.184812
1886	0.184247
1887	0.183682
1888	0.183117
1889	0.182552
1890	0.181986
1891	0.181421
1892	0.180855
1893	0.180289
1894	0.179722
1895	0.179156
1896	0.178589
1897	0.178022
1898	0.177455
1899	0.176888
1900	0.176320
1901	0.175752
1902	0.175184
1903	0.174616
1904	0.174048
1905	0.173479
1906	0.172911
1907	0.172342
1908	0.171772
1909	0.171203
1910	0.170634
1911	0.170064
1912	0.169494
1913	0.168924
1914	0.168354
1915	0.167783
1916	0.167212
1917	0.166642
1918	0.166071
1919	0.165499
1920	0.164928
1921	0.164356
1922	0.163784
1923	0.163212
1924	0.162640
1925	0.162068
1926	0.161495
1927	0.160923
1928	0.160350
1929	0.159777
1930	0.159203
1931	0.158630
1932	0.158056
1933	0.157483
1934	0.156909
1935	0.156334
1936	0.155760
1937	0.155186
1938	0.154611
1939	0.154036
1940	0.153461
1941	0.152886
1942	0.152310
1943	0.151735
1944	0.151159
1945	0.150583
1946	0.150007
1947	0.149431
1948	0.148855
1949	0.148278
1950	0.147701
1951	0.147124
1952	0.146547
1953	0.145970
1954	0.145393
1955	0.144815
1956	0.144237
1957	0.143660
1958	0.143081
1959	0.142503
1960	0.141925
1961	0.141346
1962	0.140768
1963	0.140189
1964	0.139610
1965	0.139031
1966	0.138451
1967	0.137872
1968	0.137292
1969	0.136713
1970	0.136133
1971	0.135553
1972	0.134972
1973	0.134392
1974	0.133811
1975	0.133231
1976	0.132650
1977	0.132069
1978	0.131488
1979	0.130907
1980	0.130325
1981	0.129744
1982	0.129162
1983	0.128580
1984	0.127998
1985	0.127416
1986	0.126834
1987	0.126251
1988	0.125669
1989	0.125086
1990	0.124503
1991	0.123920
1992	0.123337
1993	0.122754
1994	0.122171
1995	0.121587
1996	0.121003
1997	0.120420
1998	0.119836
1999	0.119252
2000	0.118667
2001	0.118083
2002	0.117499
2003	0.116914
2004	0.116329
2005	0.115744
2006	0.115159
2007	0.114574
2008	0.113989
2009	0.113404
2010	0.112818
2011	0.112233
2012	0.111647
2013	0.111061
2014	0.110475
2015	0.109889
2016	0.109303
2017	0.108717
2018	0.108130
2019	0.107543
2020	0.106957
2021	0.106370
2022	0.105783
2023	0.105196
2024	0.104609
2025	0.104022
2026	0.103434
2027	0.102847
2028	0.102259
2029	0.101671
2030	0.101083
2031	0.100495
2032	0.099907
2033	0.099319
2034	0.098731
2035	0.098142
2036	0.097554
2037	0.096965
2038	0.096377
2039	0.095788
2040	0.095199
2041	0.094610
2042	0.094021
2043	0.093431
2044	0.092842
2045	0.092253
2046	0.091663
2047	0.091073
2048	0.090484
2049	0.089894
2050	0.089304
2051	0.088714
2052	0.088124
2053	0.087533
2054	0.086943
2055	0.086352
2056	0.085762
2057	0.085171
2058	0.084581
2059	0.083990
2060	0.083399
2061	0.082808
2062	0.082217
2063	0.081626
2064	0.081034
2065	0.080443
2066	0.079851
2067	0.079260
2068	0.078668
2069	0.078077
2070	0.077485
2071	0.076893
2072	0.076301
2073	0.075709
2074	0.075117
2075	0.074524
2076	0.073932
2077	0.073340
2078	0.072747
2079	0.072155
2080	0.071562
2081	0.070969
2082	0.070377
2083	0.069784
2084	0.069191
2085	0.068598
2086	0.068005
2087	0.067412
2088	0.066818
2089	0.066225
2090	0.065632
2091	0.065038
2092	0.064445
2093	0.063851
2094	0.063257
2095	0.062664
2096	0.062070
2097	0.061476
2098	0.060882
2099	0.060288
2100	0.059694
2101	0.059100
2102	0.058506
2103	0.057912
2104	0.057317
2105	0.056723
2106	0.056128
2107	0.055534
2108	0.054939
2109	0.054345
2110	0.053750
2111	0.053155
2112	0.052561
2113	0.051966
2114	0.051371
2115	0.050776
2116	0.050181
2117	0.049586
2118	0.048991
2119	0.048396
2120	0.047801
2121	0.047206
2122	0.046611
2123	0.046016
2124	0.045421
2125	0.044826
2126	0.044230
2127	0.043635
2128	0.043040
2129	0.042445
2130	0.041850
2131	0.041256
2132	0.040661
2133	0.040066
2134	0.039471
2135	0.038877
2136	0.038282
2137	0.037689
2138	0.037094
2139	0.036501
2140	0.035907
2141	0.035314
2142	0.034721
2143	0.034129
2144	0.033537
2145	0.032946
2146	0.032354
2147	0.031765
2148	0.031174
2149	0.030586
2150	0.029997
2151	0.029411
2152	0.028823
2153	0.028239
2154	0.027653
2155	0.027072
2156	0.026489
2157	0.025911
2158	0.025330
2159	0.024756
2160	0.024178
2161	0.023608
2162	0.023035
2163	0.022470
2164	0.021901
2165	0.021342
2166	0.020778
2167	0.020225
2168	0.019668
2169	0.019122
2170	0.018571
2171	0.018034
2172	0.017491
2173	0.016963
2174	0.016429
2175	0.015912
2176	0.015387
2177	0.014881
2178	0.014368
2179	0.013874
2180	0.013372
2181	0.012892
2182	0.012404
2183	0.011939
2184	0.011465
2185	0.011015
2186	0.010557
2187	0.010124
2188	0.009682
2189	0.009267
2190	0.008843
2191	0.008447
2192	0.008042
2193	0.007665
2194	0.007280
2195	0.006924
2196	0.006559
2197	0.006223
2198	0.005880
2199	0.005565
2200	0.005243
2201	0.004951
2202	0.004651
2203	0.004380
2204	0.004102
2205	0.003852
2206	0.003596
2207	0.003369
2208	0.003134
2209	0.002927
2210	0.002715
2211	0.002528
2212	0.002336
2213	0.002168
2214	0.001997
2215	0.001848
2216	0.001695
2217	0.001563
2218	0.001429
2219	0.001314
2220	0.001195
2221	0.001095
2222	0.000993
2223	0.000907
2224	0.000818
2225	0.000745
2226	0.000669
2227	0.000607
2228	0.000543
2229	0.000491
2230	0.000437
2231	0.000394
2232	0.000349
2233	0.000313
2234	0.000276
2235	0.000247
2236	0.000217
2237	0.000193
2238	0.000169
2239	0.000150
2240	0.000130
2241	0.000115
2242	0.000099
2243	0.000088
2244	0.000075
2245	0.000066
2246	0.000057
2247	0.000049
2248	0.000042
2249	0.000037
2250	0.000031
2251	0.000027
2252	0.000023
2253	0.000020
2254	0.000016
2255	0.000014
2256	0.000012
2257	0.000010
2258	0.000008
2259	0.000007
2260	0.000006
2261	0.000005
2262	0.000004
2263	0.000003
2264	0.000003
2265	0.000002
2266	0.000002
2267	0.000002
2268	0.000001
2269	0.000001
2270	0.000001
2271	0.000001
2272	0.000001
2273	0.000000
2274	0.000000
2275	0.000000
2276	0.000000
2277	0.000000
2278	0.000000
2279	0.000000
2280	0.000000
2281	0.000000
2282	0.000000
2283	0.000000
2284	0.000000
2285	0.000000
2286	0.000000
2287	0.000000
2288	0.000000
2289	0.000000
2290	0.000000
2291	0.000000
2292	0.000000
2293	0.000000
2294	0.000000
2295	0.000000
2296	0.000000
2297	0.000000
2298	0.000000
2299	0.000000
2300	0.000000
2301	0.000000
2302	0.000000
2303	0.000000
2304	0.000000
2305	0.000000
2306	0.000000
2307	0.000000
2308	0.000000
2309	0.000000
2310	0.000000
2311	0.000000
2312	0.000000
2313	0.000000
2314	0.000000
2315	0.000000
2316	0.000000
2317	0.000000
2318	0.000000
2319	0.000000
2320	0.000000
2321	0.000000
2322	0.000000
2323	0.000000
2324	0.000000
2325	0.000000
2326	0.000000
2327	0.000000
2328	0.000000
2329	0.000000
2330	0.000000
2331	0.000000
2332	0.000000
2333	0.000000
2334	0.000000
2335	0.000000
2336	0.000000
2337	0.000000
2338	0.000000
2339	0.000000
2340	0.000000
2341	0.000000
2342	0.000000
2343	0.000000
2344	0.000000
2345	0.000000
2346	0.000000
2347	0.000000
2348	0.000000
2349	0.000000
2350	0.000000
2351	0.000000
2352	0.000000
2353	0.000000
2354	0.000000
2355	0.000000
2356	0.000000
2357	0.000000
2358	0.000000
2359	0.000000
2360	0.000000
2361	0.000000
2362	0.000000
2363	0.000000
2364	0.000000
2365	0.000000
2366	0.000000
2367	0.000000
2368	0.000000
2369	0.000000
2370	0.000000
2371	0.000000
2372	0.000000
2373	0.000000
2374	0.000000
2375	0.000000
2376	0.000000
2377	0.000000
2378	0.000000
2379	0.000000
2380	0.000000
2381	0.000000
2382	0.000000
2383	0.000000
2384	0.000000
2385	0.000000
2386	0.000000
2387	0.000000
2388	0.000000
2389	0.000000
2390	0.000000
2391	0.000000
2392	0.000000
2393	0.000000
2394	0.000000
2395	0.000000
2396	0.000000
2397	0.000000
2398	0.000000
2399	0.000000
2400	0.000000
2401	0.000000
2402	0.000000
2403	0.000000
2404	0.000000
2405	0.000000
2406	0.000000
2407	0.000000
2408	0.000000
2409	0.000000
2410	0.000000
2411	0.000000
2412	0.000000
2413	0.000000
2414	0.000000
2415	0.000000
2416	0.000000
2417	0.000000
2418	0.000000
2419	0.000000
2420	0.000000
2421	0.000000
2422	0.000000
2423	0.000000
2424	0.000000
2425	0.000000
2426	0.000000
2427	0.000000
2428	0.000000
2429	0.000000
2430	0.000000
2431	0.000000
2432	0.000000
2433	0.000000
2434	0.000000
2435	0.000000
2436	0.000000
2437	0.000000
2438	0.000000
2439	0.000000
2440	0.000000
2441	0.000000
2442	0.000000
2443	0.000000
2444	0.000000
2445	0.000000
2446	0.000000
2447	0.000000
2448	0.000000
2449	0.000000
2450	0.000000
2451	0.000000
2452	0.000000
2453	0.000000
2454	0.000000
2455	0.000000
2456	0.000000
2457	0.000000
2458	0.000000
2459	0.000000
2460	0.000000
2461	0.000000
2462	0.000000
2463	0.000000
2464	0.000000
2465	0.000000
2466	0.000000
2467	0.000000
2468	0.000000
2469	0.000000
2470	0.000000
2471	0.000000
2472	0.000000
2473	0.000000
2474	0.000000
2475	0.000000
2476	0.000000
2477	0.000000
2478	0.000000
2479	0.000000
2480	0.000000
2481	0.000000
2482	0.000000
2483	0.000000
2484	0.000000
2485	0.000000
2486	0.000000
2487	0.000000
2488	0.000000
2489	0.000000
2490	0.000000
2491	0.000000
2492	0.000000
2493	0.000000
2494	0.000000
2495	0.000000
2496	0.000000
2497	0.000000
2498	0.000000
2499	0.000000
2500	0.000000
2501	0.000000
2502	0.000000
2503	0.000000
2504	0.000000
2505	0.000000
2506	0.000000
2507	0.000000
2508	0.000000
2509	0.000000
2510	0.000000
2511	0.000000
2512	0.000000
2513	0.000000
2514	0.000000
2515	0.000000
2516	0.000000
2517	0.000000
2518	0.000000
2519	0.000000
2520	0.000000
2521	0.000000
2522	0.000000
2523	0.000000
2524	0.000000
2525	0.000000
2526	0.000000
2527	0.000000
2528	0.000000
2529	0.000000
2530	0.000000
2531	0.000000
2532	0.000000
2533	0.000000
2534	0.000000
2535	0.000000
2536	0.000000
2537	0.000000
2538	0.000000
2539	0.000000
2540	0.000000
2541	0.000000
2542	0.000000
2543	0.000000
2544	0.000000
2545	0.000000
2546	0.000000
2547	0.000000
2548	0.000000
2549	0.000000
2550	0.000000
2551	0.000000
2552	0.000000
2553	0.000000
2554	0.000000
2555	0.000000
2556	0.000000
2557	0.000000
2558	0.000000
2559	0.000000
2560	0.000000
2561	0.000000
2562	0.000000
2563	0.000000
2564	0.000000
2565	0.000000
2566	0.000000
2567	0.000000
2568	0.000000
2569	0.000000
2570	0.000000
2571	0.000000
2572	0.000000
2573	0.000000
2574	0.000000
2575	0.000000
2576	0.000000
2577	0.000000
2578	0.000000
2579	0.000000
2580	0.000000
2581	0.000000
2582	0.000000
2583	0.000000
2584	0.000000
2585	0.000000
2586	0.000000
2587	0.000000
2588	0.000000
2589	0.000000
2590	0.000000
2591	0.000000
2592	0.000000
2593	0.000000
2594	0.000000
2595	0.000000
2596	0.000000
2597	0.000000
2598	0.000000
2599	0.000000
2600	0.000000
2601	0.000000
2602	0.000000
2603	0.000000
2604	0.000000
2605	0.000000
2606	0.000000
2607	0.000000
2608	0.000000
2609	0.000000
2610	0.000000
2611	0.000000
2612	0.000000
2613	0.000000
2614	0.000000
2615	0.000000
2616	0.000000
2617	0.000000
2618	0.000000
2619	0.000000
2620	0.000000
2621	0.000000
2622	0.000000
2623	0.000000
2624	0.000000
2625	0.000000
2626	0.000000
2627	0.000000
2628	0.000000
2629	0.000000
2630	0.000000
2631	0.000000
2632	0.000000
2633	0.000000
2634	0.000000
2635	0.000000
2636	0.000000
2637	0.000000
2638	0.000000
2639	0.000000
2640	0.000000
2641	0.000000
2642	0.000000
2643	0.000000
2644	0.000000
2645	0.000000
2646	0.000000
2647	0.000000
2648	0.000000
2649	0.000000
2650	0.000000
2651	0.000000
2652	0.000000
2653	0.000000
2654	0.000000
2655	0.000000
2656	0.000000
2657	0.000000
2658	0.000000
2659	0.000000
2660	0.000000
2661	0.000000
2662	0.000000
2663	0.000000
2664	0.000000
2665	0.000000
2666	0.000000
2667	0.000000
2668	0.000000
2669	0.000000
2670	0.000000
2671	0.000000
2672	0.000000
2673	0.000000
2674	0.000000
2675	0.000000
2676	0.000000
2677	0.000000
2678	0.000000
2679	0.000000
2680	0.000000
2681	0.000000
2682	0.000000
2683	0.000000
2684	0.000000
2685	0.000000
2686	0.000000
2687	0.000000
2688	0.000000
2689	0.000000
2690	0.000000
2691	0.000000
2692	0.000000
2693	0.000000
2694	0.000000
2695	0.000000
2696	0.000000
2697	0.000000
2698	0.000000
2699	0.000000
2700	0.000000
2701	0.000000
2702	0.000000
2703	0.000000
2704	0.000000
2705	0.000000
2706	0.000000
2707	0.000000
2708	0.000000
2709	0.000000
2710	0.000000
2711	0.000000
2712	0.000000
2713	0.000000
2714	0.000000
2715	0.000000
2716	0.000000
2717	0.000000
2718	0.000000
2719	0.000000
2720	0.000000
2721	0.000000
2722	0.000000
2723	0.000000
2724	0.000000
2725	0.000000
2726	0.000000
2727	0.000000
2728	0.000000
2729	0.000000
2730	0.000000
2731	0.000000
2732	0.000000
2733	0.000000
2734	0.000000
2735	0.000000
2736	0.000000
2737	0.000000
2738	0.000000
2739	0.000000
2740	0.000000
2741	0.000000
2742	0.000000
2743	0.000000
2744	0.000000
2745	0.000000
2746	0.000000
2747	0.000000
2748	0.000000
2749	0.000000
2750	0.000000
2751	0.000000
2752	0.000000
2753	0.000000
2754	0.000000
2755	0.000000
2756	0.000000
2757	0.000000
2758	0.000000
2759	0.000000
2760	0.000000
2761	0.000000
2762	0.000000
2763	0.000000
2764	0.000000
2765	0.000000
2766	0.000000
2767	0.000000
2768	0.000000
2769	0.000000
2770	0.000000
2771	0.000000
2772	0.000000
2773	0.000000
2774	0.000000
2775	0.000000
2776	0.000000
2777	0.000000
2778	0.000000
2779	0.000000
2780	0.000000
2781	0.000000
2782	0.000000
2783	0.000000
2784	0.000000
2785	0.000000
2786	0.000000
2787	0.000000
2788	0.000000
2789	0.000000
2790	0.000000
2791	0.000000
2792	0.000000
2793	0.000000
2794	0.000000
2795	0.000000
2796	0.000000
2797	0.000000
2798	0.000000
2799	0.000000
2800	0.000000
2801	0.000000
2802	0.000000
2803	0.000000
2804	0.000000
2805	0.000000
2806	0.000000
2807	0.000000
2808	0.000000
2809	0.000000
2810	0.000000
2811	0.000000
2812	0.000000
2813	0.000000
2814	0.000000
2815	0.000000
2816	0.000000
2817	0.000000
2818	0.000000
2819	0.000000
2820	0.000000
2821	0.000000
2822	0.000000
2823	0.000000
2824	0.000000
2825	0.000000
2826	0.000000
2827	0.000000
2828	0.000000
2829	0.000000
2830	0.000000
2831	0.000000
2832	0.000000
2833	0.000000
2834	0.000000
2835	0.000000
2836	0.000000
2837	0.000000
2838	0.000000
2839	0.000000
2840	0.000000
2841	0.000000
2842	0.000000
2843	0.000000
2844	0.000000
2845	0.000000
2846	0.000000
2847	0.000000
2848	0.000000
2849	0.000000
2850	0.000000
2851	0.000000
2852	0.000000
2853	0.000000
2854	0.000000
2855	0.000000
2856	0.000000
2857	0.000000
2858	0.000000
2859	0.000000
2860	0.000000
2861	0.000000
2862	0.000000
2863	0.000000
2864	0.000000
2865	0.000000
2866	0.000000
2867	0.000000
2868	0.000000
2869	0.000000
2870	0.000000
2871	0.000000
2872	0.000000
2873	0.000000
2874	0.000000
2875	0.000000
2876	0.000000
2877	0.000000
2878	0.000000
2879	0.000000
2880	0.000000
2881	0.000000
2882	0.000000
2883	0.000000
2884	0.000000
2885	0.000000
2886	0.000000
2887	0.000000
2888	0.000000
2889	0.000000
2890	0.000000
2891	0.000000
2892	0.000000
2893	0.000000
2894	0.000000
2895	0.000000
2896	0.000000
2897	0.000000
2898	0.000000
2899	0.000000
2900	0.000000
2901	0.000000
2902	0.000000
2903	0.000000
2904	0.000000
2905	0.000000
2906	0.000000
2907	0.000000
2908	0.000000
2909	0.000000
2910	0.000000
2911	0.000000
2912	0.000000
2913	0.000000
2914	0.000000
2915	0.000000
2916	0.000000
2917	0.000000
2918	0.000000
2919	0.000000
2920	0.000000
2921	0.000000
2922	0.000000
2923	0.000000
2924	0.000000
2925	0.000000
2926	0.000000
2927	0.000000
2928	0.000000
2929	0.000000
2930	0.000000
2931	0.000000
2932	0.000000
2933	0.000000
2934	0.000000
2935	0.000000
2936	0.000000
2937	0.000000
2938	0.000000
2939	0.000000
2940	0.000000
2941	0.000000
2942	0.000000
2943	0.000000
2944	0.000000
2945	0.000000
2946	0.000000
2947	0.000000
2948	0.000000
2949	0.000000
2950	0.000000
2951	0.000000
2952	0.000000
2953	0.000000
2954	0.000000
2955	0.000000
2956	0.000000
2957	0.000000
2958	0.000000
2959	0.000000
2960	0.000000
2961	0.000000
2962	0.000000
2963	0.000000
2964	0.000000
2965	0.000000
2966	0.000000
2967	0.000000
2968	0.000000
2969	0.000000
2970	0.000000
2971	0.000000
2972	0.000000
2973	0.000000
2974	0.000000
2975	0.000000
2976	0.000000
2977	0.000000
2978	0.000000
2979	0.000000
2980	0.000000
2981	0.000000
2982	0.000000
2983	0.000000
2984	0.000000
2985	0.000000
2986	0.000000
2987	0.000000
2988	0.000000
2989	0.000000
2990	0.000000
2991	0.000000
2992	0.000000
2993	0.000000
2994	0.000000
2995	0.000000
2996	0.000000
2997	0.000000
2998	0.000000
2999	0.000000
3000	0.000000
3001	0.000000
3002	0.000000
3003	0.000000
3004	0.000000
3005	0.000000
3006	0.000000
3007	0.000000
3008	0.000000
3009	0.000000
3010	0.000000
3011	0.000000
3012	0.000000
3013	0.000000
3014	0.000000
3015	0.000000
3016	0.000000
3017	0.000000
3018	0.000000
3019	0.000000
3020	0.000000
3021	0.000000
3022	0.000000
3023	0.000000
3024	0.000000
3025	0.000000
3026	0.000000
3027	0.000000
3028	0.000000
3029	0.000000
3030	0.000000
3031	0.000000
3032	0.000000
3033	0.000000
3034	0.000000
3035	0.000000
3036	0.000000
3037	0.000000
3038	0.000000
3039	0.000000
3040	0.000000
3041	0.000000
3042	0.000000
3043	0.000000
3044	0.000000
3045	0.000000
3046	0.000000
3047	0.000000
3048	0.000000
3049	0.000000
3050	0.000000
3051	0.000000
3052	0.000000
3053	0.000000
3054	0.000000
3055	0.000000
3056	0.000000
3057	0.000000
3058	0.000000
3059	0.000000
3060	0.000000
3061	0.000000
3062	0.000000
3063	0.000000
3064	0.000000
3065	0.000000
3066	0.000000
3067	0.000000
3068	0.000000
3069	0.000000
3070	0.000000
3071	0.000000
3072	0.000000
3073	0.000000
3074	0.000000
3075	0.000000
3076	0.000000
3077	0.000000
3078	0.000000
3079	0.000000
3080	0.000000
3081	0.000000
3082	0.000000
3083	0.000000
3084	0.000000
3085	0.000000
3086	0.000000
3087	0.000000
3088	0.000000
3089	0.000000
3090	0.000000
3091	0.000000
3092	0.000000
3093	0.000000
3094	0.000000
3095	0.000000
3096	0.000000
3097	0.000000
3098	0.000000
3099	0.000000
3100	0.000000
3101	0.000000
3102	0.000000
3103	0.000000
3104	0.000000
3105	0.000000
3106	0.000000
3107	0.000000
3108	0.000000
3109	0.000000
3110	0.000000
3111	0.000000
3112	0.000000
3113	0.000000
3114	0.000000
3115	0.000000
3116	0.000000
3117	0.000000
3118	0.000000
3119	0.000000
3120	0.000000
3121	0.000000
3122	0.000000
3123	0.000000
3124	0.000000
3125	0.000000
3126	0.000000
3127	0.000000
3128	0.000000
3129	0.000000
3130	0.000000
3131	0.000000
3132	0.000000
3133	0.000000
3134	0.000000
3135	0.000000
3136	0.000000
3137	0.000000
3138	0.000000
3139	0.000000
3140	0.000000
3141	0.000000
3142	0.000000
3143	0.000000
3144	0.000000
3145	0.000000
3146	0.000000
3147	0.000000
3148	0.000000
3149	0.000000
3150	0.000000
3151	0.000000
3152	0.000000
3153	0.000000
3154	0.000000
3155	0.000000
3156	0.000000
3157	0.000000
3158	0.000000
3159	0.000000
3160	0.000000
3161	0.000000
3162	0.000000
3163	0.000000
3164	0.000000
3165	0.000000
3166	0.000000
3167	0.000000
3168	0.000000
3169	0.000000
3170	0.000000
3171	0.000000
3172	0.000000
3173	0.000000
3174	0.000000
3175	0.000000
3176	0.000000
3177	0.000000
3178	0.000000
3179	0.000000
3180	0.000000
3181	0.000000
3182	0.000000
3183	0.000000
3184	0.000000
3185	0.000000
3186	0.000000
3187	0.000000
3188	0.000000
3189	0.000000
3190	0.000000
3191	0.000000
3192	0.000000
3193	0.000000
3194	0.000000
3195	0.000000
3196	0.000000
3197	0.000000
3198	0.000000
3199	0.000000
3200	0.000000
3201	0.000000
3202	0.000000
3203	0.000000
3204	0.000000
3205	0.000000
3206	0.000000
3207	0.000000
3208	0.000000
3209	0.000000
3210	0.000000
3211	0.000000
3212	0.000000
3213	0.000000
3214	0.000000
3215	0.000000
3216	0.000000
3217	0.000000
3218	0.000000
3219	0.000000
3220	0.000000
3221	0.000000
3222	0.000000
3223	0.000000
3224	0.000000
3225	0.000000
3226	0.000000
3227	0.000000
3228	0.000000
3229	0.000000
3230	0.000000
3231	0.000000
3232	0.000000
3233	0.000000
3234	0.000000
3235	0.000000
3236	0.000000
3237	0.000000
3238	0.000000
3239	0.000000
3240	0.000000
3241	0.000000
3242	0.000000
3243	0.000000
3244	0.000000
3245	0.000000
3246	0.000000
3247	0.000000
3248	0.000000
3249	0.000000
3250	0.000000
3251	0.000000
3252	0.000000
3253	0.000000
3254	0.000000
3255	0.000000
3256	0.000000
3257	0.000000
3258	0.000000
3259	0.000000
3260	0.000000
3261	0.000000
3262	0.000000
3263	0.000000
3264	0.000000
3265	0.000000
3266	0.000000
3267	0.000000
3268	0.000000
3269	0.000000
3270	0.000000
3271	0.000000
3272	0.000000
3273	0.000000
3274	0.000000
3275	0.000000
3276	0.000000
3277	0.000000
3278	0.000000
3279	0.000000
3280	0.000000
3281	0.000000
3282	0.000000
3283	0.000000
3284	0.000000
3285	0.000000
3286	0.000000
3287	0.000000
3288	0.000000
3289	0.000000
3290	0.000000
3291	0.000000
3292	0.000000
3293	0.000000
3294	0.000000
3295	0.000000
3296	0.000000
3297	0.000000
3298	0.000000
3299	0.000000
3300	0.000000
3301	0.000000
3302	0.000000
3303	0.000000
3304	0.000000
3305	0.000000
3306	0.000000
3307	0.000000
3308	0.000000
3309	0.000000
3310	0.000000
3311	0.000000
3312	0.000000
3313	0.000000
3314	0.000000
3315	0.000000
3316	0.000000
3317	0.000000
3318	0.000000
3319	0.000000
3320	0.000000
3321	0.000000
3322	0.000000
3323	0.000000
3324	0.000000
3325	0.000000
3326	0.000000
3327	0.000000
3328	0.000000
3329	0.000000
3330	0.000000
3331	0.000000
3332	0.000000
3333	0.000000
3334	0.000000
3335	0.000000
3336	0.000000
3337	0.000000
3338	0.000000
3339	0.000000
3340	0.000000
3341	0.000000
3342	0.000000
3343	0.000000
3344	0.000000
3345	0.000000
3346	0.000000
3347	0.000000
3348	0.000000
3349	0.000000
3350	0.000000
3351	0.000000
3352	0.000000
3353	0.000000
3354	0.000000
3355	0.000000
3356	0.000000
3357	0.000000
3358	0.000000
3359	0.000000
3360	0.000000
3361	0.000000
3362	0.000000
3363	0.000000
3364	0.000000
3365	0.000000
3366	0.000000
3367	0.000000
3368	0.000000
3369	0.000000
3370	0.000000
3371	0.000000
3372	0.000000
3373	0.000000
3374	0.000000
3375	0.000000
3376	0.000000
3377	0.000000
3378	0.000000
3379	0.000000
3380	0.000000
3381	0.000000
3382	0.000000
3383	0.000000
3384	0.000000
3385	0.000000
3386	0.000000
3387	0.000000
3388	0.000000
3389	0.000000
3390	0.000000
3391	0.000000
3392	0.000000
3393	0.000000
3394	0.000000
3395	0.000000
3396	0.000000
3397	0.000000
3398	0.000000
3399	0.000000
3400	0.000000
3401	0.000000
3402	0.000000
3403	0.000000
3404	0.000000
3405	0.000000
3406	0.000000
3407	0.000000
3408	0.000000
3409	0.000000
3410	0.000000
3411	0.000000
3412	0.000000
3413	0.000000
3414	0.000000
3415	0.000000
3416	0.000000
3417	0.000000
3418	0.000000
3419	0.000000
3420	0.000000
3421	0.000000
3422	0.000000
3423	0.000000
3424	0.000000
3425	0.000000
3426	0.000000
3427	0.000000
3428	0.000000
3429	0.000000
3430	0.000000
3431	0.000000
3432	0.000000
3433	0.000000
3434	0.000000
3435	0.000000
3436	0.000000
3437	0.000000
3438	0.000000
3439	0.000000
3440	0.000000
3441	0.000000
3442	0.000000
3443	0.000000
3444	0.000000
3445	0.000000
3446	0.000000
3447	0.000000
3448	0.000000
3449	0.000000
3450	0.000000
3451	0.000000
3452	0.000000
3453	0.000000
3454	0.000000
3455	0.000000
3456	0.000000
3457	0.000000
3458	0.000000
3459	0.000000
3460	0.000000
3461	0.000000
3462	0.000000
3463	0.000000
3464	0.000000
3465	0.000000
3466	0.000000
3467	0.000000
3468	0.000000
3469	0.000000
3470	0.000000
3471	0.000000
3472	0.000000
3473	0.000000
3474	0.000000
3475	0.000000
3476	0.000000
3477	0.000000
3478	0.000000
3479	0.000000
3480	0.000000
3481	0.000000
3482	0.000000
3483	0.000000
3484	0.000000
3485	0.000000
3486	0.000000
3487	0.000000
3488	0.000000
3489	0.000000
3490	0.000000
3491	0.000000
3492	0.000000
3493	0.000000
3494	0.000000
3495	0.000000
3496	0.000000
3497	0.000000
3498	0.000000
3499	0.000000
3500	0.000000
3501	0.000000
3502	0.000000
3503	0.000000
3504	0.000000
3505	0.000000
3506	0.000000
3507	0.000000
3508	0.000000
3509	0.000000
3510	0.000000
3511	0.000000
3512	0.000000
3513	0.000000
3514	0.000000
3515	0.000000
3516	0.000000
3517	0.000000
3518	0.000000
3519	0.000000
3520	0.000000
3521	0.000000
3522	0.000000
3523	0.000000
3524	0.000000
3525	0.000000
3526	0.000000
3527	0.000000
3528	0.000000
3529	0.000000
3530	0.000000
3531	0.000000
3532	0.000000
3533	0.000000
3534	0.000000
3535	0.000000
3536	0.000000
3537	0.000000
3538	0.000000
3539	0.000000
3540	0.000000
3541	0.000000
3542	0.000000
3543	0.000000
3544	0.000000
3545	0.000000
3546	0.000000
3547	0.000000
3548	0.000000
3549	0.000000
3550	0.000000
3551	0.000000
3552	0.000000
3553	0.000000
3554	0.000000
3555	0.000000
3556	0.000000
3557	0.000000
3558	0.000000
3559	0.000000
3560	0.000000
3561	0.000000
3562	0.000000
3563	0.000000
3564	0.000000
3565	0.000000
3566	0.000000
3567	0.000000
3568	0.000000
3569	0.000000
3570	0.000000
3571	0.000000
3572	0.000000
3573	0.000000
3574	0.000000
3575	0.000000
3576	0.000000
3577	0.000000
3578	0.000000
3579	0.000000
3580	0.000000
3581	0.000000
3582	0.000000
3583	0.000000
3584	0.000000
3585	0.000000
3586	0.000000
3587	0.000000
3588	0.000000
3589	0.000000
3590	0.000000
3591	0.000000
3592	0.000000
3593	0.000000
3594	0.000000
3595	0.000000
3596	0.000000
3597	0.000000
3598	0.000000
3599	0.000000
3600	0.000000
3601	0.000000
3602	0.000000
3603	0.000000
3604	0.000000
3605	0.000000
3606	0.000000
3607	0.000000
3608	0.000000
3609	0.000000
3610	0.000000
3611	0.000000
3612	0.000000
3613	0.000000
3614	0.000000
3615	0.000000
3616	0.000000
3617	0.000000
3618	0.000000
3619	0.000000
3620	0.000000
3621	0.000000
3622	0.000000
3623	0.000000
3624	0.000000
3625	0.000000
3626	0.000000
3627	0.000000
3628	0.000000
3629	0.000000
3630	0.000000
3631	0.000000
3632	0.000000
3633	0.000000
3634	0.000000
3635	0.000000
3636	0.000000
3637	0.000000
3638	0.000000
3639	0.000000
3640	0.000000
3641	0.000000
3642	0.000000
3643	0.000000
3644	0.000000
3645	0.000000
3646	0.000000
3647	0.000000
3648	0.000000
3649	0.000000
3650	0.000000
3651	0.000000
3652	0.000000
3653	0.000000
3654	0.000000
3655	0.000000
3656	0.000000
3657	0.000000
3658	0.000000
3659	0.000000
3660	0.000000
3661	0.000000
3662	0.000000
3663	0.000000
3664	0.000000
3665	0.000000
3666	0.000000
3667	0.000000
3668	0.000000
3669	0.000000
3670	0.000000
3671	0.000000
3672	0.000000
3673	0.000000
3674	0.000000
3675	0.000000
3676	0.000000
3677	0.000000
3678	0.000000
3679	0.000000
3680	0.000000
3681	0.000000
3682	0.000000
3683	0.000000
3684	0.000000
3685	0.000000
3686	0.000000
3687	0.000000
3688	0.000000
3689	0.000000
3690	0.000000
3691	0.000000
3692	0.000000
3693	0.000000
3694	0.000000
3695	0.000000
3696	0.000000
3697	0.000000
3698	0.000000
3699	0.000000
3700	0.000000
3701	0.000000
3702	0.000000
3703	0.000000
3704	0.000000
3705	0.000000
3706	0.000000
3707	0.000000
3708	0.000000
3709	0.000000
3710	0.000000
3711	0.000000
3712	0.000000
3713	0.000000
3714	0.000000
3715	0.000000
3716	0.000000
3717	0.000000
3718	0.000000
3719	0.000000
3720	0.000000
3721	0.000000
3722	0.000000
3723	0.000000
3724	0.000000
3725	0.000000
3726	0.000000
3727	0.000000
3728	0.000000
3729	0.000000
3730	0.000000
3731	0.000000
3732	0.000000
3733	0.000000
3734	0.000000
3735	0.000000
3736	0.000000
3737	0.000000
3738	0.000000
3739	0.000000
3740	0.000000
3741	0.000000
3742	0.000000
3743	0.000000
3744	0.000000
3745	0.000000
3746	0.000000
3747	0.000000
3748	0.000000
3749	0.000000
3750	0.000000
3751	0.000000
3752	0.000000
3753	0.000000
3754	0.000000
3755	0.000000
3756	0.000000
3757	0.000000
3758	0.000000
3759	0.000000
3760	0.000000
3761	0.000000
3762	0.000000
3763	0.000000
3764	0.000000
3765	0.000000
3766	0.000000
3767	0.000000
3768	0.000000
3769	0.000000
3770	0.000000
3771	0.000000
3772	0.000000
3773	0.000000
3774	0.000000
3775	0.000000
3776	0.000000
3777	0.000000
3778	0.000000
3779	0.000000
3780	0.000000
3781	0.000000
3782	0.000000
3783	0.000000
3784	0.000000
3785	0.000000
3786	0.000000
3787	0.000000
3788	0.000000
3789	0.000000
3790	0.000000
3791	0.000000
3792	0.000000
3793	0.000000
3794	0.000000
3795	0.000000
3796	0.000000
3797	0.000000
3798	0.000000
3799	0.000000
3800	0.000000
3801	0.000000
3802	0.000000
3803	0.000000
3804	0.000000
3805	0.000000
3806	0.000000
3807	0.000000
3808	0.000000
3809	0.000000
3810	0.000000
3811	0.000000
3812	0.000000
3813	0.000000
3814	0.000000
3815	0.000000
3816	0.000000
3817	0.000000
3818	0.000000
3819	0.000000
3820	0.000000
3821	0.000000
3822	0.000000
3823	0.000000
3824	0.000000
3825	0.000000
3826	0.000000
3827	0.000000
3828	0.000000
3829	0.000000
3830	0.000000
3831	0.000000
3832	0.000000
3833	0.000000
3834	0.000000
3835	0.000000
3836	0.000000
3837	0.000000
3838	0.000000
3839	0.000000
3840	0.000000
3841	0.000000
3842	0.000000
3843	0.000000
3844	0.000000
3845	0.000000
3846	0.000000
3847	0.000000
3848	0.000000
3849	0.000000
3850	0.000000
3851	0.000000
3852	0.000000
3853	0.000000
3854	0.000000
3855	0.000000
3856	0.000000
3857	0.000000
3858	0.000000
3859	0.000000
3860	0.000000
3861	0.000000
3862	0.000000
3863	0.000000
3864	0.000000
3865	0.000000
3866	0.000000
3867	0.000000
3868	0.000000
3869	0.000000
3870	0.000000
3871	0.000000
3872	0.000000
3873	0.000000
3874	0.000000
3875	0.000000
3876	0.000000
3877	0.000000
3878	0.000000
3879	0.000000
3880	0.000000
3881	0.000000
3882	0.000000
3883	0.000000
3884	0.000000
3885	0.000000
3886	0.000000
3887	0.000000
3888	0.000000
3889	0.000000
3890	0.000000
3891	0.000000
3892	0.000000
3893	0.000000
3894	0.000000
3895	0.000000
3896	0.000000
3897	0.000000
3898	0.000000
3899	0.000000
3900	0.000000
3901	0.000000
3902	0.000000
3903	0.000000
3904	0.000000
3905	0.000000
3906	0.000000
3907	0.000000
3908	0.000000
3909	0.000000
3910	0.000000
3911	0.000000
3912	0.000000
3913	0.000000
3914	0.000000
3915	0.000000
3916	0.000000
3917	0.000000
3918	0.000000
3919	0.000000
3920	0.000000
3921	0.000000
3922	0.000000
3923	0.000000
3924	0.000000
3925	0.000000
3926	0.000000
3927	0.000000
3928	0.000000
3929	0.000000
3930	0.000000
3931	0.000000
3932	0.000000
3933	0.000000
3934	0.000000
3935	0.000000
3936	0.000000
3937	0.000000
3938	0.000000
3939	0.000000
3940	0.000000
3941	0.000000
3942	0.000000
3943	0.000000
3944	0.000000
3945	0.000000
3946	0.000000
3947	0.000000
3948	0.000000
3949	0.000000
3950	0.000000
3951	0.000000
3952	0.000000
3953	0.000000
3954	0.000000
3955	0.000000
3956	0.000000
3957	0.000000
3958	0.000000
3959	0.000000
3960	0.000000
3961	0.000000
3962	0.000000
3963	0.000000
3964	0.000000
3965	0.000000
3966	0.000000
3967	0.000000
3968	0.000000
3969	0.000000
3970	0.000000
3971	0.000000
3972	0.000000
3973	0.000000
3974	0.000000
3975	0.000000
3976	0.000000
3977	0.000000
3978	0.000000
3979	0.000000
3980	0.000000
3981	0.000000
3982	0.000000
3983	0.000000
3984	0.000000
3985	0.000000
3986	0.000000
3987	0.000000
3988	0.000000
3989	0.000000
3990	0.000000
3991	0.000000
3992	0.000000
3993	0.000000
3994	0.000000
3995	0.000000
3996	0.000000
3997	0.000000
3998	0.000000
3999	0.000000
4000	0.000000
4001	0.000000
