0	0.000000
1	0.000000
2	0.000000
3	0.000000
4	0.000000
5	0.000000
6	0.000000
7	0.000000
8	0.000000
9	0.000000
10	0.000000
11	0.000000
12	0.000000
13	0.000000
14	0.000000
15	0.000000
16	0.000000
17	0.000000
18	0.000000
19	0.000000
20	0.000000
21	0.000000
22	0.000000
23	0.000000
24	0.000000
25	0.000000
26	0.000000
27	0.000000
28	0.000000
29	0.000000
30	0.000000
31	0.000000
32	0.000000
33	0.000000
34	0.000000
35	0.000000
36	0.000000
37	0.000000
38	0.000000
39	0.000000
40	0.000000
41	0.000000
42	0.000000
43	0.000000
44	0.000000
45	0.000000
46	0.000000
47	0.000000
48	0.000000
49	0.000000
50	0.000000
51	0.000000
52	0.000000
53	0.000000
54	0.000000
55	0.000000
56	0.000000
57	0.000000
58	0.000000
59	0.000000
60	0.000000
61	0.000000
62	0.000000
63	0.000000
64	0.000000
65	0.000000
66	0.000000
67	0.000000
68	0.000000
69	0.000000
70	0.000000
71	0.000000
72	0.000000
73	0.000000
74	0.000000
75	0.000000
76	0.000000
77	0.000000
78	0.000000
79	0.000000
80	0.000000
81	0.000000
82	0.000000
83	0.000000
84	0.000000
85	0.000000
86	0.000000
87	0.000000
88	0.000000
89	0.000000
90	0.000000
91	0.000000
92	0.000000
93	0.000000
94	0.000000
95	0.000000
96	0.000000
97	0.000000
98	0.000000
99	0.000000
100	0.000000
101	0.000000
102	0.000000
103	0.000000
104	0.000000
105	0.000000
106	0.000000
107	0.000000
108	0.000000
109	0.000000
110	0.000000
111	0.000000
112	0.000000
113	0.000000
114	0.000000
115	0.000000
116	0.000000
117	0.000000
118	0.000000
119	0.000000
120	0.000000
121	0.000000
122	0.000000
123	0.000000
124	0.000000
125	0.000000
126	0.000000
127	0.000000
128	0.000000
129	0.000000
130	0.000000
131	0.000000
132	0.000000
133	0.000000
134	0.000000
135	0.000000
136	0.000000
137	0.000000
138	0.000000
139	0.000000
140	0.000000
141	0.000000
142	0.000000
143	0.000000
144	0.000000
145	0.000000
146	0.000000
147	0.000000
148	0.000000
149	0.000000
150	0.000000
151	0.000000
152	0.000000
153	0.000000
154	0.000000
155	0.000000
156	0.000000
157	0.000000
158	0.000000
159	0.000000
160	0.000000
161	0.000000
162	0.000000
163	0.000000
164	0.000000
165	0.000000
166	0.000000
167	0.000000
168	0.000000
169	0.000000
170	0.000000
171	0.000000
172	0.000000
173	0.000000
174	0.000000
175	0.000000
176	0.000000
177	0.000000
178	0.000000
179	0.000000
180	0.000000
181	0.000000
182	0.000000
183	0.000000
184	0.000000
185	0.000000
186	0.000000
187	0.000000
188	0.000000
189	0.000000
190	0.000000
191	0.000000
192	0.000000
193	0.000000
194	0.000000
195	0.000000
196	0.000000
197	0.000000
198	0.000000
199	0.000000
200	0.000000
201	0.000000
202	0.000000
203	0.000000
204	0.000000
205	0.000000
206	0.000000
207	0.000000
208	0.000000
209	0.000000
210	0.000000
211	0.000000
212	0.000000
213	0.000000
214	0.000000
215	0.000000
216	0.000000
217	0.000000
218	0.000000
219	0.000000
220	0.000000
221	0.000000
222	0.000000
223	0.000000
224	0.000000
225	0.000000
226	0.000000
227	0.000000
228	0.000000
229	0.000000
230	0.000000
231	0.000000
232	0.000000
233	0.000000
234	0.000000
235	0.000000
236	0.000000
237	0.000000
238	0.000000
239	0.000000
240	0.000000
241	0.000000
242	0.000000
243	0.000000
244	0.000000
245	0.000000
246	0.000000
247	0.000000
248	0.000000
249	0.000000
250	0.000000
251	0.000000
252	0.000000
253	0.000000
254	0.000000
255	0.000000
256	0.000000
257	0.000000
258	0.000000
259	0.000000
260	0.000000
261	0.000000
262	0.000000
263	0.000000
264	0.000000
265	0.000000
266	0.000000
267	0.000000
268	0.000000
269	0.000000
270	0.000000
271	0.000000
272	0.000000
273	0.000000
274	0.000000
275	0.000000
276	0.000000
277	0.000000
278	0.000000
279	0.000000
280	0.000000
281	0.000000
282	0.000000
283	0.000000
284	0.000000
285	0.000000
286	0.000000
287	0.000000
288	0.000000
289	0.000000
290	0.000000
291	0.000000
292	0.000000
293	0.000000
294	0.000000
295	0.000000
296	0.000000
297	0.000000
298	0.000000
299	0.000000
300	0.000000
301	0.000000
302	0.000000
303	0.000000
304	0.000000
305	0.000000
306	0.000000
307	0.000000
308	0.000000
309	0.000000
310	0.000000
311	0.000000
312	0.000000
313	0.000000
314	0.000000
315	0.000000
316	0.000000
317	0.000000
318	0.000000
319	0.000000
320	0.000000
321	0.000000
322	0.000000
323	0.000000
324	0.000000
325	0.000000
326	0.000000
327	0.000000
328	0.000000
329	0.000000
330	0.000000
331	0.000000
332	0.000000
333	0.000000
334	0.000000
335	0.000000
336	0.000000
337	0.000000
338	0.000000
339	0.000000
340	0.000000
341	0.000000
342	0.000000
343	0.000000
344	0.000000
345	0.000000
346	0.000000
347	0.000000
348	0.000000
349	0.000000
350	0.000000
351	0.000000
352	0.000000
353	0.000000
354	0.000000
355	0.000000
356	0.000000
357	0.000000
358	0.000000
359	0.000000
360	0.000000
361	0.000000
362	0.000000
363	0.000000
364	0.000000
365	0.000000
366	0.000000
367	0.000000
368	0.000000
369	0.000000
370	0.000000
371	0.000000
372	0.000000
373	0.000000
374	0.000000
375	0.000000
376	0.000000
377	0.000000
378	0.000000
379	0.000000
380	0.000000
381	0.000000
382	0.000000
383	0.000000
384	0.000000
385	0.000000
386	0.000000
387	0.000000
388	0.000000
389	0.000000
390	0.000000
391	0.000000
392	0.000000
393	0.000000
394	0.000000
395	0.000000
396	0.000000
397	0.000000
398	0.000000
399	0.000000
400	0.000000
401	0.000000
402	0.000000
403	0.000000
404	0.000000
405	0.000000
406	0.000000
407	0.000000
408	0.000000
409	0.000000
410	0.000000
411	0.000000
412	0.000000
413	0.000000
414	0.000000
415	0.000000
416	0.000000
417	0.000000
418	0.000000
419	0.000000
420	0.000000
421	0.000000
422	0.000000
423	0.000000
424	0.000000
425	0.000000
426	0.000000
427	0.000000
428	0.000000
429	0.000000
430	0.000000
431	0.000000
432	0.000000
433	0.000000
434	0.000000
435	0.000000
436	0.000000
437	0.000000
438	0.000000
439	0.000000
440	0.000000
441	0.000000
442	0.000000
443	0.000000
444	0.000000
445	0.000000
446	0.000000
447	0.000000
448	0.000000
449	0.000000
450	0.000000
451	0.000000
452	0.000000
453	0.000000
454	0.000000
455	0.000000
456	0.000000
457	0.000000
458	0.000000
459	0.000000
460	0.000000
461	0.000000
462	0.000000
463	0.000000
464	0.000000
465	0.000000
466	0.000000
467	0.000000
468	0.000000
469	0.000000
470	0.000000
471	0.000000
472	0.000000
473	0.000000
474	0.000000
475	0.000000
476	0.000000
477	0.000000
478	0.000000
479	0.000000
480	0.000000
481	0.000000
482	0.000000
483	0.000000
484	0.000000
485	0.000000
486	0.000000
487	0.000000
488	0.000000
489	0.000000
490	0.000000
491	0.000000
492	0.000000
493	0.000000
494	0.000000
495	0.000000
496	0.000000
497	0.000000
498	0.000000
499	0.000000
500	0.000000
501	0.000000
502	0.000000
503	0.000000
504	0.000000
505	0.000000
506	0.000000
507	0.000000
508	0.000000
509	0.000000
510	0.000000
511	0.000000
512	0.000000
513	0.000000
514	0.000000
515	0.000000
516	0.000000
517	0.000000
518	0.000000
519	0.000000
520	0.000000
521	0.000000
522	0.000000
523	0.000000
524	0.000000
525	0.000000
526	0.000000
527	0.000000
528	0.000000
529	0.000000
530	0.000000
531	0.000000
532	0.000000
533	0.000000
534	0.000000
535	0.000000
536	0.000000
537	0.000000
538	0.000000
539	0.000000
540	0.000000
541	0.000000
542	0.000000
543	0.000000
544	0.000000
545	0.000000
546	0.000000
547	0.000000
548	0.000000
549	0.000000
550	0.000000
551	0.000000
552	0.000000
553	0.000000
554	0.000000
555	0.000000
556	0.000000
557	0.000000
558	0.000000
559	0.000000
560	0.000000
561	0.000000
562	0.000000
563	0.000000
564	0.000000
565	0.000000
566	0.000000
567	0.000000
568	0.000000
569	0.000000
570	0.000000
571	0.000000
572	0.000000
573	0.000000
574	0.000000
575	0.000000
576	0.000000
577	0.000000
578	0.000000
579	0.000000
580	0.000000
581	0.000000
582	0.000000
583	0.000000
584	0.000000
585	0.000000
586	0.000000
587	0.000000
588	0.000000
589	0.000000
590	0.000000
591	0.000000
592	0.000000
593	0.000000
594	0.000000
595	0.000000
596	0.000000
597	0.000000
598	0.000000
599	0.000000
600	0.000000
601	0.000000
602	0.000000
603	0.000000
604	0.000000
605	0.000000
606	0.000000
607	0.000000
608	0.000000
609	0.000000
610	0.000000
611	0.000000
612	0.000000
613	0.000000
614	0.000000
615	0.000000
616	0.000000
617	0.000000
618	0.000000
619	0.000000
620	0.000000
621	0.000000
622	0.000000
623	0.000000
624	0.000000
625	0.000000
626	0.000000
627	0.000000
628	0.000000
629	0.000000
630	0.000000
631	0.000000
632	0.000000
633	0.000000
634	0.000000
635	0.000000
636	0.000000
637	0.000000
638	0.000000
639	0.000000
640	0.000000
641	0.000000
642	0.000000
643	0.000000
644	0.000000
645	0.000000
646	0.000000
647	0.000000
648	0.000000
649	0.000000
650	0.000000
651	0.000000
652	0.000000
653	0.000000
654	0.000000
655	0.000000
656	0.000000
657	0.000000
658	0.000000
659	0.000000
660	0.000000
661	0.000000
662	0.000000
663	0.000000
664	0.000000
665	0.000000
666	0.000000
667	0.000000
668	0.000000
669	0.000000
670	0.000000
671	0.000000
672	0.000000
673	0.000000
674	0.000000
675	0.000000
676	0.000000
677	0.000000
678	0.000000
679	0.000000
680	0.000000
681	0.000000
682	0.000000
683	0.000000
684	0.000000
685	0.000000
686	0.000000
687	0.000000
688	0.000000
689	0.000000
690	0.000000
691	0.000000
692	0.000000
693	0.000000
694	0.000000
695	0.000000
696	0.000000
697	0.000000
698	0.000000
699	0.000000
700	0.000000
701	0.000000
702	0.000000
703	0.000000
704	0.000000
705	0.000000
706	0.000000
707	0.000000
708	0.000000
709	0.000000
710	0.000000
711	0.000000
712	0.000000
713	0.000000
714	0.000000
715	0.000000
716	0.000000
717	0.000000
718	0.000000
719	0.000000
720	0.000000
721	0.000000
722	0.000000
723	0.000000
724	0.000000
725	0.000000
726	0.000000
727	0.000000
728	0.000000
729	0.000000
730	0.000000
731	0.000000
732	0.000000
733	0.000000
734	0.000000
735	0.000000
736	0.000000
737	0.000000
738	0.000000
739	0.000000
740	0.000000
741	0.000000
742	0.000000
743	0.000000
744	0.000000
745	0.000000
746	0.000000
747	0.000000
748	0.000000
749	0.000000
750	0.000000
751	0.000000
752	0.000000
753	0.000000
754	0.000000
755	0.000000
756	0.000000
757	0.000000
758	0.000000
759	0.000000
760	0.000000
761	0.000000
762	0.000000
763	0.000000
764	0.000000
765	0.000000
766	0.000000
767	0.000000
768	0.000000
769	0.000000
770	0.000000
771	0.000000
772	0.000000
773	0.000000
774	0.000000
775	0.000000
776	0.000000
777	0.000000
778	0.000000
779	0.000000
780	0.000000
781	0.000000
782	0.000000
783	0.000000
784	0.000000
785	0.000000
786	0.000000
787	0.000000
788	0.000000
789	0.000000
790	0.000000
791	0.000000
792	0.000000
793	0.000000
794	0.000000
795	0.000000
796	0.000000
797	0.000000
798	0.000000
799	0.000000
800	0.000000
801	0.000000
802	0.000000
803	0.000000
804	0.000000
805	0.000000
806	0.000000
807	0.000000
808	0.000000
809	0.000000
810	0.000000
811	0.000000
812	0.000000
813	0.000000
814	0.000000
815	0.000000
816	0.000000
817	0.000000
818	0.000000
819	0.000000
820	0.000000
821	0.000000
822	0.000000
823	0.000000
824	0.000000
825	0.000000
826	0.000000
827	0.000000
828	0.000000
829	0.000000
830	0.000000
831	0.000000
832	0.000000
833	0.000000
834	0.000000
835	0.000000
836	0.000000
837	0.000000
838	0.000000
839	0.000000
840	0.000000
841	0.000000
842	0.000000
843	0.000000
844	0.000000
845	0.000000
846	0.000000
847	0.000000
848	0.000000
849	0.000000
850	0.000000
851	0.000000
852	0.000000
853	0.000000
854	0.000000
855	0.000000
856	0.000000
857	0.000000
858	0.000000
859	0.000000
860	0.000000
861	0.000000
862	0.000000
863	0.000000
864	0.000000
865	0.000000
866	0.000000
867	0.000000
868	0.000000
869	0.000000
870	0.000000
871	0.000000
872	0.000000
873	0.000000
874	0.000000
875	0.000000
876	0.000000
877	0.000000
878	0.000000
879	0.000000
880	0.000000
881	0.000000
882	0.000000
883	0.000000
884	0.000000
885	0.000000
886	0.000000
887	0.000000
888	0.000000
889	0.000000
890	0.000000
891	0.000000
892	0.000000
893	0.000000
894	0.000000
895	0.000000
896	0.000000
897	0.000000
898	0.000000
899	0.000000
900	0.000000
901	0.000000
902	0.000000
903	0.000000
904	0.000000
905	0.000000
906	0.000000
907	0.000000
908	0.000000
909	0.000000
910	0.000000
911	0.000000
912	0.000000
913	0.000000
914	0.000000
915	0.000000
916	0.000000
917	0.000000
918	0.000000
919	0.000000
920	0.000000
921	0.000000
922	0.000000
923	0.000000
924	0.000000
925	0.000000
926	0.000000
927	0.000000
928	0.000000
929	0.000000
930	0.000000
931	0.000000
932	0.000000
933	0.000000
934	0.000000
935	0.000000
936	0.000000
937	0.000000
938	0.000000
939	0.000000
940	0.000000
941	0.000000
942	0.000000
943	0.000000
944	0.000000
945	0.000000
946	0.000000
947	0.000000
948	0.000000
949	0.000000
950	0.000000
951	0.000000
952	0.000000
953	0.000000
954	0.000000
955	0.000000
956	0.000000
957	0.000000
958	0.000000
959	0.000000
960	0.000000
961	0.000000
962	0.000000
963	0.000000
964	0.000000
965	0.000000
966	0.000000
967	0.000000
968	0.000000
969	0.000000
970	0.000000
971	0.000000
972	0.000000
973	0.000000
974	0.000000
975	0.000000
976	0.000000
977	0.000000
978	0.000000
979	0.000000
980	0.000000
981	0.000000
982	0.000000
983	0.000000
984	0.000000
985	0.000000
986	0.000000
987	0.000000
988	0.000000
989	0.000000
990	0.000000
991	0.000000
992	0.000000
993	0.000000
994	0.000000
995	0.000000
996	0.000000
997	0.000000
998	0.000000
999	0.000000
1000	0.000000
1001	0.000000
1002	0.000000
1003	0.000000
1004	0.000000
1005	0.000000
1006	0.000000
1007	0.000000
1008	0.000000
1009	0.000000
1010	0.000000
1011	0.000000
1012	0.000000
1013	0.000000
1014	0.000000
1015	0.000000
1016	0.000000
1017	0.000000
1018	0.000000
1019	0.000000
1020	0.000000
1021	0.000000
1022	0.000000
1023	0.000000
1024	0.000000
1025	0.000000
1026	0.000000
1027	0.000000
1028	0.000000
1029	0.000000
1030	0.000000
1031	0.000000
1032	0.000000
1033	0.000000
1034	0.000000
1035	0.000000
1036	0.000000
1037	0.000000
1038	0.000000
1039	0.000000
1040	0.000000
1041	0.000000
1042	0.000000
1043	0.000000
1044	0.000000
1045	0.000000
1046	0.000000
1047	0.000000
1048	0.000000
1049	0.000000
1050	0.000000
1051	0.000000
1052	0.000000
1053	0.000000
1054	0.000000
1055	0.000000
1056	0.000000
1057	0.000000
1058	0.000000
1059	0.000000
1060	0.000000
1061	0.000000
1062	0.000000
1063	0.000000
1064	0.000000
1065	0.000000
1066	0.000000
1067	0.000000
1068	0.000000
1069	0.000000
1070	0.000000
1071	0.000000
1072	0.000000
1073	0.000000
1074	0.000000
1075	0.000000
1076	0.000000
1077	0.000000
1078	0.000000
1079	0.000000
1080	0.000000
1081	0.000000
1082	0.000000
1083	0.000000
1084	0.000000
1085	0.000000
1086	0.000000
1087	0.000000
1088	0.000000
1089	0.000000
1090	0.000000
1091	0.000000
1092	0.000000
1093	0.000000
1094	0.000000
1095	0.000000
1096	0.000000
1097	0.000000
1098	0.000000
1099	0.000000
1100	0.000000
1101	0.000000
1102	0.000000
1103	0.000000
1104	0.000000
1105	0.000000
1106	0.000000
1107	0.000000
1108	0.000000
1109	0.000000
1110	0.000000
1111	0.000000
1112	0.000000
1113	0.000000
1114	0.000000
1115	0.000000
1116	0.000000
1117	0.000000
1118	0.000000
1119	0.000000
1120	0.000000
1121	0.000000
1122	0.000000
1123	0.000000
1124	0.000000
1125	0.000000
1126	0.000000
1127	0.000000
1128	0.000000
1129	0.000000
1130	0.000000
1131	0.000000
1132	0.000000
1133	0.000000
1134	0.000000
1135	0.000000
1136	0.000000
1137	0.000000
1138	0.000000
1139	0.000000
1140	0.000000
1141	0.000000
1142	0.000000
1143	0.000000
1144	0.000000
1145	0.000000
1146	0.000000
1147	0.000000
1148	0.000000
1149	0.000000
1150	0.000000
1151	0.000000
1152	0.000000
1153	0.000000
1154	0.000000
1155	0.000000
1156	0.000000
1157	0.000000
1158	0.000000
1159	0.000000
1160	0.000000
1161	0.000000
1162	0.000000
1163	0.000000
1164	0.000000
1165	0.000000
1166	0.000000
1167	0.000000
1168	0.000000
1169	0.000000
1170	0.000000
1171	0.000000
1172	0.000000
1173	0.000000
1174	0.000000
1175	0.000000
1176	0.000000
1177	0.000000
1178	0.000000
1179	0.000000
1180	0.000000
1181	0.000000
1182	0.000000
1183	0.000000
1184	0.000000
1185	0.000000
1186	0.000000
1187	0.000000
1188	0.000000
1189	0.000000
1190	0.000000
1191	0.000000
1192	0.000000
1193	0.000000
1194	0.000000
1195	0.000000
1196	0.000000
1197	0.000000
1198	0.000000
1199	0.000000
1200	0.000000
1201	0.000000
1202	0.000000
1203	0.000000
1204	0.000000
1205	0.000000
1206	0.000000
1207	0.000000
1208	0.000000
1209	0.000000
1210	0.000000
1211	0.000000
1212	0.000000
1213	0.000000
1214	0.000000
1215	0.000000
1216	0.000000
1217	0.000000
1218	0.000000
1219	0.000000
1220	0.000000
1221	0.000000
1222	0.000000
1223	0.000000
1224	0.000000
1225	0.000000
1226	0.000000
1227	0.000000
1228	0.000000
1229	0.000000
1230	0.000000
1231	0.000000
1232	0.000000
1233	0.000000
1234	0.000000
1235	0.000000
1236	0.000000
1237	0.000000
1238	0.000000
1239	0.000000
1240	0.000000
1241	0.000000
1242	0.000000
1243	0.000000
1244	0.000000
1245	0.000000
1246	0.000000
1247	0.000000
1248	0.000000
1249	0.000000
1250	0.000000
1251	0.000000
1252	0.000000
1253	0.000000
1254	0.000000
1255	0.000000
1256	0.000000
1257	0.000000
1258	0.000000
1259	0.000000
1260	0.000000
1261	0.000000
1262	0.000000
1263	0.000000
1264	0.000000
1265	0.000000
1266	0.000000
1267	0.000000
1268	0.000000
1269	0.000000
1270	0.000000
1271	0.000000
1272	0.000000
1273	0.000000
1274	0.000000
1275	0.000000
1276	0.000000
1277	0.000000
1278	0.000000
1279	0.000000
1280	0.000000
1281	0.000000
1282	0.000000
1283	0.000000
1284	0.000000
1285	0.000000
1286	0.000000
1287	0.000000
1288	0.000000
1289	0.000000
1290	0.000000
1291	0.000000
1292	0.000000
1293	0.000000
1294	0.000000
1295	0.000000
1296	0.000000
1297	0.000000
1298	0.000000
1299	0.000000
1300	0.000000
1301	0.000000
1302	0.000000
1303	0.000000
1304	0.000000
1305	0.000000
1306	0.000000
1307	0.000000
1308	0.000000
1309	0.000000
1310	0.000000
1311	0.000000
1312	0.000000
1313	0.000000
1314	0.000000
1315	0.000000
1316	0.000000
1317	0.000000
1318	0.000000
1319	0.000000
1320	0.000000
1321	0.000000
1322	0.000000
1323	0.000000
1324	0.000000
1325	0.000000
1326	0.000000
1327	0.000000
1328	0.000000
1329	0.000000
1330	0.000000
1331	0.000000
1332	0.000000
1333	0.000000
1334	0.000000
1335	0.000000
1336	0.000000
1337	0.000000
1338	0.000000
1339	0.000000
1340	0.000000
1341	0.000000
1342	0.000000
1343	0.000000
1344	0.000000
1345	0.000000
1346	0.000000
1347	0.000000
1348	0.000000
1349	0.000000
1350	0.000000
1351	0.000000
1352	0.000000
1353	0.000000
1354	0.000000
1355	0.000000
1356	0.000000
1357	0.000000
1358	0.000000
1359	0.000000
1360	0.000000
1361	0.000000
1362	0.000000
1363	0.000000
1364	0.000000
1365	0.000000
1366	0.000000
1367	0.000000
1368	0.000000
1369	0.000000
1370	0.000000
1371	0.000000
1372	0.000000
1373	0.000000
1374	0.000000
1375	0.000000
1376	0.000000
1377	0.000000
1378	0.000000
1379	0.000000
1380	0.000000
1381	0.000000
1382	0.000000
1383	0.000000
1384	0.000000
1385	0.000000
1386	0.000000
1387	0.000000
1388	0.000000
1389	0.000000
1390	0.000000
1391	0.000000
1392	0.000000
1393	0.000000
1394	0.000000
1395	0.000000
1396	0.000000
1397	0.000000
1398	0.000000
1399	0.000000
1400	0.000000
1401	0.000000
1402	0.000000
1403	0.000000
1404	0.000000
1405	0.000000
1406	0.000000
1407	0.000000
1408	0.000000
1409	0.000000
1410	0.000000
1411	0.000000
1412	0.000000
1413	0.000000
1414	0.000000
1415	0.000000
1416	0.000000
1417	0.000000
1418	0.000000
1419	0.000000
1420	0.000000
1421	0.000000
1422	0.000000
1423	0.000000
1424	0.000000
1425	0.000000
1426	0.000000
1427	0.000000
1428	0.000000
1429	0.000000
1430	0.000000
1431	0.000000
1432	0.000000
1433	0.000000
1434	0.000000
1435	0.000000
1436	0.000000
1437	0.000000
1438	0.000000
1439	0.000000
1440	0.000000
1441	0.000000
1442	0.000000
1443	0.000000
1444	0.000000
1445	0.000000
1446	0.000000
1447	0.000000
1448	0.000000
1449	0.000000
1450	0.000000
1451	0.000000
1452	0.000000
1453	0.000000
1454	0.000000
1455	0.000000
1456	0.000000
1457	0.000000
1458	0.000000
1459	0.000000
1460	0.000000
1461	0.000000
1462	0.000000
1463	0.000000
1464	0.000000
1465	0.000000
1466	0.000000
1467	0.000000
1468	0.000000
1469	0.000000
1470	0.000000
1471	0.000000
1472	0.000000
1473	0.000000
1474	0.000000
1475	0.000000
1476	0.000000
1477	0.000000
1478	0.000000
1479	0.000000
1480	0.000000
1481	0.000000
1482	0.000000
1483	0.000000
1484	0.000000
1485	0.000000
1486	0.000000
1487	0.000000
1488	0.000000
1489	0.000000
1490	0.000000
1491	0.000000
1492	0.000000
1493	0.000000
1494	0.000000
1495	0.000000
1496	0.000000
1497	0.000000
1498	0.000000
1499	0.000000
1500	0.000000
1501	0.000000
1502	0.000000
1503	0.000000
1504	0.000000
1505	0.000000
1506	0.000000
1507	0.000000
1508	0.000000
1509	0.000000
1510	0.000000
1511	0.000000
1512	0.000000
1513	0.000000
1514	0.000000
1515	0.000000
1516	0.000000
1517	0.000000
1518	0.000000
1519	0.000000
1520	0.000000
1521	0.000000
1522	0.000000
1523	0.000000
1524	0.000000
1525	0.000000
1526	0.000000
1527	0.000000
1528	0.000000
1529	0.000000
1530	0.000000
1531	0.000000
1532	0.000000
1533	0.000000
1534	0.000000
1535	0.000000
1536	0.000000
1537	0.000000
1538	0.000000
1539	0.000000
1540	0.000000
1541	0.000000
1542	0.000000
1543	0.000000
1544	0.000000
1545	0.000000
1546	0.000000
1547	0.000000
1548	0.000000
1549	0.000000
1550	0.000000
1551	0.000000
1552	0.000000
1553	0.000000
1554	0.000000
1555	0.000000
1556	0.000000
1557	0.000000
1558	0.000000
1559	0.000001
1560	0.000001
1561	0.000002
1562	0.000002
1563	0.000003
1564	0.000005
1565	0.000007
1566	0.000011
1567	0.000016
1568	0.000024
1569	0.000035
1570	0.000052
1571	0.000076
1572	0.000113
1573	0.000166
1574	0.000245
1575	0.000361
1576	0.000532
1577	0.000784
1578	0.001155
1579	0.001700
1580	0.002501
1581	0.003675
1582	0.005393
1583	0.007898
1584	0.011532
1585	0.016769
1586	0.024239
1587	0.034746
1588	0.049237
1589	0.068692
1590	0.093897
1591	0.125097
1592	0.161636
1593	0.201786
1594	0.242971
1595	0.282382
1596	0.317700
1597	0.347559
1598	0.371593
1599	0.390189
1600	0.404141
1601	0.414363
1602	0.421719
1603	0.426938
1604	0.430597
1605	0.433134
1606	0.434875
1607	0.436052
1608	0.436833
1609	0.437338
1610	0.437648
1611	0.437824
1612	0.437906
1613	0.437922
1614	0.437892
1615	0.437831
1616	0.437748
1617	0.437649
1618	0.437540
1619	0.437423
1620	0.437301
1621	0.437175
1622	0.437047
1623	0.436917
1624	0.436786
1625	0.436654
1626	0.436521
1627	0.436388
1628	0.436254
1629	0.436120
1630	0.435986
1631	0.435852
1632	0.435718
1633	0.435584
1634	0.435449
1635	0.435315
1636	0.435180
1637	0.435046
1638	0.434911
1639	0.434776
1640	0.434642
1641	0.434507
1642	0.434372
1643	0.434237
1644	0.434102
1645	0.433967
1646	0.433832
1647	0.433697
1648	0.433562
1649	0.433427
1650	0.433292
1651	0.433156
1652	0.433021
1653	0.432886
1654	0.432750
1655	0.432615
1656	0.432479
1657	0.432344
1658	0.432208
1659	0.432072
1660	0.431937
1661	0.431801
1662	0.431665
1663	0.431529
1664	0.431393
1665	0.431257
1666	0.431122
1667	0.430985
1668	0.430849
1669	0.430713
1670	0.430577
1671	0.430441
1672	0.430305
1673	0.430168
1674	0.430032
1675	0.429896
1676	0.429759
1677	0.429623
1678	0.429486
1679	0.429350
1680	0.429213
1681	0.429077
1682	0.428940
1683	0.428803
1684	0.428666
1685	0.428530
1686	0.428393
1687	0.428256
1688	0.428119
1689	0.427982
1690	0.427845
1691	0.427708
1692	0.427571
1693	0.427434
1694	0.427297
1695	0.427159
1696	0.427022
1697	0.426885
1698	0.426747
1699	0.426610
1700	0.426472
1701	0.426335
1702	0.426197
1703	0.426060
1704	0.425922
1705	0.425785
1706	0.425647
1707	0.425509
1708	0.425371
1709	0.425234
1710	0.425096
1711	0.424958
1712	0.424820
1713	0.424682
1714	0.424544
1715	0.424406
1716	0.424268
1717	0.424130
1718	0.423991
1719	0.423853
1720	0.423715
1721	0.423577
1722	0.423438
1723	0.423300
1724	0.423161
1725	0.423023
1726	0.422885
1727	0.422746
1728	0.422607
1729	0.422469
1730	0.422330
1731	0.422191
1732	0.422053
1733	0.421914
1734	0.421775
1735	0.421636
1736	0.421497
1737	0.421358
1738	0.421219
1739	0.421080
1740	0.420941
1741	0.420802
1742	0.420663
1743	0.420524
1744	0.420385
1745	0.420246
1746	0.420106
1747	0.419967
1748	0.419828
1749	0.419688
1750	0.419549
1751	0.419409
1752	0.419270
1753	0.419130
1754	0.418991
1755	0.418851
1756	0.418711
1757	0.418572
1758	0.418432
1759	0.418292
1760	0.418152
1761	0.418012
1762	0.417873
1763	0.417733
1764	0.417593
1765	0.417453
1766	0.417313
1767	0.417173
1768	0.417033
1769	0.416892
1770	0.416752
1771	0.416612
1772	0.416472
1773	0.416332
1774	0.416191
1775	0.416051
1776	0.415910
1777	0.415770
1778	0.415630
1779	0.415489
1780	0.415349
1781	0.415208
1782	0.415067
1783	0.414927
1784	0.414786
1785	0.414645
1786	0.414505
1787	0.414364
1788	0.414223
1789	0.414082
1790	0.413941
1791	0.413800
1792	0.413659
1793	0.413518
1794	0.413377
1795	0.413236
1796	0.413095
1797	0.412954
1798	0.412813
1799	0.412672
1800	0.412530
1801	0.412389
1802	0.412248
1803	0.412107
1804	0.411965
1805	0.411824
1806	0.411682
1807	0.411541
1808	0.411399
1809	0.411258
1810	0.411116
1811	0.410975
1812	0.410833
1813	0.410691
1814	0.410550
1815	0.410408
1816	0.410266
1817	0.410124
1818	0.409983
1819	0.409841
1820	0.409699
1821	0.409557
1822	0.409415
1823	0.409273
1824	0.409131
1825	0.408989
1826	0.408847
1827	0.408705
1828	0.408562
1829	0.408420
1830	0.408278
1831	0.408136
1832	0.407993
1833	0.407851
1834	0.407709
1835	0.407566
1836	0.407424
1837	0.407281
1838	0.407139
1839	0.406996
1840	0.406854
1841	0.406711
1842	0.406569
1843	0.406426
1844	0.406283
1845	0.406141
1846	0.405998
1847	0.405855
1848	0.405712
1849	0.405569
1850	0.405427
1851	0.405284
1852	0.405141
1853	0.404998
1854	0.404855
1855	0.404712
1856	0.404569
1857	0.404426
1858	0.404282
1859	0.404139
1860	0.403996
1861	0.403853
1862	0.403710
1863	0.403566
1864	0.403423
1865	0.403280
1866	0.403136
1867	0.402993
1868	0.402850
1869	0.402706
1870	0.402563
1871	0.402419
1872	0.402276
1873	0.402132
1874	0.401988
1875	0.401845
1876	0.401701
1877	0.401557
1878	0.401414
1879	0.401270
1880	0.401126
1881	0.400982
1882	0.400839
1883	0.400695
1884	0.400551
1885	0.400407
1886	0.400263
1887	0.400119
1888	0.399975
1889	0.399831
1890	0.399687
1891	0.399543
1892	0.399399
1893	0.399254
1894	0.399110
1895	0.398966
1896	0.398822
1897	0.398677
1898	0.398533
1899	0.398389
1900	0.398244
1901	0.398100
1902	0.397956
1903	0.397811
1904	0.397667
1905	0.397522
1906	0.397378
1907	0.397233
1908	0.397088
1909	0.396944
1910	0.396799
1911	0.396655
1912	0.396510
1913	0.396365
1914	0.396220
1915	0.396076
1916	0.395931
1917	0.395786
1918	0.395641
1919	0.395496
1920	0.395351
1921	0.395206
1922	0.395061
1923	0.394916
1924	0.394771
1925	0.394626
1926	0.394481
1927	0.394336
1928	0.394191
1929	0.394046
1930	0.393900
1931	0.393755
1932	0.393610
1933	0.393465
1934	0.393319
1935	0.393174
1936	0.393029
1937	0.392883
1938	0.392738
1939	0.392592
1940	0.392447
1941	0.392301
1942	0.392156
1943	0.392010
1944	0.391865
1945	0.391719
1946	0.391573
1947	0.391428
1948	0.391282
1949	0.391136
1950	0.390991
1951	0.390845
1952	0.390699
1953	0.390553
1954	0.390407
1955	0.390262
1956	0.390116
1957	0.389970
1958	0.389824
1959	0.389678
1960	0.389532
1961	0.389386
1962	0.389240
1963	0.389094
1964	0.388948
1965	0.388801
1966	0.388655
1967	0.388509
1968	0.388363
1969	0.388217
1970	0.388070
1971	0.387924
1972	0.387778
1973	0.387632
1974	0.387485
1975	0.387339
1976	0.387192
1977	0.387046
1978	0.386899
1979	0.386753
1980	0.386606
1981	0.386460
1982	0.386313
1983	0.386167
1984	0.386020
1985	0.385874
1986	0.385727
1987	0.385580
1988	0.385433
1989	0.385287
1990	0.385140
1991	0.384993
1992	0.384846
1993	0.384700
1994	0.384553
1995	0.384406
1996	0.384259
1997	0.384112
1998	0.383965
1999	0.383818
2000	0.383671
2001	0.383524
2002	0.383377
2003	0.383230
2004	0.383083
2005	0.382936
2006	0.382789
2007	0.382641
2008	0.382494
2009	0.382347
2010	0.382200
2011	0.382052
2012	0.381905
2013	0.381758
2014	0.381611
2015	0.381463
2016	0.381316
2017	0.381168
2018	0.381021
2019	0.380873
2020	0.380726
2021	0.380578
2022	0.380431
2023	0.380283
2024	0.380136
2025	0.379988
2026	0.379841
2027	0.379693
2028	0.379545
2029	0.379398
2030	0.379250
2031	0.379102
2032	0.378954
2033	0.378807
2034	0.378659
2035	0.378511
2036	0.378363
2037	0.378215
2038	0.378067
2039	0.377919
2040	0.377771
2041	0.377623
2042	0.377476
2043	0.377327
2044	0.377179
2045	0.377031
2046	0.376883
2047	0.376735
2048	0.376587
2049	0.376439
2050	0.376291
2051	0.376143
2052	0.375994
2053	0.375846
2054	0.375698
2055	0.375550
2056	0.375401
2057	0.375253
2058	0.375105
2059	0.374956
2060	0.374808
2061	0.374659
2062	0.374511
2063	0.374363
2064	0.374214
2065	0.374066
2066	0.373917
2067	0.373768
2068	0.373620
2069	0.373471
2070	0.373323
2071	0.373174
2072	0.373025
2073	0.372877
2074	0.372728
2075	0.372579
2076	0.372431
2077	0.372282
2078	0.372133
2079	0.371984
2080	0.371835
2081	0.371686
2082	0.371538
2083	0.371389
2084	0.371240
2085	0.371091
2086	0.370942
2087	0.370793
2088	0.370644
2089	0.370495
2090	0.370346
2091	0.370197
2092	0.370048
2093	0.369899
2094	0.369749
2095	0.369600
2096	0.369451
2097	0.369302
2098	0.369153
2099	0.369004
2100	0.368854
2101	0.368705
2102	0.368556
2103	0.368406
2104	0.368257
2105	0.368108
2106	0.367958
2107	0.367809
2108	0.367659
2109	0.367510
2110	0.367361
2111	0.367211
2112	0.367062
2113	0.366912
2114	0.366763
2115	0.366613
2116	0.366463
2117	0.366314
2118	0.366164
2119	0.366015
2120	0.365865
2121	0.365715
2122	0.365565
2123	0.365416
2124	0.365266
2125	0.365116
2126	0.364966
2127	0.364817
2128	0.364667
2129	0.364517
2130	0.364367
2131	0.364217
2132	0.364067
2133	0.363917
2134	0.363767
2135	0.363617
2136	0.363467
2137	0.363317
2138	0.363167
2139	0.363017
2140	0.362867
2141	0.362717
2142	0.362567
2143	0.362417
2144	0.362267
2145	0.362117
2146	0.361967
2147	0.361816
2148	0.361666
2149	0.361516
2150	0.361366
2151	0.361215
2152	0.361065
2153	0.360915
2154	0.360764
2155	0.360614
2156	0.360464
2157	0.360313
2158	0.360163
2159	0.360012
2160	0.359862
2161	0.359711
2162	0.359561
2163	0.359410
2164	0.359260
2165	0.359109
2166	0.358959
2167	0.358808
2168	0.358658
2169	0.358507
2170	0.358356
2171	0.358206
2172	0.358055
2173	0.357904
2174	0.357754
2175	0.357603
2176	0.357452
2177	0.357301
2178	0.357151
2179	0.357000
2180	0.356849
2181	0.356698
2182	0.356547
2183	0.356396
2184	0.356245
2185	0.356094
2186	0.355944
2187	0.355793
2188	0.355642
2189	0.355491
2190	0.355340
2191	0.355189
2192	0.355038
2193	0.354886
2194	0.354735
2195	0.354584
2196	0.354433
2197	0.354282
2198	0.354131
2199	0.353980
2200	0.353828
2201	0.353677
2202	0.353526
2203	0.353375
2204	0.353223
2205	0.353072
2206	0.352921
2207	0.352770
2208	0.352618
2209	0.352467
2210	0.352315
2211	0.352164
2212	0.352013
2213	0.351861
2214	0.351710
2215	0.351558
2216	0.351407
2217	0.351255
2218	0.351104
2219	0.350952
2220	0.350801
2221	0.350649
2222	0.350498
2223	0.350346
2224	0.350194
2225	0.350043
2226	0.349891
2227	0.349739
2228	0.349588
2229	0.349436
2230	0.349284
2231	0.349133
2232	0.348981
2233	0.348829
2234	0.348677
2235	0.348525
2236	0.348374
2237	0.348222
2238	0.348070
2239	0.347918
2240	0.347766
2241	0.347614
2242	0.347462
2243	0.347310
2244	0.347158
2245	0.347006
2246	0.346854
2247	0.346702
2248	0.346550
2249	0.346398
2250	0.346246
2251	0.346094
2252	0.345942
2253	0.345790
2254	0.345638
2255	0.345485
2256	0.345333
2257	0.345181
2258	0.345029
2259	0.344877
2260	0.344724
2261	0.344572
2262	0.344420
2263	0.344268
2264	0.344115
2265	0.343963
2266	0.343811
2267	0.343658
2268	0.343506
2269	0.343354
2270	0.343201
2271	0.343049
2272	0.342896
2273	0.342744
2274	0.342591
2275	0.342439
2276	0.342286
2277	0.342134
2278	0.341981
2279	0.341829
2280	0.341676
2281	0.341524
2282	0.341371
2283	0.341218
2284	0.341066
2285	0.340913
2286	0.340760
2287	0.340608
2288	0.340455
2289	0.340302
2290	0.340150
2291	0.339997
2292	0.339844
2293	0.339691
2294	0.339539
2295	0.339386
2296	0.339233
2297	0.339080
2298	0.338927
2299	0.338774
2300	0.338621
2301	0.338469
2302	0.338316
2303	0.338163
2304	0.338010
2305	0.337857
2306	0.337704
2307	0.337551
2308	0.337398
2309	0.337245
2310	0.337092
2311	0.336939
2312	0.336786
2313	0.336632
2314	0.336479
2315	0.336326
2316	0.336173
2317	0.336020
2318	0.335867
2319	0.335714
2320	0.335560
2321	0.335407
2322	0.335254
2323	0.335101
2324	0.334947
2325	0.334794
2326	0.334641
2327	0.334488
2328	0.334334
2329	0.334181
2330	0.334028
2331	0.333874
2332	0.333721
2333	0.333567
2334	0.333414
2335	0.333261
2336	0.333107
2337	0.332954
2338	0.332800
2339	0.332647
2340	0.332493
2341	0.332340
2342	0.332186
2343	0.332033
2344	0.331879
2345	0.331725
2346	0.331572
2347	0.331418
2348	0.331265
2349	0.331111
2350	0.330957
2351	0.330804
2352	0.330650
2353	0.330496
2354	0.330343
2355	0.330189
2356	0.330035
2357	0.329881
2358	0.329728
2359	0.329574
2360	0.329420
2361	0.329266
2362	0.329112
2363	0.328959
2364	0.328805
2365	0.328651
2366	0.328497
2367	0.328343
2368	0.328189
2369	0.328035
2370	0.327881
2371	0.327727
2372	0.327573
2373	0.327419
2374	0.327265
2375	0.327111
2376	0.326957
2377	0.326803
2378	0.326649
2379	0.326495
2380	0.326341
2381	0.326187
2382	0.326033
2383	0.325879
2384	0.325724
2385	0.325570
2386	0.325416
2387	0.325262
2388	0.325108
2389	0.324953
2390	0.324799
2391	0.324645
2392	0.324491
2393	0.324336
2394	0.324182
2395	0.324028
2396	0.323874
2397	0.323719
2398	0.323565
2399	0.323411
2400	0.323256
2401	0.323102
2402	0.322947
2403	0.322793
2404	0.322639
2405	0.322484
2406	0.322330
2407	0.322175
2408	0.322021
2409	0.321866
2410	0.321712
2411	0.321557
2412	0.321403
2413	0.321248
2414	0.321094
2415	0.320939
2416	0.320784
2417	0.320630
2418	0.320475
2419	0.320320
2420	0.320166
2421	0.320011
2422	0.319857
2423	0.319702
2424	0.319547
2425	0.319392
2426	0.319238
2427	0.319083
2428	0.318928
2429	0.318773
2430	0.318619
2431	0.318464
2432	0.318309
2433	0.318154
2434	0.317999
2435	0.317845
2436	0.317690
2437	0.317535
2438	0.317380
2439	0.317225
2440	0.317070
2441	0.316915
2442	0.316760
2443	0.316605
2444	0.316450
2445	0.316295
2446	0.316140
2447	0.315985
2448	0.315830
2449	0.315675
2450	0.315520
2451	0.315365
2452	0.315210
2453	0.315055
2454	0.314900
2455	0.314745
2456	0.314590
2457	0.314435
2458	0.314279
2459	0.314124
2460	0.313969
2461	0.313814
2462	0.313659
2463	0.313503
2464	0.313348
2465	0.313193
2466	0.313038
2467	0.312882
2468	0.312727
2469	0.312572
2470	0.312417
2471	0.312261
2472	0.312106
2473	0.311951
2474	0.311795
2475	0.311640
2476	0.311485
2477	0.311329
2478	0.311174
2479	0.311018
2480	0.310863
2481	0.310707
2482	0.310552
2483	0.310397
2484	0.310241
2485	0.310086
2486	0.309930
2487	0.309775
2488	0.309619
2489	0.309463
2490	0.309308
2491	0.309152
2492	0.308997
2493	0.308841
2494	0.308686
2495	0.308530
2496	0.308374
2497	0.308219
2498	0.308063
2499	0.307907
2500	0.307752
2501	0.307596
2502	0.307440
2503	0.307285
2504	0.307129
2505	0.306973
2506	0.306817
2507	0.306662
2508	0.306506
2509	0.306350
2510	0.306194
2511	0.306038
2512	0.305883
2513	0.305727
2514	0.305571
2515	0.305415
2516	0.305259
2517	0.305103
2518	0.304947
2519	0.304791
2520	0.304635
2521	0.304480
2522	0.304324
2523	0.304168
2524	0.304012
2525	0.303856
2526	0.303700
2527	0.303544
2528	0.303388
2529	0.303232
2530	0.303076
2531	0.302920
2532	0.302763
2533	0.302607
2534	0.302451
2535	0.302295
2536	0.302139
2537	0.301983
2538	0.301827
2539	0.301671
2540	0.301515
2541	0.301358
2542	0.301202
2543	0.301046
2544	0.300890
2545	0.300734
2546	0.300577
2547	0.300421
2548	0.300265
2549	0.300109
2550	0.299952
2551	0.299796
2552	0.299640
2553	0.299483
2554	0.299327
2555	0.299171
2556	0.299014
2557	0.298858
2558	0.298702
2559	0.298545
2560	0.298389
2561	0.298233
2562	0.298076
2563	0.297920
2564	0.297763
2565	0.297607
2566	0.297450
2567	0.297294
2568	0.297137
2569	0.296981
2570	0.296824
2571	0.296668
2572	0.296511
2573	0.296355
2574	0.296198
2575	0.296042
2576	0.295885
2577	0.295729
2578	0.295572
2579	0.295415
2580	0.295259
2581	0.295102
2582	0.294945
2583	0.294789
2584	0.294632
2585	0.294475
2586	0.294319
2587	0.294162
2588	0.294005
2589	0.293849
2590	0.293692
2591	0.293535
2592	0.293378
2593	0.293222
2594	0.293065
2595	0.292908
2596	0.292751
2597	0.292595
2598	0.292438
2599	0.292281
2600	0.292124
2601	0.291967
2602	0.291810
2603	0.291653
2604	0.291497
2605	0.291340
2606	0.291183
2607	0.291026
2608	0.290869
2609	0.290712
2610	0.290555
2611	0.290398
2612	0.290241
2613	0.290084
2614	0.289927
2615	0.289770
2616	0.289613
2617	0.289456
2618	0.289299
2619	0.289142
2620	0.288985
2621	0.288828
2622	0.288671
2623	0.288514
2624	0.288357
2625	0.288200
2626	0.288042
2627	0.287885
2628	0.287728
2629	0.287571
2630	0.287414
2631	0.287257
2632	0.287100
2633	0.286942
2634	0.286785
2635	0.286628
2636	0.286471
2637	0.286313
2638	0.286156
2639	0.285999
2640	0.285842
2641	0.285684
2642	0.285527
2643	0.285370
2644	0.285213
2645	0.285055
2646	0.284898
2647	0.284741
2648	0.284583
2649	0.284426
2650	0.284268
2651	0.284111
2652	0.283954
2653	0.283796
2654	0.283639
2655	0.283481
2656	0.283324
2657	0.283167
2658	0.283009
2659	0.282852
2660	0.282694
2661	0.282537
2662	0.282379
2663	0.282222
2664	0.282064
2665	0.281907
2666	0.281749
2667	0.281592
2668	0.281434
2669	0.281277
2670	0.281119
2671	0.280961
2672	0.280804
2673	0.280646
2674	0.280489
2675	0.280331
2676	0.280173
2677	0.280016
2678	0.279858
2679	0.279700
2680	0.279543
2681	0.279385
2682	0.279227
2683	0.279070
2684	0.278912
2685	0.278754
2686	0.278596
2687	0.278439
2688	0.278281
2689	0.278123
2690	0.277965
2691	0.277808
2692	0.277650
2693	0.277492
2694	0.277334
2695	0.277176
2696	0.277019
2697	0.276861
2698	0.276703
2699	0.276545
2700	0.276387
2701	0.276229
2702	0.276071
2703	0.275913
2704	0.275756
2705	0.275598
2706	0.275440
2707	0.275282
2708	0.275124
2709	0.274966
2710	0.274808
2711	0.274650
2712	0.274492
2713	0.274334
2714	0.274176
2715	0.274018
2716	0.273860
2717	0.273702
2718	0.273544
2719	0.273386
2720	0.273228
2721	0.273070
2722	0.272912
2723	0.272754
2724	0.272595
2725	0.272437
2726	0.272279
2727	0.272121
2728	0.271963
2729	0.271805
2730	0.271647
2731	0.271488
2732	0.271330
2733	0.271172
2734	0.271014
2735	0.270856
2736	0.270698
2737	0.270539
2738	0.270381
2739	0.270223
2740	0.270065
2741	0.269906
2742	0.269748
2743	0.269590
2744	0.269431
2745	0.269273
2746	0.269115
2747	0.268957
2748	0.268798
2749	0.268640
2750	0.268482
2751	0.268323
2752	0.268165
2753	0.268006
2754	0.267848
2755	0.267690
2756	0.267531
2757	0.267373
2758	0.267215
2759	0.267056
2760	0.266898
2761	0.266739
2762	0.266581
2763	0.266422
2764	0.266264
2765	0.266105
2766	0.265947
2767	0.265788
2768	0.265630
2769	0.265471
2770	0.265313
2771	0.265154
2772	0.264996
2773	0.264837
2774	0.264679
2775	0.264520
2776	0.264362
2777	0.264203
2778	0.264044
2779	0.263886
2780	0.263727
2781	0.263569
2782	0.263410
2783	0.263251
2784	0.263093
2785	0.262934
2786	0.262775
2787	0.262617
2788	0.262458
2789	0.262299
2790	0.262141
2791	0.261982
2792	0.261823
2793	0.261664
2794	0.261506
2795	0.261347
2796	0.261188
2797	0.261029
2798	0.260871
2799	0.260712
2800	0.260553
2801	0.260394
2802	0.260235
2803	0.260077
2804	0.259918
2805	0.259759
2806	0.259600
2807	0.259441
2808	0.259282
2809	0.259124
2810	0.258965
2811	0.258806
2812	0.258647
2813	0.258488
2814	0.258329
2815	0.258170
2816	0.258011
2817	0.257852
2818	0.257693
2819	0.257534
2820	0.257376
2821	0.257217
2822	0.257058
2823	0.256899
2824	0.256740
2825	0.256581
2826	0.256422
2827	0.256263
2828	0.256104
2829	0.255945
2830	0.255785
2831	0.255626
2832	0.255467
2833	0.255308
2834	0.255149
2835	0.254990
2836	0.254831
2837	0.254672
2838	0.254513
2839	0.254354
2840	0.254195
2841	0.254035
2842	0.253876
2843	0.253717
2844	0.253558
2845	0.253399
2846	0.253240
2847	0.253080
2848	0.252921
2849	0.252762
2850	0.252603
2851	0.252444
2852	0.252284
2853	0.252125
2854	0.251966
2855	0.251807
2856	0.251647
2857	0.251488
2858	0.251329
2859	0.251170
2860	0.251010
2861	0.250851
2862	0.250692
2863	0.250532
2864	0.250373
2865	0.250214
2866	0.250054
2867	0.249895
2868	0.249736
2869	0.249576
2870	0.249417
2871	0.249258
2872	0.249098
2873	0.248939
2874	0.248779
2875	0.248620
2876	0.248461
2877	0.248301
2878	0.248142
2879	0.247982
2880	0.247823
2881	0.247663
2882	0.247504
2883	0.247344
2884	0.247185
2885	0.247025
2886	0.246866
2887	0.246706
2888	0.246547
2889	0.246387
2890	0.246228
2891	0.246068
2892	0.245909
2893	0.245749
2894	0.245590
2895	0.245430
2896	0.245271
2897	0.245111
2898	0.244951
2899	0.244792
2900	0.244632
2901	0.244473
2902	0.244313
2903	0.244153
2904	0.243994
2905	0.243834
2906	0.243674
2907	0.243515
2908	0.243355
2909	0.243195
2910	0.243036
2911	0.242876
2912	0.242716
2913	0.242557
2914	0.242397
2915	0.242237
2916	0.242077
2917	0.241918
2918	0.241758
2919	0.241598
2920	0.241438
2921	0.241279
2922	0.241119
2923	0.240959
2924	0.240799
2925	0.240640
2926	0.240480
2927	0.240320
2928	0.240160
2929	0.240000
2930	0.239840
2931	0.239681
2932	0.239521
2933	0.239361
2934	0.239201
2935	0.239041
2936	0.238881
2937	0.238721
2938	0.238562
2939	0.238402
2940	0.238242
2941	0.238082
2942	0.237922
2943	0.237762
2944	0.237602
2945	0.237442
2946	0.237282
2947	0.237122
2948	0.236962
2949	0.236802
2950	0.236642
2951	0.236482
2952	0.236322
2953	0.236162
2954	0.236002
2955	0.235842
2956	0.235682
2957	0.235522
2958	0.235362
2959	0.235202
2960	0.235042
2961	0.234882
2962	0.234722
2963	0.234562
2964	0.234402
2965	0.234242
2966	0.234081
2967	0.233921
2968	0.233761
2969	0.233601
2970	0.233441
2971	0.233281
2972	0.233121
2973	0.232961
2974	0.232800
2975	0.232640
2976	0.232480
2977	0.232320
2978	0.232160
2979	0.232000
2980	0.231839
2981	0.231679
2982	0.231519
2983	0.231359
2984	0.231198
2985	0.231038
2986	0.230878
2987	0.230718
2988	0.230558
2989	0.230397
2990	0.230237
2991	0.230077
2992	0.229916
2993	0.229756
2994	0.229596
2995	0.229436
2996	0.229275
2997	0.229115
2998	0.228955
2999	0.228794
3000	0.228634
3001	0.228474
3002	0.228313
3003	0.228153
3004	0.227992
3005	0.227832
3006	0.227672
3007	0.227511
3008	0.227351
3009	0.227191
3010	0.227030
3011	0.226870
3012	0.226709
3013	0.226549
3014	0.226388
3015	0.226228
3016	0.226068
3017	0.225907
3018	0.225747
3019	0.225586
3020	0.225426
3021	0.225265
3022	0.225105
3023	0.224944
3024	0.224784
3025	0.224623
3026	0.224463
3027	0.224302
3028	0.224142
3029	0.223981
3030	0.223821
3031	0.223660
3032	0.223499
3033	0.223339
3034	0.223178
3035	0.223018
3036	0.222857
3037	0.222697
3038	0.222536
3039	0.222375
3040	0.222215
3041	0.222054
3042	0.221894
3043	0.221733
3044	0.221572
3045	0.221412
3046	0.221251
3047	0.221090
3048	0.220930
3049	0.220769
3050	0.220608
3051	0.220448
3052	0.220287
3053	0.220126
3054	0.219966
3055	0.219805
3056	0.219644
3057	0.219483
3058	0.219323
3059	0.219162
3060	0.219001
3061	0.218840
3062	0.218680
3063	0.218519
3064	0.218358
3065	0.218197
3066	0.218037
3067	0.217876
3068	0.217715
3069	0.217554
3070	0.217393
3071	0.217233
3072	0.217072
3073	0.216911
3074	0.216750
3075	0.216589
3076	0.216429
3077	0.216268
3078	0.216107
3079	0.215946
3080	0.215785
3081	0.215624
3082	0.215463
3083	0.215302
3084	0.215142
3085	0.214981
3086	0.214820
3087	0.214659
3088	0.214498
3089	0.214337
3090	0.214176
3091	0.214015
3092	0.213854
3093	0.213693
3094	0.213532
3095	0.213371
3096	0.213210
3097	0.213049
3098	0.212888
3099	0.212727
3100	0.212566
3101	0.212405
3102	0.212244
3103	0.212083
3104	0.211922
3105	0.211761
3106	0.211600
3107	0.211439
3108	0.211278
3109	0.211117
3110	0.210956
3111	0.210795
3112	0.210634
3113	0.210473
3114	0.210312
3115	0.210151
3116	0.209990
3117	0.209829
3118	0.209668
3119	0.209506
3120	0.209345
3121	0.209184
3122	0.209023
3123	0.208862
3124	0.208701
3125	0.208540
3126	0.208379
3127	0.208217
3128	0.208056
3129	0.207895
3130	0.207734
3131	0.207573
3132	0.207411
3133	0.207250
3134	0.207089
3135	0.206928
3136	0.206767
3137	0.206605
3138	0.206444
3139	0.206283
3140	0.206122
3141	0.205961
3142	0.205799
3143	0.205638
3144	0.205477
3145	0.205316
3146	0.205154
3147	0.204993
3148	0.204832
3149	0.204670
3150	0.204509
3151	0.204348
3152	0.204187
3153	0.204025
3154	0.203864
3155	0.203703
3156	0.203541
3157	0.203380
3158	0.203219
3159	0.203057
3160	0.202896
3161	0.202735
3162	0.202573
3163	0.202412
3164	0.202250
3165	0.202089
3166	0.201928
3167	0.201766
3168	0.201605
3169	0.201444
3170	0.201282
3171	0.201121
3172	0.200959
3173	0.200798
3174	0.200636
3175	0.200475
3176	0.200314
3177	0.200152
3178	0.199991
3179	0.199829
3180	0.199668
3181	0.199506
3182	0.199345
3183	0.199183
3184	0.199022
3185	0.198860
3186	0.198699
3187	0.198537
3188	0.198376
3189	0.198214
3190	0.198053
3191	0.197891
3192	0.197730
3193	0.197568
3194	0.197407
3195	0.197245
3196	0.197084
3197	0.196922
3198	0.196760
3199	0.196599
3200	0.196437
3201	0.196276
3202	0.196114
3203	0.195953
3204	0.195791
3205	0.195629
3206	0.195468
3207	0.195306
3208	0.195144
3209	0.194983
3210	0.194821
3211	0.194660
3212	0.194498
3213	0.194336
3214	0.194175
3215	0.194013
3216	0.193851
3217	0.193690
3218	0.193528
3219	0.193366
3220	0.193205
3221	0.193043
3222	0.192881
3223	0.192720
3224	0.192558
3225	0.192396
3226	0.192234
3227	0.192073
3228	0.191911
3229	0.191749
3230	0.191588
3231	0.191426
3232	0.191264
3233	0.191102
3234	0.190941
3235	0.190779
3236	0.190617
3237	0.190455
3238	0.190293
3239	0.190132
3240	0.189970
3241	0.189808
3242	0.189646
3243	0.189484
3244	0.189323
3245	0.189161
3246	0.188999
3247	0.188837
3248	0.188675
3249	0.188514
3250	0.188352
3251	0.188190
3252	0.188028
3253	0.187866
3254	0.187704
3255	0.187542
3256	0.187381
3257	0.187219
3258	0.187057
3259	0.186895
3260	0.186733
3261	0.186571
3262	0.186409
3263	0.186247
3264	0.186085
3265	0.185923
3266	0.185762
3267	0.185600
3268	0.185438
3269	0.185276
3270	0.185114
3271	0.184952
3272	0.184790
3273	0.184628
3274	0.184466
3275	0.184304
3276	0.184142
3277	0.183980
3278	0.183818
3279	0.183656
3280	0.183494
3281	0.183332
3282	0.183170
3283	0.183008
3284	0.182846
3285	0.182684
3286	0.182522
3287	0.182360
3288	0.182198
3289	0.182036
3290	0.181874
3291	0.181712
3292	0.181550
3293	0.181388
3294	0.181226
3295	0.181064
3296	0.180901
3297	0.180739
3298	0.180577
3299	0.180415
3300	0.180253
3301	0.180091
3302	0.179929
3303	0.179767
3304	0.179605
3305	0.179443
3306	0.179280
3307	0.179118
3308	0.178956
3309	0.178794
3310	0.178632
3311	0.178470
3312	0.178308
3313	0.178146
3314	0.177983
3315	0.177821
3316	0.177659
3317	0.177497
3318	0.177335
3319	0.177172
3320	0.177010
3321	0.176848
3322	0.176686
3323	0.176524
3324	0.176361
3325	0.176199
3326	0.176037
3327	0.175875
3328	0.175713
3329	0.175550
3330	0.175388
3331	0.175226
3332	0.175064
3333	0.174901
3334	0.174739
3335	0.174577
3336	0.174415
3337	0.174252
3338	0.174090
3339	0.173928
3340	0.173766
3341	0.173603
3342	0.173441
3343	0.173279
3344	0.173116
3345	0.172954
3346	0.172792
3347	0.172629
3348	0.172467
3349	0.172305
3350	0.172142
3351	0.171980
3352	0.171818
3353	0.171655
3354	0.171493
3355	0.171331
3356	0.171168
3357	0.171006
3358	0.170844
3359	0.170681
3360	0.170519
3361	0.170357
3362	0.170194
3363	0.170032
3364	0.169869
3365	0.169707
3366	0.169545
3367	0.169382
3368	0.169220
3369	0.169057
3370	0.168895
3371	0.168732
3372	0.168570
3373	0.168408
3374	0.168245
3375	0.168083
3376	0.167920
3377	0.167758
3378	0.167595
3379	0.167433
3380	0.167270
3381	0.167108
3382	0.166946
3383	0.166783
3384	0.166621
3385	0.166458
3386	0.166296
3387	0.166133
3388	0.165971
3389	0.165808
3390	0.165646
3391	0.165483
3392	0.165321
3393	0.165158
3394	0.164995
3395	0.164833
3396	0.164670
3397	0.164508
3398	0.164345
3399	0.164183
3400	0.164020
3401	0.163858
3402	0.163695
3403	0.163533
3404	0.163370
3405	0.163207
3406	0.163045
3407	0.162882
3408	0.162720
3409	0.162557
3410	0.162395
3411	0.162232
3412	0.162069
3413	0.161907
3414	0.161744
3415	0.161581
3416	0.161419
3417	0.161256
3418	0.161094
3419	0.160931
3420	0.160768
3421	0.160606
3422	0.160443
3423	0.160280
3424	0.160118
3425	0.159955
3426	0.159792
3427	0.159630
3428	0.159467
3429	0.159304
3430	0.159142
3431	0.158979
3432	0.158816
3433	0.158654
3434	0.158491
3435	0.158328
3436	0.158166
3437	0.158003
3438	0.157840
3439	0.157677
3440	0.157515
3441	0.157352
3442	0.157189
3443	0.157027
3444	0.156864
3445	0.156701
3446	0.156538
3447	0.156376
3448	0.156213
3449	0.156050
3450	0.155887
3451	0.155725
3452	0.155562
3453	0.155399
3454	0.155236
3455	0.155073
3456	0.154911
3457	0.154748
3458	0.154585
3459	0.154422
3460	0.154259
3461	0.154097
3462	0.153934
3463	0.153771
3464	0.153608
3465	0.153445
3466	0.153283
3467	0.153120
3468	0.152957
3469	0.152794
3470	0.152631
3471	0.152468
3472	0.152306
3473	0.152143
3474	0.151980
3475	0.151817
3476	0.151654
3477	0.151491
3478	0.151328
3479	0.151166
3480	0.151003
3481	0.150840
3482	0.150677
3483	0.150514
3484	0.150351
3485	0.150188
3486	0.150025
3487	0.149862
3488	0.149699
3489	0.149537
3490	0.149374
3491	0.149211
3492	0.149048
3493	0.148885
3494	0.148722
3495	0.148559
3496	0.148396
3497	0.148233
3498	0.148070
3499	0.147907
3500	0.147744
3501	0.147581
3502	0.147418
3503	0.147255
3504	0.147092
3505	0.146929
3506	0.146766
3507	0.146603
3508	0.146440
3509	0.146278
3510	0.146115
3511	0.145952
3512	0.145789
3513	0.145626
3514	0.145463
3515	0.145299
3516	0.145136
3517	0.144973
3518	0.144810
3519	0.144647
3520	0.144484
3521	0.144321
3522	0.144158
3523	0.143995
3524	0.143832
3525	0.143669
3526	0.143506
3527	0.143343
3528	0.143180
3529	0.143017
3530	0.142854
3531	0.142691
3532	0.142528
3533	0.142365
3534	0.142202
3535	0.142038
3536	0.141875
3537	0.141712
3538	0.141549
3539	0.141386
3540	0.141223
3541	0.141060
3542	0.140897
3543	0.140734
3544	0.140571
3545	0.140407
3546	0.140244
3547	0.140081
3548	0.139918
3549	0.139755
3550	0.139592
3551	0.139429
3552	0.139266
3553	0.139102
3554	0.138939
3555	0.138776
3556	0.138613
3557	0.138450
3558	0.138287
3559	0.138123
3560	0.137960
3561	0.137797
3562	0.137634
3563	0.137471
3564	0.137307
3565	0.137144
3566	0.136981
3567	0.136818
3568	0.136655
3569	0.136492
3570	0.136328
3571	0.136165
3572	0.136002
3573	0.135839
3574	0.135675
3575	0.135512
3576	0.135349
3577	0.135186
3578	0.135023
3579	0.134859
3580	0.134696
3581	0.134533
3582	0.134370
3583	0.134206
3584	0.134043
3585	0.133880
3586	0.133717
3587	0.133553
3588	0.133390
3589	0.133227
3590	0.133063
3591	0.132900
3592	0.132737
3593	0.132574
3594	0.132410
3595	0.132247
3596	0.132084
3597	0.131920
3598	0.131757
3599	0.131594
3600	0.131430
3601	0.131267
3602	0.131104
3603	0.130941
3604	0.130777
3605	0.130614
3606	0.130451
3607	0.130287
3608	0.130124
3609	0.129961
3610	0.129797
3611	0.129634
3612	0.129471
3613	0.129307
3614	0.129144
3615	0.128980
3616	0.128817
3617	0.128654
3618	0.128490
3619	0.128327
3620	0.128164
3621	0.128000
3622	0.127837
3623	0.127674
3624	0.127510
3625	0.127347
3626	0.127183
3627	0.127020
3628	0.126857
3629	0.126693
3630	0.126530
3631	0.126366
3632	0.126203
3633	0.126040
3634	0.125876
3635	0.125713
3636	0.125549
3637	0.125386
3638	0.125222
3639	0.125059
3640	0.124896
3641	0.124732
3642	0.124569
3643	0.124405
3644	0.124242
3645	0.124078
3646	0.123915
3647	0.123751
3648	0.123588
3649	0.123424
3650	0.123261
3651	0.123098
3652	0.122934
3653	0.122771
3654	0.122607
3655	0.122444
3656	0.122280
3657	0.122117
3658	0.121953
3659	0.121790
3660	0.121626
3661	0.121463
3662	0.121299
3663	0.121136
3664	0.120972
3665	0.120809
3666	0.120645
3667	0.120482
3668	0.120318
3669	0.120155
3670	0.119991
3671	0.119827
3672	0.119664
3673	0.119500
3674	0.119337
3675	0.119173
3676	0.119010
3677	0.118846
3678	0.118683
3679	0.118519
3680	0.118356
3681	0.118192
3682	0.118028
3683	0.117865
3684	0.117701
3685	0.117538
3686	0.117374
3687	0.117211
3688	0.117047
3689	0.116883
3690	0.116720
3691	0.116556
3692	0.116393
3693	0.116229
3694	0.116065
3695	0.115902
3696	0.115738
3697	0.115575
3698	0.115411
3699	0.115247
3700	0.115084
3701	0.114920
3702	0.114757
3703	0.114593
3704	0.114429
3705	0.114266
3706	0.114102
3707	0.113938
3708	0.113775
3709	0.113611
3710	0.113448
3711	0.113284
3712	0.113120
3713	0.112957
3714	0.112793
3715	0.112629
3716	0.112466
3717	0.112302
3718	0.112138
3719	0.111975
3720	0.111811
3721	0.111647
3722	0.111484
3723	0.111320
3724	0.111156
3725	0.110993
3726	0.110829
3727	0.110665
3728	0.110502
3729	0.110338
3730	0.110174
3731	0.110010
3732	0.109847
3733	0.109683
3734	0.109519
3735	0.109356
3736	0.109192
3737	0.109028
3738	0.108865
3739	0.108701
3740	0.108537
3741	0.108373
3742	0.108210
3743	0.108046
3744	0.107882
3745	0.107718
3746	0.107555
3747	0.107391
3748	0.107227
3749	0.107063
3750	0.106900
3751	0.106736
3752	0.106572
3753	0.106408
3754	0.106245
3755	0.106081
3756	0.105917
3757	0.105753
3758	0.105590
3759	0.105426
3760	0.105262
3761	0.105098
3762	0.104935
3763	0.104771
3764	0.104607
3765	0.104443
3766	0.104279
3767	0.104116
3768	0.103952
3769	0.103788
3770	0.103624
3771	0.103460
3772	0.103297
3773	0.103133
3774	0.102969
3775	0.102805
3776	0.102641
3777	0.102478
3778	0.102314
3779	0.102150
3780	0.101986
3781	0.101822
3782	0.101658
3783	0.101495
3784	0.101331
3785	0.101167
3786	0.101003
3787	0.100839
3788	0.100675
3789	0.100512
3790	0.100348
3791	0.100184
3792	0.100020
3793	0.099856
3794	0.099692
3795	0.099528
3796	0.099365
3797	0.099201
3798	0.099037
3799	0.098873
3800	0.098709
3801	0.098545
3802	0.098381
3803	0.098217
3804	0.098054
3805	0.097890
3806	0.097726
3807	0.097562
3808	0.097398
3809	0.097234
3810	0.097070
3811	0.096906
3812	0.096742
3813	0.096579
3814	0.096415
3815	0.096251
3816	0.096087
3817	0.095923
3818	0.095759
3819	0.095595
3820	0.095431
3821	0.095267
3822	0.095103
3823	0.094939
3824	0.094776
3825	0.094612
3826	0.094448
3827	0.094284
3828	0.094120
3829	0.093956
3830	0.093792
3831	0.093628
3832	0.093464
3833	0.093300
3834	0.093136
3835	0.092972
3836	0.092808
3837	0.092644
3838	0.092480
3839	0.092316
3840	0.092152
3841	0.091989
3842	0.091825
3843	0.091661
3844	0.091497
3845	0.091333
3846	0.091169
3847	0.091005
3848	0.090841
3849	0.090677
3850	0.090513
3851	0.090349
3852	0.090185
3853	0.090021
3854	0.089857
3855	0.089693
3856	0.089529
3857	0.089365
3858	0.089201
3859	0.089037
3860	0.088873
3861	0.088709
3862	0.088545
3863	0.088381
3864	0.088217
3865	0.088053
3866	0.087889
3867	0.087725
3868	0.087561
3869	0.087397
3870	0.087233
3871	0.087069
3872	0.086905
3873	0.086741
3874	0.086577
3875	0.086413
3876	0.086249
3877	0.086085
3878	0.085921
3879	0.085757
3880	0.085593
3881	0.085429
3882	0.085264
3883	0.085101
3884	0.084936
3885	0.084772
3886	0.084608
3887	0.084444
3888	0.084280
3889	0.084116
3890	0.083952
3891	0.083788
3892	0.083624
3893	0.083460
3894	0.083296
3895	0.083132
3896	0.082968
3897	0.082804
3898	0.082640
3899	0.082476
3900	0.082312
3901	0.082148
3902	0.081983
3903	0.081820
3904	0.081655
3905	0.081491
3906	0.081327
3907	0.081163
3908	0.080999
3909	0.080835
3910	0.080671
3911	0.080507
3912	0.080343
3913	0.080179
3914	0.080015
3915	0.079851
3916	0.079686
3917	0.079523
3918	0.079358
3919	0.079194
3920	0.079030
3921	0.078866
3922	0.078702
3923	0.078538
3924	0.078374
3925	0.078210
3926	0.078046
3927	0.077882
3928	0.077717
3929	0.077554
3930	0.077389
3931	0.077225
3932	0.077061
3933	0.076897
3934	0.076733
3935	0.076569
3936	0.076405
3937	0.076241
3938	0.076077
3939	0.075913
3940	0.075748
3941	0.075585
3942	0.075420
3943	0.075256
3944	0.075092
3945	0.074928
3946	0.074764
3947	0.074600
3948	0.074436
3949	0.074272
3950	0.074107
3951	0.073944
3952	0.073779
3953	0.073615
3954	0.073451
3955	0.073287
3956	0.073123
3957	0.072959
3958	0.072795
3959	0.072631
3960	0.072466
3961	0.072303
3962	0.072138
3963	0.071975
3964	0.071810
3965	0.071646
3966	0.071482
3967	0.071318
3968	0.071154
3969	0.070990
3970	0.070826
3971	0.070662
3972	0.070497
3973	0.070334
3974	0.070169
3975	0.070006
3976	0.069841
3977	0.069678
3978	0.069513
3979	0.069349
3980	0.069185
3981	0.069021
3982	0.068856
3983	0.068693
3984	0.068528
3985	0.068364
3986	0.068198
3987	0.068032
3988	0.067862
3989	0.067688
3990	0.067502
3991	0.067293
3992	0.067034
3993	0.066676
3994	0.066107
3995	0.065108
3996	0.063207
3997	0.059429
3998	0.051688
3999	0.035421
4000	0.000000
4001	0.000000
